titleID,peopleID
tt0035235,nm0279202
tt0060361,nm0526609
tt0069049,nm0000080
tt0100275,nm0749914
tt0100275,nm0765384
tt0110152,nm0612465
tt0111414,nm0398271
tt0111596,nm13648797
tt0112502,nm6883878
tt0130071,nm0838006
tt0137204,nm0365480
tt0137818,nm0638396
tt0170057,nm0199379
tt0176934,nm0956507
tt0182285,nm0130403
tt0182285,nm0510634
tt0182285,nm0717024
tt0184221,nm0024836
tt0185478,nm0773675
tt0188360,nm4131698
tt0192528,nm0667001
tt0194207,nm0056298
tt0199217,nm0100845
tt0224204,nm0687441
tt0230873,nm0169486
tt0231955,nm0439795
tt0252296,nm0164999
tt0252316,nm0671708
tt0254173,nm0267691
tt0254173,nm0544314
tt0254173,nm0637038
tt0261660,nm0080403
tt0269768,nm0205108
tt0270011,nm0389057
tt0271577,nm0211934
tt0271577,nm0212162
tt0272997,nm0007066
tt0275392,nm0039183
tt0276568,nm0413912
tt0277124,nm1222014
tt0280468,nm0154739
tt0283440,nm0905839
tt0283440,nm1549344
tt0295481,nm0971033
tt0303570,nm2526984
tt0305811,nm1108282
tt0308078,nm0258477
tt0308256,nm0258477
tt0315642,nm2349060
tt0328810,nm0784019
tt0331314,nm8625898
tt0337926,nm0285071
tt0339736,nm1274189
tt0346045,nm0021233
tt0357159,nm0612465
tt0359111,nm0612465
tt0359113,nm0612465
tt0359114,nm0612465
tt0360556,nm1023919
tt0364201,nm1768188
tt0365545,nm2223783
tt0369610,nm1119880
tt0376479,nm0000191
tt0389717,nm0787696
tt0400059,nm10151935
tt0400059,nm1367142
tt0400059,nm1870695
tt0400059,nm2692240
tt0400059,nm2884924
tt0400059,nm2907344
tt0400059,nm3533795
tt0400059,nm3973781
tt0400059,nm6964074
tt0400059,nm9788621
tt0404771,nm0016087
tt0420097,nm0815761
tt0420293,nm1547859
tt0422842,nm1672008
tt0427543,nm0853374
tt0443533,nm0586123
tt0449571,nm0385725
tt0451201,nm0853204
tt0451279,nm0420941
tt0460890,nm1989536
tt0461165,nm1877332
tt0462335,nm1296554
tt0465246,nm0595543
tt0470936,nm1596503
tt0475290,nm0001053
tt0475290,nm0001054
tt0475784,nm0001726
tt0475784,nm0003557
tt0475784,nm0003802
tt0475784,nm0131700
tt0475784,nm0132600
tt0475784,nm0191697
tt0475784,nm0283816
tt0475784,nm0315298
tt0475784,nm0533713
tt0475784,nm0551076
tt0475784,nm0622112
tt0475784,nm0634300
tt0475784,nm0757975
tt0475784,nm0782890
tt0475784,nm0870295
tt0475784,nm0931724
tt0475784,nm0957505
tt0475784,nm0975026
tt0475784,nm1646022
tt0475784,nm2847370
tt0475784,nm3652021
tt0475784,nm5831383
tt0478970,nm0715636
tt0490215,nm0000217
tt0491175,nm0000123
tt0491203,nm0149491
tt0493076,nm0607725
tt0493405,nm1009277
tt0498381,nm1279573
tt0564465,nm0086527
tt0658096,nm0771673
tt0658097,nm0771673
tt0658106,nm0771673
tt0658114,nm0771673
tt0658117,nm0771673
tt0658124,nm0771673
tt0658125,nm0771673
tt0658126,nm0771673
tt0658131,nm0771673
tt0658135,nm0771673
tt0658136,nm0771673
tt0703023,nm0638354
tt0765453,nm2111349
tt0775440,nm0931095
tt0787524,nm0114226
tt0790770,nm0000332
tt0800296,nm2254515
tt0802972,nm1097048
tt0803096,nm1512910
tt0810001,nm0001676
tt0810001,nm0623661
tt0810819,nm0393799
tt0821486,nm1079163
tt0825283,nm2371848
tt0825334,nm2340291
tt0835802,nm0000513
tt0837156,nm0497563
tt0838194,nm1407966
tt0848554,nm1973933
tt0848554,nm2202341
tt0850247,nm0383271
tt0850678,nm9493748
tt0859635,nm0151540
tt0862930,nm1012100
tt0874268,nm0178873
tt0884732,nm1275670
tt0891581,nm2542337
tt0906327,nm1871984
tt0914376,nm1943168
tt0915102,nm0376943
tt0918520,nm2289764
tt0918520,nm2292742
tt0918940,nm0946734
tt0932667,nm1065111
tt0936491,nm2224108
tt0937104,nm0918465
tt0937104,nm1228091
tt0937225,nm0512226
tt0960140,nm2057224
tt0964685,nm2798169
tt0972544,nm1641117
tt0974015,nm0811583
tt0977643,nm1194317
tt0984074,nm2440563
tt0995868,nm1905310
tt0995868,nm3104562
tt10001006,nm9505932
tt10001008,nm9505932
tt10001010,nm9505932
tt10001014,nm9505932
tt10001018,nm9505932
tt10001020,nm9505932
tt10001022,nm9505932
tt10001024,nm9505932
tt10001030,nm9505932
tt10001032,nm9505932
tt10001034,nm9505932
tt10001036,nm9505932
tt10001038,nm9505932
tt10001040,nm9505932
tt10001044,nm9505932
tt10001046,nm9505932
tt10001048,nm0724329
tt10001050,nm9505932
tt10001052,nm9505932
tt10001054,nm9505932
tt10001062,nm9505932
tt10001066,nm9505932
tt10001068,nm9505932
tt10001070,nm9505932
tt10001072,nm9505932
tt10001074,nm9505932
tt10001076,nm9505932
tt10001078,nm9505932
tt10001080,nm9505932
tt10001084,nm0724329
tt10001086,nm9505932
tt10001090,nm9505932
tt10001092,nm9505932
tt10001094,nm9505932
tt10001098,nm9505932
tt10001100,nm9505932
tt10001102,nm9505932
tt10001104,nm9505932
tt10001106,nm9505932
tt10001108,nm9505932
tt10001112,nm9505932
tt10001114,nm9505932
tt10001118,nm0724329
tt10001126,nm0724329
tt10001168,nm0724329
tt10001188,nm10727060
tt10001188,nm4406069
tt10001190,nm10727060
tt10001190,nm4406069
tt10001192,nm10727060
tt10001192,nm4406069
tt10001194,nm10727060
tt10001194,nm4406069
tt10001196,nm0724329
tt10001198,nm10727060
tt10001198,nm4406069
tt10001200,nm10727060
tt10001200,nm4406069
tt10001202,nm10727060
tt10001202,nm4406069
tt10001204,nm10727060
tt10001204,nm4406069
tt10001206,nm10727060
tt10001206,nm4406069
tt10001208,nm10727060
tt10001208,nm4406069
tt10001212,nm10727060
tt10001212,nm4406069
tt10001214,nm10727060
tt10001214,nm4406069
tt10001216,nm10727060
tt10001216,nm4406069
tt10001218,nm10727060
tt10001218,nm4406069
tt10001220,nm10727060
tt10001220,nm4406069
tt10001224,nm10727060
tt10001224,nm4406069
tt10001226,nm10727060
tt10001226,nm4406069
tt10001228,nm10727060
tt10001228,nm4406069
tt10001230,nm10727060
tt10001230,nm4406069
tt10001232,nm10727060
tt10001232,nm4406069
tt10001234,nm0724329
tt10001236,nm10727060
tt10001236,nm4406069
tt10001238,nm10727060
tt10001238,nm4406069
tt10001240,nm10727060
tt10001240,nm4406069
tt10001242,nm10727060
tt10001242,nm4406069
tt10001244,nm4406069
tt10001246,nm0724329
tt10001248,nm4406069
tt10001250,nm4406069
tt10001256,nm4406069
tt10001258,nm4406069
tt10001260,nm4406069
tt10001262,nm4406069
tt10001266,nm4406069
tt10001268,nm4406069
tt10001272,nm4406069
tt10001276,nm4406069
tt10001282,nm4406069
tt10001286,nm0724329
tt10001294,nm4406069
tt10001308,nm4406069
tt10001312,nm4406069
tt10001314,nm4406069
tt10001318,nm4406069
tt10001320,nm4406069
tt10001324,nm0724329
tt10001326,nm4406069
tt10001332,nm4406069
tt10001334,nm4406069
tt10001338,nm4406069
tt10001342,nm4406069
tt10001344,nm4406069
tt10001346,nm4406069
tt10001354,nm4406069
tt10001356,nm4406069
tt10001358,nm4406069
tt10001362,nm4406069
tt10001366,nm4406069
tt10001374,nm4406069
tt10001384,nm0724329
tt10001534,nm11905715
tt10001534,nm2735803
tt10001534,nm7870411
tt10001534,nm8498176
tt10001536,nm11905715
tt10001536,nm2735803
tt10001536,nm7870411
tt10001536,nm8498176
tt10001538,nm11905715
tt10001538,nm2735803
tt10001538,nm7870411
tt10001538,nm8498176
tt10001540,nm11905715
tt10001540,nm2735803
tt10001540,nm7870411
tt10001540,nm8498176
tt10001542,nm11905715
tt10001542,nm2735803
tt10001542,nm7870411
tt10001542,nm8498176
tt10001544,nm0724329
tt10001548,nm11905715
tt10001548,nm2735803
tt10001548,nm7870411
tt10001548,nm8498176
tt10001550,nm11905715
tt10001550,nm2735803
tt10001550,nm7870411
tt10001550,nm8498176
tt10001552,nm11905715
tt10001552,nm2735803
tt10001552,nm7870411
tt10001552,nm8498176
tt10001554,nm11905715
tt10001554,nm2735803
tt10001554,nm7870411
tt10001554,nm8498176
tt10001556,nm11905715
tt10001556,nm2735803
tt10001556,nm7870411
tt10001556,nm8498176
tt10001558,nm11905715
tt10001558,nm2735803
tt10001558,nm7870411
tt10001558,nm8498176
tt10001560,nm11905715
tt10001560,nm2735803
tt10001560,nm7870411
tt10001560,nm8498176
tt10001562,nm11905715
tt10001562,nm2735803
tt10001562,nm7870411
tt10001562,nm8498176
tt10001566,nm11905715
tt10001566,nm2735803
tt10001566,nm7870411
tt10001566,nm8498176
tt10001568,nm11905715
tt10001568,nm2735803
tt10001568,nm7870411
tt10001568,nm8498176
tt10001570,nm11905715
tt10001570,nm2735803
tt10001570,nm7870411
tt10001570,nm8498176
tt10001576,nm11905715
tt10001576,nm2735803
tt10001576,nm7870411
tt10001576,nm8498176
tt10001578,nm11905715
tt10001578,nm2735803
tt10001578,nm7870411
tt10001578,nm8498176
tt10001580,nm0724329
tt10001582,nm11905715
tt10001582,nm2735803
tt10001582,nm7870411
tt10001582,nm8498176
tt10001586,nm11905715
tt10001586,nm2735803
tt10001586,nm7870411
tt10001586,nm8498176
tt10001594,nm5460792
tt10001594,nm8932411
tt10001596,nm11753712
tt10001596,nm5460792
tt10001596,nm8932411
tt10001598,nm5460792
tt10001598,nm8932411
tt10001600,nm5460792
tt10001600,nm8932411
tt10001602,nm5460792
tt10001602,nm8932411
tt10001606,nm11753712
tt10001606,nm5460792
tt10001606,nm8932411
tt10001608,nm5460792
tt10001608,nm8932411
tt10001610,nm5460792
tt10001610,nm8932411
tt10001612,nm11753712
tt10001612,nm5460792
tt10001612,nm8932411
tt10001616,nm5460792
tt10001616,nm8932411
tt10001618,nm5460792
tt10001618,nm8932411
tt10001620,nm5460792
tt10001620,nm8932411
tt10001622,nm5460792
tt10001622,nm8932411
tt10001624,nm11753712
tt10001624,nm5460792
tt10001624,nm8932411
tt10001626,nm5460792
tt10001626,nm8932411
tt10001630,nm5460792
tt10001630,nm8932411
tt10001632,nm5460792
tt10001632,nm8932411
tt10001634,nm5460792
tt10001634,nm8932411
tt10001636,nm5460792
tt10001636,nm8932411
tt10001638,nm5460792
tt10001638,nm8932411
tt10001806,nm5460792
tt10001808,nm5460792
tt10001810,nm5460792
tt10001812,nm5460792
tt10001814,nm5460792
tt10001816,nm5460792
tt10001820,nm5460792
tt10001822,nm5460792
tt10001824,nm5460792
tt10001826,nm5460792
tt10001828,nm5460792
tt10001830,nm4228197
tt10001832,nm5460792
tt10001834,nm5460792
tt10001836,nm5460792
tt10001840,nm5460792
tt10001842,nm5460792
tt10001844,nm3083219
tt10001846,nm5460792
tt10001848,nm5460792
tt10001850,nm5460792
tt10001852,nm5460792
tt10001854,nm5460792
tt10001856,nm5460792
tt10001858,nm5460792
tt10001860,nm5460792
tt10001862,nm5460792
tt10001902,nm1033415
tt10001902,nm1046523
tt10001902,nm1743439
tt10001904,nm1033415
tt10001904,nm1046523
tt10001904,nm1743439
tt10001906,nm1033415
tt10001906,nm1046523
tt10001906,nm1743439
tt10001908,nm1033415
tt10001908,nm1046523
tt10001908,nm1743439
tt10001910,nm1033415
tt10001910,nm1046523
tt10001910,nm1743439
tt10001912,nm1033415
tt10001912,nm1046523
tt10001912,nm1743439
tt10001914,nm1033415
tt10001914,nm1046523
tt10001914,nm1743439
tt10001916,nm1033415
tt10001916,nm1046523
tt10001916,nm1743439
tt10001918,nm1033415
tt10001918,nm1046523
tt10001918,nm1743439
tt10001920,nm1033415
tt10001920,nm1046523
tt10001920,nm1743439
tt10001924,nm1033415
tt10001924,nm1046523
tt10001924,nm1743439
tt10001928,nm1033415
tt10001928,nm1046523
tt10001928,nm1743439
tt10001930,nm1033415
tt10001930,nm1046523
tt10001930,nm1743439
tt10001932,nm1033415
tt10001932,nm1046523
tt10001932,nm1743439
tt10001934,nm1033415
tt10001934,nm1046523
tt10001934,nm1743439
tt10001936,nm1033415
tt10001936,nm1046523
tt10001936,nm1743439
tt10001938,nm1033415
tt10001938,nm1046523
tt10001938,nm1743439
tt10001940,nm9793406
tt10001942,nm1033415
tt10001942,nm1046523
tt10001942,nm1743439
tt10001944,nm1033415
tt10001944,nm1046523
tt10001944,nm1743439
tt10001946,nm1033415
tt10001946,nm1046523
tt10001946,nm1743439
tt10001952,nm1033415
tt10001952,nm1046523
tt10001952,nm1743439
tt10001954,nm1033415
tt10001954,nm1046523
tt10001954,nm1743439
tt10001956,nm1033415
tt10001956,nm1046523
tt10001956,nm1743439
tt10001958,nm1033415
tt10001958,nm1046523
tt10001958,nm1743439
tt10001960,nm1033415
tt10001960,nm1046523
tt10001960,nm1743439
tt10001962,nm1033415
tt10001962,nm1046523
tt10001962,nm1743439
tt10001964,nm1033415
tt10001964,nm1046523
tt10001964,nm1743439
tt10001966,nm1033415
tt10001966,nm1046523
tt10001966,nm1743439
tt10001972,nm1033415
tt10001972,nm1046523
tt10001972,nm1743439
tt10001974,nm1033415
tt10001974,nm1046523
tt10001974,nm1743439
tt10001976,nm1033415
tt10001976,nm1046523
tt10001976,nm1743439
tt10001978,nm1033415
tt10001978,nm1046523
tt10001978,nm1743439
tt10001984,nm1033415
tt10001984,nm1046523
tt10001984,nm1743439
tt10001986,nm1033415
tt10001986,nm1046523
tt10001986,nm1743439
tt10001988,nm1033415
tt10001988,nm1046523
tt10001988,nm1743439
tt10001990,nm1033415
tt10001990,nm1046523
tt10001990,nm1743439
tt10001992,nm1033415
tt10001992,nm1046523
tt10001992,nm1743439
tt10001994,nm1033415
tt10001994,nm1046523
tt10001994,nm1743439
tt10001998,nm1033415
tt10001998,nm1046523
tt10001998,nm1743439
tt10002000,nm10547610
tt10002006,nm1033415
tt10002006,nm1046523
tt10002006,nm1743439
tt10002008,nm9818935
tt10002020,nm9818935
tt10002022,nm9818935
tt10002024,nm9818935
tt10002028,nm9818935
tt10002030,nm9818935
tt10002036,nm9818935
tt10002040,nm9818935
tt10002042,nm0724329
tt10002044,nm9818935
tt10002046,nm1294599
tt10002048,nm9818935
tt10002050,nm9818935
tt10002056,nm9818935
tt10002058,nm9818935
tt10002060,nm9818935
tt10002062,nm9818935
tt10002064,nm9818935
tt10002066,nm9818935
tt10002072,nm9818935
tt10002074,nm9818935
tt10002076,nm9818935
tt10002078,nm0724329
tt10002086,nm9818935
tt10002088,nm9818935
tt10002090,nm9818935
tt10002092,nm9818935
tt10002094,nm9818935
tt10002096,nm9818935
tt10002098,nm9818935
tt10002100,nm9818935
tt10002102,nm9818935
tt10002104,nm9818935
tt10002108,nm9818935
tt10002116,nm9818935
tt10002118,nm9818935
tt10002122,nm9818935
tt10002124,nm0724329
tt10002126,nm9818935
tt10002128,nm9818935
tt10002132,nm9818935
tt10002134,nm9818935
tt10002136,nm9818935
tt10002138,nm9818935
tt10002142,nm0724329
tt10002146,nm5531788
tt10002148,nm5531788
tt10002150,nm5531788
tt10002152,nm5531788
tt10002154,nm5531788
tt10002156,nm5531788
tt10002158,nm5531788
tt10002160,nm5531788
tt10002162,nm5531788
tt10002164,nm0724329
tt10002166,nm5531788
tt10002168,nm5531788
tt10002170,nm5531788
tt10002174,nm5531788
tt10002176,nm5531788
tt10002178,nm5531788
tt10002180,nm5531788
tt10002182,nm5531788
tt10002184,nm5531788
tt10002186,nm5531788
tt10002190,nm5531788
tt10002192,nm5531788
tt10002194,nm5531788
tt10002196,nm5531788
tt10002198,nm0724329
tt10002200,nm5531788
tt10002202,nm5531788
tt10002204,nm5531788
tt10002208,nm0724329
tt10002214,nm5531788
tt10002216,nm5531788
tt10002218,nm5531788
tt10002220,nm5531788
tt10002222,nm5531788
tt10002224,nm5531788
tt10002226,nm5531788
tt10002228,nm5531788
tt10002232,nm5531788
tt10002234,nm0724329
tt10002236,nm5531788
tt10002238,nm5531788
tt10002240,nm5531788
tt10002242,nm5531788
tt10002244,nm5531788
tt10002246,nm5531788
tt10002248,nm5531788
tt10002250,nm5531788
tt10002252,nm5531788
tt10002256,nm5531788
tt10002260,nm5531788
tt10002272,nm10510487
tt10002272,nm2281541
tt10002274,nm10510487
tt10002274,nm2281541
tt10002276,nm10510487
tt10002276,nm2281541
tt10002278,nm10510487
tt10002278,nm2281541
tt10002280,nm10510487
tt10002280,nm2281541
tt10002284,nm10510487
tt10002284,nm2281541
tt10002286,nm10510487
tt10002286,nm2281541
tt10002288,nm10510487
tt10002288,nm2281541
tt10002290,nm10510487
tt10002290,nm2281541
tt10002294,nm10510487
tt10002294,nm2281541
tt10002296,nm7973056
tt10002298,nm10510487
tt10002298,nm2281541
tt10002300,nm10510487
tt10002300,nm2281541
tt10002302,nm10510487
tt10002302,nm2281541
tt10002304,nm10510487
tt10002304,nm2281541
tt10002306,nm10510487
tt10002306,nm2281541
tt10002308,nm10510487
tt10002308,nm2281541
tt10002310,nm10510487
tt10002310,nm2281541
tt10002314,nm10510487
tt10002314,nm2281541
tt10002316,nm10510487
tt10002316,nm2281541
tt10002318,nm10510487
tt10002318,nm2281541
tt10002320,nm7973056
tt10002324,nm7973056
tt10002328,nm7973056
tt10002330,nm10510487
tt10002330,nm2281541
tt10002332,nm10510487
tt10002332,nm2281541
tt10002334,nm7973056
tt10002336,nm10510487
tt10002336,nm2281541
tt10002338,nm10510487
tt10002338,nm2281541
tt10002340,nm10510487
tt10002340,nm2281541
tt10002346,nm10510487
tt10002346,nm2281541
tt10002348,nm7973056
tt10002350,nm10510487
tt10002350,nm2281541
tt10002352,nm10510487
tt10002352,nm2281541
tt10002354,nm10510487
tt10002354,nm2281541
tt10002358,nm10510487
tt10002358,nm2281541
tt10002360,nm10510487
tt10002360,nm2281541
tt10002362,nm10510487
tt10002362,nm2281541
tt10002364,nm10510487
tt10002364,nm2281541
tt10002366,nm7973056
tt10002368,nm10510487
tt10002368,nm2281541
tt10002370,nm10510487
tt10002370,nm2281541
tt10002372,nm10510487
tt10002372,nm2281541
tt10002374,nm7973056
tt10002376,nm10510487
tt10002376,nm2281541
tt10002380,nm10510487
tt10002380,nm2281541
tt10002382,nm7973056
tt10002384,nm7973056
tt10002388,nm7973056
tt10002398,nm7973056
tt10002400,nm10538930
tt10002406,nm7973056
tt10002412,nm7973056
tt10002422,nm7973056
tt10002434,nm7973056
tt10002446,nm7973056
tt10002450,nm0724329
tt10002458,nm7973056
tt10002462,nm7973056
tt10002470,nm7973056
tt10002472,nm7973056
tt10002474,nm0724329
tt10002476,nm7973056
tt10002478,nm7973056
tt10002480,nm7973056
tt10002490,nm7973056
tt10002500,nm7973056
tt10002508,nm0724329
tt10002530,nm0724329
tt10002546,nm0724329
tt10002576,nm0724329
tt10002588,nm10538974
tt10002614,nm0724329
tt10002648,nm0724329
tt10002656,nm0724329
tt10002718,nm7527835
tt10002726,nm0724329
tt10002732,nm7527835
tt10002738,nm7527835
tt10002744,nm7527835
tt10002750,nm0348485
tt10002752,nm0348485
tt10002754,nm7527835
tt10002756,nm0348485
tt10002758,nm0348485
tt10002760,nm0348485
tt10002762,nm0348485
tt10002764,nm0348485
tt10002768,nm0348485
tt10002770,nm0348485
tt10002772,nm0348485
tt10002774,nm7527835
tt10002776,nm0348485
tt10002778,nm0348485
tt10002780,nm0348485
tt10002782,nm0348485
tt10002784,nm0348485
tt10002788,nm0348485
tt10002790,nm0348485
tt10002792,nm0348485
tt10002794,nm0724329
tt10002798,nm7527835
tt10002804,nm0348485
tt10002806,nm0348485
tt10002808,nm0348485
tt10002810,nm7527835
tt10002812,nm0348485
tt10002814,nm0348485
tt10002816,nm0348485
tt10002818,nm0348485
tt10002822,nm0348485
tt10002826,nm0348485
tt10002828,nm0348485
tt10002830,nm0348485
tt10002832,nm7527835
tt10002834,nm0348485
tt10002836,nm0724329
tt10002838,nm0348485
tt10002840,nm0348485
tt10002844,nm0348485
tt10002846,nm0348485
tt10002850,nm0348485
tt10002852,nm0348485
tt10002854,nm0348485
tt10002856,nm0348485
tt10002864,nm0724329
tt10002922,nm1618188
tt10002922,nm7839317
tt10002926,nm1618188
tt10002926,nm7839317
tt10002928,nm1618188
tt10002928,nm7839317
tt10002930,nm1618188
tt10002930,nm7839317
tt10002932,nm1618188
tt10002932,nm7839317
tt10002934,nm1618188
tt10002934,nm7839317
tt10002936,nm1618188
tt10002936,nm7839317
tt10002940,nm1618188
tt10002940,nm7839317
tt10002942,nm0248862
tt10002942,nm3528359
tt10002942,nm4662049
tt10002942,nm5196517
tt10002942,nm7161709
tt10002942,nm8903876
tt10002944,nm1618188
tt10002944,nm7839317
tt10002946,nm1618188
tt10002946,nm7839317
tt10002948,nm1618188
tt10002948,nm7839317
tt10002950,nm1618188
tt10002950,nm7839317
tt10002952,nm1618188
tt10002952,nm7839317
tt10002954,nm1618188
tt10002954,nm7839317
tt10002956,nm1618188
tt10002956,nm7839317
tt10002958,nm1618188
tt10002958,nm7839317
tt10002960,nm1618188
tt10002960,nm7839317
tt10002962,nm1618188
tt10002962,nm7839317
tt10002964,nm1618188
tt10002964,nm7839317
tt10002966,nm1618188
tt10002966,nm7839317
tt10002968,nm10025830
tt10002968,nm1618188
tt10002968,nm7839317
tt10002970,nm10025830
tt10002970,nm1618188
tt10002970,nm7839317
tt10002972,nm10025830
tt10002972,nm1618188
tt10002972,nm7839317
tt10002974,nm10025830
tt10002974,nm1618188
tt10002974,nm7839317
tt10002976,nm10025830
tt10002976,nm1618188
tt10002976,nm7839317
tt10002978,nm10025830
tt10002978,nm1618188
tt10002978,nm7839317
tt10002980,nm1618188
tt10002980,nm5366518
tt10002980,nm7839317
tt10002982,nm1618188
tt10002982,nm7839317
tt10002984,nm1618188
tt10002984,nm7839317
tt10002986,nm1618188
tt10002986,nm7839317
tt10002988,nm1618188
tt10002988,nm7839317
tt10002990,nm1618188
tt10002990,nm7839317
tt10002992,nm1618188
tt10002992,nm7839317
tt10002994,nm1618188
tt10002994,nm7839317
tt10002996,nm1618188
tt10002996,nm5366518
tt10002996,nm7839317
tt10002998,nm1618188
tt10002998,nm7839317
tt10003000,nm1618188
tt10003000,nm7839317
tt10003002,nm1618188
tt10003002,nm7839317
tt10003004,nm1618188
tt10003004,nm7839317
tt10003006,nm1618188
tt10003006,nm7839317
tt10003056,nm0248862
tt10003056,nm3528359
tt10003056,nm4662049
tt10003056,nm5196517
tt10003056,nm7161709
tt10003056,nm8903876
tt10003060,nm3367590
tt10003070,nm0248862
tt10003070,nm3528359
tt10003070,nm4662049
tt10003070,nm5196517
tt10003070,nm7161709
tt10003070,nm8903876
tt10003108,nm0248862
tt10003108,nm3528359
tt10003108,nm4662049
tt10003108,nm5196517
tt10003108,nm7161709
tt10003108,nm8903876
tt10003140,nm0248862
tt10003140,nm3528359
tt10003140,nm4662049
tt10003140,nm5196517
tt10003140,nm7161709
tt10003140,nm8903876
tt10003172,nm0248862
tt10003172,nm3528359
tt10003172,nm4662049
tt10003172,nm5196517
tt10003172,nm7161709
tt10003172,nm8903876
tt10003198,nm0248862
tt10003198,nm3528359
tt10003198,nm4662049
tt10003198,nm5196517
tt10003198,nm7161709
tt10003198,nm8903876
tt10003202,nm4547667
tt10003214,nm0248862
tt10003214,nm3528359
tt10003214,nm4662049
tt10003214,nm5196517
tt10003214,nm7161709
tt10003214,nm8903876
tt10003250,nm4547667
tt10003266,nm0248862
tt10003266,nm3528359
tt10003266,nm4662049
tt10003266,nm5196517
tt10003266,nm7161709
tt10003266,nm8903876
tt10003270,nm1298267
tt10003278,nm3137290
tt10003278,nm6654066
tt10003280,nm3137290
tt10003280,nm6654066
tt10003282,nm3137290
tt10003282,nm6654066
tt10003284,nm3137290
tt10003284,nm6654066
tt10003286,nm3137290
tt10003286,nm6654066
tt10003288,nm3137290
tt10003288,nm6654066
tt10003290,nm3137290
tt10003290,nm6654066
tt10003294,nm12753286
tt10003294,nm3137290
tt10003294,nm6654066
tt10003298,nm12753286
tt10003298,nm3137290
tt10003298,nm6654066
tt10003300,nm12753286
tt10003300,nm3137290
tt10003300,nm6654066
tt10003302,nm4547667
tt10003304,nm12753286
tt10003304,nm3137290
tt10003304,nm6654066
tt10003306,nm12753286
tt10003306,nm3137290
tt10003306,nm6654066
tt10003308,nm12753286
tt10003308,nm3137290
tt10003308,nm6654066
tt10003310,nm12753286
tt10003310,nm3137290
tt10003310,nm6654066
tt10003312,nm12753286
tt10003312,nm3137290
tt10003312,nm6654066
tt10003316,nm12753286
tt10003316,nm3137290
tt10003316,nm6654066
tt10003318,nm12753286
tt10003318,nm3137290
tt10003318,nm6654066
tt10003320,nm12753286
tt10003320,nm3137290
tt10003320,nm6654066
tt10003322,nm0248862
tt10003322,nm3528359
tt10003322,nm4662049
tt10003322,nm5196517
tt10003322,nm7161709
tt10003322,nm8903876
tt10003324,nm12753286
tt10003324,nm3137290
tt10003324,nm6654066
tt10003328,nm12753286
tt10003328,nm3137290
tt10003328,nm6654066
tt10003332,nm0248862
tt10003332,nm3528359
tt10003332,nm4662049
tt10003332,nm5196517
tt10003332,nm7161709
tt10003332,nm8903876
tt10003340,nm2036105
tt10003340,nm9098095
tt10003346,nm0248862
tt10003346,nm3528359
tt10003346,nm4662049
tt10003346,nm5196517
tt10003346,nm7161709
tt10003346,nm8903876
tt10003350,nm9099809
tt10003366,nm0248862
tt10003366,nm3528359
tt10003366,nm4662049
tt10003366,nm5196517
tt10003366,nm7161709
tt10003366,nm8903876
tt10003376,nm3536111
tt10003382,nm0798827
tt10003410,nm13544284
tt10003414,nm4661635
tt10003420,nm13544284
tt10003424,nm5378297
tt10003424,nm7477059
tt10003424,nm9987936
tt10003438,nm7477059
tt10003438,nm9987936
tt10003440,nm5378297
tt10003440,nm7477059
tt10003440,nm9987936
tt10003444,nm7477059
tt10003444,nm9987936
tt10003448,nm2373498
tt10003450,nm7477059
tt10003450,nm9987936
tt10003454,nm7477059
tt10003454,nm9987936
tt10003456,nm7477059
tt10003456,nm9987936
tt10003460,nm7477059
tt10003460,nm9987936
tt10003464,nm7477059
tt10003464,nm9987936
tt10003466,nm7477059
tt10003466,nm9987936
tt10003468,nm7477059
tt10003468,nm9987936
tt10003472,nm7477059
tt10003472,nm9987936
tt10003474,nm7477059
tt10003474,nm9987936
tt10003476,nm7477059
tt10003476,nm9987936
tt10003478,nm7477059
tt10003478,nm9987936
tt10003482,nm7477059
tt10003482,nm9987936
tt10003484,nm7477059
tt10003484,nm9987936
tt10003486,nm7477059
tt10003486,nm9987936
tt10003488,nm7477059
tt10003488,nm9987936
tt10003490,nm7477059
tt10003490,nm9987936
tt10003494,nm10539122
tt10003504,nm10539168
tt10003522,nm0617064
tt10003554,nm10539168
tt10003558,nm10539168
tt10003560,nm10539168
tt10003562,nm10539168
tt10003564,nm10539168
tt10003570,nm10539168
tt10003572,nm10539168
tt10003574,nm10539168
tt10003576,nm10539168
tt10003578,nm10539168
tt10003582,nm10539168
tt10003584,nm10539168
tt10003586,nm10539168
tt10003590,nm10539168
tt10003596,nm10539168
tt10003598,nm10539168
tt10003602,nm10539168
tt10003604,nm10539168
tt10003608,nm10539168
tt10003612,nm10539168
tt10003638,nm1699760
tt10003638,nm2419378
tt10003638,nm4199515
tt10003638,nm6677193
tt10003662,nm1453980
tt10003670,nm1646438
tt10003670,nm1658014
tt10003672,nm6849731
tt10003676,nm1699760
tt10003676,nm2419378
tt10003676,nm4199515
tt10003676,nm6677193
tt10003680,nm1699760
tt10003680,nm2419378
tt10003680,nm4199515
tt10003680,nm6677193
tt10003682,nm1699760
tt10003682,nm2419378
tt10003682,nm4199515
tt10003682,nm6677193
tt10003684,nm1699760
tt10003684,nm2419378
tt10003684,nm4199515
tt10003684,nm6677193
tt10003686,nm1699760
tt10003686,nm2419378
tt10003686,nm4199515
tt10003686,nm6677193
tt10003688,nm1699760
tt10003688,nm2419378
tt10003688,nm4199515
tt10003688,nm6677193
tt10003690,nm1699760
tt10003690,nm2419378
tt10003690,nm4199515
tt10003690,nm6677193
tt10003692,nm1699760
tt10003692,nm2419378
tt10003692,nm4199515
tt10003692,nm6677193
tt10003694,nm1699760
tt10003694,nm2419378
tt10003694,nm4199515
tt10003694,nm6677193
tt10003696,nm1699760
tt10003696,nm2419378
tt10003696,nm4199515
tt10003696,nm6677193
tt10003698,nm1699760
tt10003698,nm2419378
tt10003698,nm4199515
tt10003698,nm6677193
tt10003702,nm1699760
tt10003702,nm2419378
tt10003702,nm4199515
tt10003702,nm6677193
tt10003704,nm1699760
tt10003704,nm2419378
tt10003704,nm4199515
tt10003704,nm6677193
tt10003706,nm1699760
tt10003706,nm2419378
tt10003706,nm4199515
tt10003706,nm6677193
tt10003708,nm1699760
tt10003708,nm2419378
tt10003708,nm4199515
tt10003708,nm6677193
tt10003712,nm1699760
tt10003712,nm2419378
tt10003712,nm4199515
tt10003712,nm6677193
tt10003714,nm1699760
tt10003714,nm2419378
tt10003714,nm4199515
tt10003714,nm6677193
tt10003716,nm1699760
tt10003716,nm2419378
tt10003716,nm4199515
tt10003716,nm6677193
tt10003716,nm7073474
tt10003718,nm1699760
tt10003718,nm2419378
tt10003718,nm4199515
tt10003718,nm6677193
tt10003718,nm7073474
tt10003720,nm1699760
tt10003720,nm2419378
tt10003720,nm4199515
tt10003720,nm6677193
tt10003720,nm7073474
tt10003722,nm1699760
tt10003722,nm2419378
tt10003722,nm4199515
tt10003722,nm6677193
tt10003722,nm7073474
tt10003724,nm1699760
tt10003724,nm2419378
tt10003724,nm4199515
tt10003724,nm6677193
tt10003724,nm7073474
tt10003726,nm1699760
tt10003726,nm2419378
tt10003726,nm4199515
tt10003726,nm6677193
tt10003726,nm7073474
tt10003728,nm1699760
tt10003728,nm2419378
tt10003728,nm4199515
tt10003728,nm6677193
tt10003728,nm7073474
tt10003730,nm1699760
tt10003730,nm2419378
tt10003730,nm4199515
tt10003730,nm6677193
tt10003730,nm7073474
tt10003732,nm9979994
tt10003736,nm1699760
tt10003736,nm2419378
tt10003736,nm4199515
tt10003736,nm6677193
tt10003736,nm7073474
tt10003738,nm1699760
tt10003738,nm2419378
tt10003738,nm4199515
tt10003738,nm6677193
tt10003738,nm7073474
tt10003740,nm1699760
tt10003740,nm2419378
tt10003740,nm4199515
tt10003740,nm6677193
tt10003740,nm7073474
tt10003742,nm1699760
tt10003742,nm2419378
tt10003742,nm4199515
tt10003742,nm6677193
tt10003742,nm7073474
tt10003744,nm1699760
tt10003744,nm2419378
tt10003744,nm4199515
tt10003744,nm6677193
tt10003744,nm7073474
tt10003746,nm1699760
tt10003746,nm2419378
tt10003746,nm4199515
tt10003746,nm6677193
tt10003746,nm7073474
tt10003748,nm1699760
tt10003748,nm2419378
tt10003748,nm4199515
tt10003748,nm6677193
tt10003748,nm7073474
tt10003750,nm1699760
tt10003750,nm2419378
tt10003750,nm4199515
tt10003750,nm6677193
tt10003750,nm7073474
tt10003752,nm1699760
tt10003752,nm2419378
tt10003752,nm4199515
tt10003752,nm6677193
tt10003752,nm7073474
tt10003754,nm1699760
tt10003754,nm2419378
tt10003754,nm4199515
tt10003754,nm6677193
tt10003754,nm7073474
tt10003758,nm1699760
tt10003758,nm2419378
tt10003758,nm4199515
tt10003758,nm6677193
tt10003758,nm7073474
tt10003762,nm1699760
tt10003762,nm2419378
tt10003762,nm4199515
tt10003762,nm6677193
tt10003762,nm7073474
tt10003764,nm1699760
tt10003764,nm2419378
tt10003764,nm4199515
tt10003764,nm6677193
tt10003764,nm7073474
tt10003768,nm1699760
tt10003768,nm2419378
tt10003768,nm4199515
tt10003768,nm6677193
tt10003768,nm7073474
tt10003770,nm1699760
tt10003770,nm2419378
tt10003770,nm4199515
tt10003770,nm6677193
tt10003770,nm7073474
tt10003774,nm1699760
tt10003774,nm2419378
tt10003774,nm4199515
tt10003774,nm6677193
tt10003774,nm7073474
tt10003776,nm1699760
tt10003776,nm2419378
tt10003776,nm4199515
tt10003776,nm6677193
tt10003776,nm7073474
tt10003780,nm1699760
tt10003780,nm2419378
tt10003780,nm4199515
tt10003780,nm6677193
tt10003780,nm7073474
tt10003786,nm8408777
tt10003840,nm0755194
tt10003848,nm1476808
tt10003852,nm9106985
tt10003862,nm0755194
tt10003888,nm6605433
tt10003888,nm6605434
tt10003914,nm5670795
tt10003914,nm5693319
tt10003918,nm5179341
tt10003944,nm10539350
tt10003992,nm0724329
tt10004000,nm3554569
tt10004002,nm0724329
tt10004014,nm0724329
tt10004016,nm0724329
tt10004022,nm0724329
tt10004026,nm0724329
tt10004044,nm10539442
tt10004066,nm10539461
tt10004066,nm6231315
tt10004082,nm0724329
tt10004118,nm10539554
tt10004180,nm5129250
tt10004232,nm10534504
tt10004294,nm10534473
tt10004316,nm10435549
tt10004316,nm7391714
tt10004326,nm0724329
tt10004328,nm0724329
tt10004332,nm2325834
tt10004334,nm0724329
tt10004336,nm0724329
tt10004342,nm0724329
tt10004346,nm0724329
tt10004358,nm2325834
tt10004362,nm0724329
tt10004366,nm0724329
tt10004370,nm0724329
tt10004376,nm0724329
tt10004382,nm0724329
tt10004384,nm10539608
tt10004392,nm0724329
tt10004396,nm9757362
tt10004404,nm0724329
tt10004406,nm0724329
tt10004408,nm0724329
tt10004414,nm0724329
tt10004436,nm0724329
tt10004444,nm0724329
tt10004448,nm0724329
tt10004452,nm0724329
tt10004466,nm10539834
tt10004476,nm0724329
tt10004482,nm0724329
tt10004494,nm0724329
tt10004498,nm0724329
tt10004502,nm0724329
tt10004512,nm0724329
tt10004530,nm0724329
tt10004540,nm0724329
tt10004544,nm0724329
tt10004562,nm0724329
tt10004568,nm0724329
tt10004572,nm0724329
tt10004586,nm0724329
tt10004594,nm0724329
tt10004600,nm0724329
tt10004612,nm0724329
tt10004620,nm0724329
tt10004632,nm2163736
tt10004642,nm2163736
tt10004646,nm0724329
tt10004652,nm0724329
tt10004660,nm0724329
tt10004676,nm0724329
tt10004684,nm0724329
tt10004724,nm0724329
tt10004730,nm0724329
tt10004736,nm10540047
tt10004738,nm0724329
tt10004748,nm4737639
tt10004748,nm4737899
tt10004758,nm0724329
tt10004780,nm0724329
tt10004798,nm0724329
tt10004806,nm0724329
tt10004880,nm4737639
tt10004880,nm4737899
tt10004934,nm4303832
tt10004942,nm4610256
tt10004954,nm0859414
tt10004986,nm3081414
tt10005004,nm10540197
tt10005012,nm4610256
tt10005034,nm1970377
tt10005044,nm0608262
tt10005044,nm1144108
tt10005044,nm1228151
tt10005044,nm2557098
tt10005086,nm0206181
tt10005130,nm10540239
tt10005146,nm0002963
tt10005184,nm1490813
tt10005190,nm10540276
tt10005204,nm1727367
tt10005204,nm1728099
tt10005254,nm3724768
tt10005280,nm3724768
tt10005306,nm10540326
tt10005348,nm10540357
tt10005362,nm3486402
tt10005386,nm10540395
tt10005514,nm5149265
tt10005518,nm10176565
tt10005518,nm9964784
tt10005528,nm10540453
tt10005560,nm6165598
tt10005610,nm4356334
tt10005634,nm9461651
tt10005652,nm9461651
tt10005688,nm3284094
tt10005740,nm10540643
tt10005794,nm10067806
tt10005794,nm10539254
tt10005844,nm10523961
tt10005856,nm10540873
tt10005858,nm8874220
tt10005872,nm5553999
tt10005874,nm2472432
tt10005874,nm9818935
tt10005874,nm9820673
tt10005978,nm10540993
tt10005994,nm3599104
tt10006056,nm0493948
tt10006058,nm10540950
tt10006098,nm1704598
tt10006098,nm8377238
tt10006220,nm7215057
tt10006252,nm10356638
tt10006264,nm0942247
tt10006268,nm3300797
tt10006274,nm8100359
tt10006288,nm10541314
tt10006290,nm10541315
tt10006404,nm3196099
tt10006406,nm0260914
tt10006428,nm9240920
tt10006452,nm10525938
tt10006452,nm10525952
tt10006462,nm1619316
tt10006480,nm10541430
tt10006480,nm10541431
tt10006512,nm1699760
tt10006512,nm2419378
tt10006512,nm4199515
tt10006512,nm6677193
tt10006512,nm7073474
tt10006516,nm1699760
tt10006516,nm2419378
tt10006516,nm4199515
tt10006516,nm6677193
tt10006516,nm7073474
tt10006518,nm1699760
tt10006518,nm2419378
tt10006518,nm4199515
tt10006518,nm6677193
tt10006518,nm7073474
tt10006520,nm1699760
tt10006520,nm2419378
tt10006520,nm4199515
tt10006520,nm6677193
tt10006520,nm7073474
tt10006522,nm1699760
tt10006522,nm2419378
tt10006522,nm4199515
tt10006522,nm6677193
tt10006522,nm7073474
tt10006524,nm1699760
tt10006524,nm2419378
tt10006524,nm4199515
tt10006524,nm6677193
tt10006524,nm7073474
tt10006528,nm1699760
tt10006528,nm2419378
tt10006528,nm4199515
tt10006528,nm6677193
tt10006528,nm7073474
tt10006530,nm1699760
tt10006530,nm2419378
tt10006530,nm4199515
tt10006530,nm6677193
tt10006530,nm7073474
tt10006532,nm1699760
tt10006532,nm2419378
tt10006532,nm4199515
tt10006532,nm6677193
tt10006532,nm7073474
tt10006534,nm1699760
tt10006534,nm2419378
tt10006534,nm4199515
tt10006534,nm6677193
tt10006534,nm7073474
tt10006540,nm1699760
tt10006540,nm2419378
tt10006540,nm4199515
tt10006540,nm6677193
tt10006540,nm7073474
tt10006542,nm1699760
tt10006542,nm2419378
tt10006542,nm4199515
tt10006542,nm6677193
tt10006542,nm7073474
tt10006544,nm1699760
tt10006544,nm2419378
tt10006544,nm4199515
tt10006544,nm6677193
tt10006544,nm7073474
tt10006548,nm1699760
tt10006548,nm2419378
tt10006548,nm4199515
tt10006548,nm6677193
tt10006548,nm7073474
tt10006550,nm1699760
tt10006550,nm2419378
tt10006550,nm4199515
tt10006550,nm6677193
tt10006550,nm7073474
tt10006554,nm1699760
tt10006554,nm2419378
tt10006554,nm4199515
tt10006554,nm6677193
tt10006554,nm7073474
tt10006556,nm1699760
tt10006556,nm2419378
tt10006556,nm4199515
tt10006556,nm6677193
tt10006556,nm7073474
tt10006558,nm1699760
tt10006558,nm2419378
tt10006558,nm4199515
tt10006558,nm6677193
tt10006558,nm7073474
tt10006560,nm1699760
tt10006560,nm2419378
tt10006560,nm4199515
tt10006560,nm6677193
tt10006560,nm7073474
tt10006562,nm1699760
tt10006562,nm2419378
tt10006562,nm4199515
tt10006562,nm6677193
tt10006562,nm7073474
tt10006564,nm1699760
tt10006564,nm2419378
tt10006564,nm4199515
tt10006564,nm6677193
tt10006564,nm7073474
tt10006566,nm1699760
tt10006566,nm2419378
tt10006566,nm4199515
tt10006566,nm6677193
tt10006566,nm7073474
tt10006570,nm1699760
tt10006570,nm2419378
tt10006570,nm4199515
tt10006570,nm6677193
tt10006570,nm7073474
tt10006574,nm1699760
tt10006574,nm2419378
tt10006574,nm4199515
tt10006574,nm6677193
tt10006574,nm7073474
tt10006576,nm1699760
tt10006576,nm2419378
tt10006576,nm4199515
tt10006576,nm6677193
tt10006576,nm7073474
tt10006578,nm1699760
tt10006578,nm2419378
tt10006578,nm4199515
tt10006578,nm6677193
tt10006578,nm7073474
tt10006580,nm1699760
tt10006580,nm2419378
tt10006580,nm4199515
tt10006580,nm6677193
tt10006580,nm7073474
tt10006582,nm1699760
tt10006582,nm2419378
tt10006582,nm4199515
tt10006582,nm6677193
tt10006582,nm7073474
tt10006586,nm1699760
tt10006586,nm2419378
tt10006586,nm4199515
tt10006586,nm6677193
tt10006586,nm7073474
tt10006588,nm1699760
tt10006588,nm2419378
tt10006588,nm4199515
tt10006588,nm6677193
tt10006588,nm7073474
tt10006592,nm1699760
tt10006592,nm2419378
tt10006592,nm4199515
tt10006592,nm6677193
tt10006594,nm1699760
tt10006594,nm2419378
tt10006594,nm4199515
tt10006594,nm6677193
tt10006596,nm1699760
tt10006596,nm2419378
tt10006596,nm4199515
tt10006596,nm6677193
tt10006598,nm1699760
tt10006598,nm2419378
tt10006598,nm4199515
tt10006598,nm6677193
tt10006600,nm1699760
tt10006600,nm2419378
tt10006600,nm4199515
tt10006600,nm6677193
tt10006604,nm1699760
tt10006604,nm2419378
tt10006604,nm4199515
tt10006604,nm6677193
tt10006606,nm1699760
tt10006606,nm2419378
tt10006606,nm4199515
tt10006606,nm6677193
tt10006610,nm1699760
tt10006610,nm2419378
tt10006610,nm4199515
tt10006610,nm6677193
tt10006612,nm1699760
tt10006612,nm2419378
tt10006612,nm4199515
tt10006612,nm6677193
tt10006614,nm1699760
tt10006614,nm2419378
tt10006614,nm4199515
tt10006614,nm6677193
tt10006616,nm1699760
tt10006616,nm2419378
tt10006616,nm4199515
tt10006616,nm6677193
tt10006620,nm1699760
tt10006620,nm2419378
tt10006620,nm4199515
tt10006620,nm6677193
tt10006622,nm1699760
tt10006622,nm2419378
tt10006622,nm4199515
tt10006622,nm6677193
tt10006624,nm1699760
tt10006624,nm2419378
tt10006624,nm4199515
tt10006624,nm6677193
tt10006628,nm1699760
tt10006628,nm2419378
tt10006628,nm4199515
tt10006628,nm6677193
tt10006630,nm1699760
tt10006630,nm2419378
tt10006630,nm4199515
tt10006630,nm6677193
tt10006632,nm1699760
tt10006632,nm2419378
tt10006632,nm4199515
tt10006632,nm6677193
tt10006634,nm1699760
tt10006634,nm2419378
tt10006634,nm4199515
tt10006634,nm6677193
tt10006636,nm1699760
tt10006636,nm2419378
tt10006636,nm4199515
tt10006636,nm6677193
tt10006638,nm1699760
tt10006638,nm2419378
tt10006638,nm4199515
tt10006638,nm6677193
tt10006642,nm10539168
tt10006646,nm10539168
tt10006652,nm10539168
tt10006654,nm10539168
tt10006656,nm10539168
tt10006658,nm10539168
tt10006660,nm10539168
tt10006662,nm10539168
tt10006664,nm10539168
tt10006666,nm10539168
tt10006670,nm10539168
tt10006672,nm10539168
tt10006674,nm10539168
tt10006676,nm10539168
tt10006678,nm10539168
tt10006680,nm10539168
tt10006682,nm10539168
tt10006684,nm10541481
tt10006686,nm10539168
tt10006688,nm10539168
tt10006694,nm10539168
tt10006700,nm7477059
tt10006700,nm9987936
tt10006702,nm7477059
tt10006702,nm9987936
tt10006704,nm7477059
tt10006704,nm9987936
tt10006708,nm7477059
tt10006708,nm9987936
tt10006710,nm7477059
tt10006710,nm9987936
tt10006712,nm7477059
tt10006712,nm9987936
tt10006714,nm7477059
tt10006714,nm9987936
tt10006716,nm7477059
tt10006716,nm9987936
tt10006718,nm7477059
tt10006718,nm9987936
tt10006720,nm7477059
tt10006720,nm9987936
tt10006722,nm7477059
tt10006722,nm9987936
tt10006724,nm7477059
tt10006724,nm9987936
tt10006726,nm7477059
tt10006726,nm9987936
tt10006728,nm7477059
tt10006728,nm9987936
tt10006730,nm7477059
tt10006730,nm9987936
tt10006732,nm7477059
tt10006732,nm9987936
tt10006734,nm9013597
tt10006736,nm7477059
tt10006736,nm9987936
tt10006740,nm7477059
tt10006740,nm9987936
tt10006742,nm7477059
tt10006742,nm9987936
tt10006744,nm7477059
tt10006744,nm9987936
tt10006750,nm3888136
tt10006766,nm12753286
tt10006766,nm3137290
tt10006766,nm6654066
tt10006770,nm12753286
tt10006770,nm3137290
tt10006770,nm6654066
tt10006772,nm12753286
tt10006772,nm3137290
tt10006772,nm6654066
tt10006774,nm12753286
tt10006774,nm3137290
tt10006774,nm6654066
tt10006778,nm12753286
tt10006778,nm3137290
tt10006778,nm6654066
tt10006780,nm12753286
tt10006780,nm3137290
tt10006780,nm6654066
tt10006782,nm12753286
tt10006782,nm3137290
tt10006782,nm6654066
tt10006784,nm12753286
tt10006784,nm3137290
tt10006784,nm6654066
tt10006786,nm12753286
tt10006786,nm3137290
tt10006786,nm6654066
tt10006790,nm12753286
tt10006790,nm3137290
tt10006790,nm6654066
tt10006794,nm12753286
tt10006794,nm3137290
tt10006794,nm6654066
tt10006796,nm12753286
tt10006796,nm3137290
tt10006796,nm6654066
tt10006798,nm12753286
tt10006798,nm3137290
tt10006798,nm6654066
tt10006802,nm12753286
tt10006802,nm3137290
tt10006802,nm6654066
tt10006804,nm12753286
tt10006804,nm3137290
tt10006804,nm6654066
tt10006808,nm12753286
tt10006808,nm3137290
tt10006808,nm6654066
tt10006810,nm12753286
tt10006810,nm3137290
tt10006810,nm6654066
tt10006812,nm12753286
tt10006812,nm3137290
tt10006812,nm6654066
tt10006814,nm12753286
tt10006814,nm3137290
tt10006814,nm6654066
tt10006816,nm12753286
tt10006816,nm3137290
tt10006816,nm6654066
tt10006874,nm10211155
tt10007080,nm1618188
tt10007080,nm7839317
tt10007086,nm1618188
tt10007086,nm7839317
tt10007088,nm1618188
tt10007088,nm7839317
tt10007090,nm1618188
tt10007090,nm7839317
tt10007092,nm1618188
tt10007092,nm5366518
tt10007092,nm7839317
tt10007094,nm1618188
tt10007094,nm7839317
tt10007096,nm1618188
tt10007096,nm5366518
tt10007096,nm7839317
tt10007098,nm1618188
tt10007098,nm7839317
tt10007102,nm1618188
tt10007102,nm7839317
tt10007104,nm1618188
tt10007104,nm7839317
tt10007106,nm1618188
tt10007106,nm7839317
tt10007108,nm1618188
tt10007108,nm7839317
tt10007112,nm1618188
tt10007112,nm7839317
tt10007114,nm1618188
tt10007114,nm7839317
tt10007116,nm1618188
tt10007116,nm7839317
tt10007120,nm1618188
tt10007120,nm7839317
tt10007122,nm1618188
tt10007122,nm7839317
tt10007124,nm1618188
tt10007124,nm7839317
tt10007126,nm1618188
tt10007126,nm7839317
tt10007128,nm1618188
tt10007128,nm7839317
tt10007130,nm1618188
tt10007130,nm7839317
tt10007132,nm1618188
tt10007132,nm7839317
tt10007134,nm1618188
tt10007134,nm7839317
tt10007136,nm1618188
tt10007136,nm7839317
tt10007138,nm1618188
tt10007138,nm7839317
tt10007140,nm1618188
tt10007140,nm7839317
tt10007142,nm1618188
tt10007142,nm7839317
tt10007146,nm1618188
tt10007146,nm7839317
tt10007148,nm1618188
tt10007148,nm7839317
tt10007150,nm1618188
tt10007150,nm7839317
tt10007152,nm1618188
tt10007152,nm7839317
tt10007154,nm1618188
tt10007154,nm7839317
tt10007156,nm1618188
tt10007156,nm7839317
tt10007158,nm1618188
tt10007158,nm7839317
tt10007160,nm6786705
tt10007210,nm0348485
tt10007212,nm0348485
tt10007214,nm0348485
tt10007216,nm0348485
tt10007218,nm0348485
tt10007220,nm0348485
tt10007222,nm0348485
tt10007224,nm0348485
tt10007226,nm0348485
tt10007228,nm0348485
tt10007230,nm0348485
tt10007232,nm0348485
tt10007234,nm0348485
tt10007236,nm0348485
tt10007240,nm0348485
tt10007242,nm0348485
tt10007244,nm0348485
tt10007246,nm0348485
tt10007248,nm0348485
tt10007250,nm0348485
tt10007308,nm9223814
tt10007326,nm10261045
tt10007484,nm10510487
tt10007484,nm2281541
tt10007486,nm10510487
tt10007486,nm2281541
tt10007488,nm10510487
tt10007488,nm2281541
tt10007490,nm10510487
tt10007490,nm2281541
tt10007492,nm10510487
tt10007492,nm2281541
tt10007494,nm10510487
tt10007494,nm2281541
tt10007496,nm10510487
tt10007496,nm2281541
tt10007498,nm10510487
tt10007498,nm2281541
tt10007500,nm10510487
tt10007500,nm2281541
tt10007502,nm10510487
tt10007502,nm2281541
tt10007504,nm10510487
tt10007504,nm2281541
tt10007506,nm10510487
tt10007506,nm2281541
tt10007508,nm10510487
tt10007508,nm2281541
tt10007510,nm10510487
tt10007510,nm2281541
tt10007512,nm10510487
tt10007512,nm2281541
tt10007514,nm10510487
tt10007514,nm2281541
tt10007516,nm10510487
tt10007516,nm2281541
tt10007518,nm10510487
tt10007518,nm2281541
tt10007520,nm10510487
tt10007520,nm2281541
tt10007524,nm10510487
tt10007524,nm2281541
tt10007530,nm10510487
tt10007530,nm2281541
tt10007532,nm10510487
tt10007532,nm2281541
tt10007534,nm10510487
tt10007534,nm2281541
tt10007536,nm10510487
tt10007536,nm2281541
tt10007538,nm10510487
tt10007538,nm2281541
tt10007540,nm10510487
tt10007540,nm2281541
tt10007542,nm10510487
tt10007542,nm2281541
tt10007546,nm10510487
tt10007546,nm2281541
tt10007548,nm10510487
tt10007548,nm2281541
tt10007552,nm10510487
tt10007552,nm2281541
tt10007554,nm10510487
tt10007554,nm2281541
tt10007556,nm10510487
tt10007556,nm2281541
tt10007558,nm10510487
tt10007558,nm2281541
tt10007560,nm10510487
tt10007560,nm2281541
tt10007562,nm10510487
tt10007562,nm2281541
tt10007564,nm10510487
tt10007564,nm2281541
tt10007566,nm10510487
tt10007566,nm2281541
tt10007568,nm10510487
tt10007568,nm2281541
tt10007570,nm10510487
tt10007570,nm2281541
tt10007574,nm10510487
tt10007574,nm2281541
tt10007582,nm5531788
tt10007586,nm5531788
tt10007590,nm5531788
tt10007592,nm5531788
tt10007594,nm5531788
tt10007596,nm5531788
tt10007598,nm5531788
tt10007600,nm5531788
tt10007602,nm5531788
tt10007604,nm5531788
tt10007608,nm5531788
tt10007610,nm5531788
tt10007612,nm5531788
tt10007614,nm5531788
tt10007616,nm5531788
tt10007618,nm5531788
tt10007620,nm5531788
tt10007622,nm5531788
tt10007624,nm5531788
tt10007626,nm5531788
tt10007634,nm10261045
tt10007636,nm8377238
tt10007642,nm9818935
tt10007644,nm9818935
tt10007646,nm9818935
tt10007648,nm9818935
tt10007650,nm9818935
tt10007652,nm9818935
tt10007654,nm9818935
tt10007658,nm9818935
tt10007660,nm9818935
tt10007662,nm9818935
tt10007664,nm8377238
tt10007668,nm9818935
tt10007670,nm9818935
tt10007672,nm9818935
tt10007676,nm9818935
tt10007678,nm9818935
tt10007680,nm9818935
tt10007682,nm9818935
tt10007684,nm9818935
tt10007686,nm9818935
tt10007688,nm9818935
tt10007690,nm8377238
tt10007692,nm9818935
tt10007694,nm1704598
tt10007696,nm9818935
tt10007700,nm9818935
tt10007702,nm9818935
tt10007704,nm9818935
tt10007706,nm9818935
tt10007710,nm9818935
tt10007712,nm9818935
tt10007714,nm9818935
tt10007716,nm9818935
tt10007720,nm1704598
tt10007722,nm9818935
tt10007724,nm9818935
tt10007726,nm9818935
tt10007728,nm9818935
tt10007730,nm9818935
tt10007732,nm9818935
tt10007734,nm9818935
tt10007736,nm9818935
tt10007738,nm9818935
tt10007740,nm1704598
tt10007742,nm9818935
tt10007744,nm1704598
tt10007746,nm1033415
tt10007746,nm1046523
tt10007746,nm1743439
tt10007748,nm1033415
tt10007748,nm1046523
tt10007748,nm1743439
tt10007750,nm1033415
tt10007750,nm1046523
tt10007750,nm1743439
tt10007752,nm1033415
tt10007752,nm1046523
tt10007752,nm1743439
tt10007754,nm1033415
tt10007754,nm1046523
tt10007754,nm1743439
tt10007756,nm1033415
tt10007756,nm1046523
tt10007756,nm1743439
tt10007760,nm1033415
tt10007760,nm1046523
tt10007760,nm1743439
tt10007762,nm1033415
tt10007762,nm1046523
tt10007762,nm1743439
tt10007764,nm1033415
tt10007764,nm1046523
tt10007764,nm1743439
tt10007766,nm1033415
tt10007766,nm1046523
tt10007766,nm1743439
tt10007768,nm1033415
tt10007768,nm1046523
tt10007768,nm1743439
tt10007770,nm1033415
tt10007770,nm1046523
tt10007770,nm1743439
tt10007772,nm1033415
tt10007772,nm1046523
tt10007772,nm1743439
tt10007774,nm1033415
tt10007774,nm1046523
tt10007774,nm1743439
tt10007776,nm1033415
tt10007776,nm1046523
tt10007776,nm1743439
tt10007778,nm1033415
tt10007778,nm1046523
tt10007778,nm1743439
tt10007782,nm1033415
tt10007782,nm1046523
tt10007782,nm1743439
tt10007784,nm1033415
tt10007784,nm1046523
tt10007784,nm1743439
tt10007786,nm1033415
tt10007786,nm1046523
tt10007786,nm1743439
tt10007788,nm1033415
tt10007788,nm1046523
tt10007788,nm1743439
tt10007790,nm1260845
tt10007792,nm1033415
tt10007792,nm1046523
tt10007792,nm1743439
tt10007796,nm1033415
tt10007796,nm1046523
tt10007796,nm1743439
tt10007800,nm1033415
tt10007800,nm1046523
tt10007800,nm1743439
tt10007802,nm1033415
tt10007802,nm1046523
tt10007802,nm1743439
tt10007804,nm1033415
tt10007804,nm1046523
tt10007804,nm1743439
tt10007806,nm1033415
tt10007806,nm1046523
tt10007806,nm1743439
tt10007808,nm1033415
tt10007808,nm1046523
tt10007808,nm1743439
tt10007818,nm1033415
tt10007818,nm1046523
tt10007818,nm1743439
tt10007824,nm10541810
tt10007826,nm1033415
tt10007826,nm1046523
tt10007826,nm1743439
tt10007828,nm1033415
tt10007828,nm1046523
tt10007828,nm1743439
tt10007834,nm1033415
tt10007834,nm1046523
tt10007834,nm1743439
tt10007836,nm1033415
tt10007836,nm1046523
tt10007836,nm1743439
tt10007838,nm1033415
tt10007838,nm1046523
tt10007838,nm1743439
tt10007840,nm1033415
tt10007840,nm1046523
tt10007840,nm1743439
tt10007842,nm1033415
tt10007842,nm1046523
tt10007842,nm1743439
tt10007844,nm1033415
tt10007844,nm1046523
tt10007844,nm1743439
tt10007846,nm1033415
tt10007846,nm1046523
tt10007846,nm1743439
tt10007848,nm1033415
tt10007848,nm1046523
tt10007848,nm1743439
tt10007850,nm1033415
tt10007850,nm1046523
tt10007850,nm1743439
tt10007852,nm1033415
tt10007852,nm1046523
tt10007852,nm1743439
tt10007854,nm1033415
tt10007854,nm1046523
tt10007854,nm1743439
tt10007856,nm1033415
tt10007856,nm1046523
tt10007856,nm1743439
tt10007858,nm1033415
tt10007858,nm1046523
tt10007858,nm1743439
tt10007860,nm1033415
tt10007860,nm1046523
tt10007860,nm1743439
tt10007862,nm1033415
tt10007862,nm1046523
tt10007862,nm1743439
tt10007866,nm1033415
tt10007866,nm1046523
tt10007866,nm1743439
tt10007868,nm1033415
tt10007868,nm1046523
tt10007868,nm1743439
tt10007870,nm1033415
tt10007870,nm1046523
tt10007870,nm1743439
tt10007872,nm1033415
tt10007872,nm1046523
tt10007872,nm1743439
tt10007874,nm1033415
tt10007874,nm1046523
tt10007874,nm1743439
tt10007878,nm1033415
tt10007878,nm1046523
tt10007878,nm1743439
tt10007880,nm1033415
tt10007880,nm1046523
tt10007880,nm1743439
tt10007932,nm1520944
tt10007980,nm8592613
tt10008008,nm7617301
tt10008046,nm5460792
tt10008046,nm8932411
tt10008048,nm5460792
tt10008048,nm8932411
tt10008050,nm5460792
tt10008050,nm8932411
tt10008052,nm5460792
tt10008052,nm8932411
tt10008054,nm5460792
tt10008054,nm8932411
tt10008058,nm5460792
tt10008058,nm8932411
tt10008060,nm5460792
tt10008060,nm8932411
tt10008062,nm5460792
tt10008062,nm8932411
tt10008064,nm5460792
tt10008064,nm8932411
tt10008066,nm5460792
tt10008066,nm8932411
tt10008068,nm5460792
tt10008068,nm8932411
tt10008070,nm5460792
tt10008070,nm8932411
tt10008072,nm5460792
tt10008072,nm8932411
tt10008074,nm11753712
tt10008074,nm5460792
tt10008074,nm8932411
tt10008076,nm11905715
tt10008076,nm2735803
tt10008076,nm7870411
tt10008076,nm8498176
tt10008078,nm11905715
tt10008078,nm2735803
tt10008078,nm7870411
tt10008078,nm8498176
tt10008080,nm11905715
tt10008080,nm2735803
tt10008080,nm7870411
tt10008080,nm8498176
tt10008082,nm11905715
tt10008082,nm2735803
tt10008082,nm7870411
tt10008082,nm8498176
tt10008084,nm11905715
tt10008084,nm2735803
tt10008084,nm7870411
tt10008084,nm8498176
tt10008086,nm11905715
tt10008086,nm2735803
tt10008086,nm7870411
tt10008086,nm8498176
tt10008088,nm11905715
tt10008088,nm2735803
tt10008088,nm7870411
tt10008088,nm8498176
tt10008090,nm11905715
tt10008090,nm2735803
tt10008090,nm7870411
tt10008090,nm8498176
tt10008092,nm11905715
tt10008092,nm2735803
tt10008092,nm7870411
tt10008092,nm8498176
tt10008094,nm1557672
tt10008096,nm10997770
tt10008096,nm11583695
tt10008096,nm11583696
tt10008096,nm1161122
tt10008096,nm1558213
tt10008096,nm2360149
tt10008096,nm2917725
tt10008096,nm3753170
tt10008096,nm4303335
tt10008096,nm4901685
tt10008096,nm5714326
tt10008096,nm5963536
tt10008096,nm8133834
tt10008096,nm9469631
tt10008098,nm11905715
tt10008098,nm2735803
tt10008098,nm7870411
tt10008098,nm8498176
tt10008100,nm11905715
tt10008100,nm2735803
tt10008100,nm7870411
tt10008100,nm8498176
tt10008102,nm11905715
tt10008102,nm2735803
tt10008102,nm7870411
tt10008102,nm8498176
tt10008104,nm10541870
tt10008106,nm11905715
tt10008106,nm2735803
tt10008106,nm7870411
tt10008106,nm8498176
tt10008108,nm11905715
tt10008108,nm2735803
tt10008108,nm7870411
tt10008108,nm8498176
tt10008110,nm11905715
tt10008110,nm2735803
tt10008110,nm7870411
tt10008110,nm8498176
tt10008114,nm11905715
tt10008114,nm2735803
tt10008114,nm7870411
tt10008114,nm8498176
tt10008116,nm11905715
tt10008116,nm2735803
tt10008116,nm7870411
tt10008116,nm8498176
tt10008120,nm11905715
tt10008120,nm2735803
tt10008120,nm7870411
tt10008120,nm8498176
tt10008122,nm11905715
tt10008122,nm2735803
tt10008122,nm7870411
tt10008122,nm8498176
tt10008124,nm11905715
tt10008124,nm2735803
tt10008124,nm7870411
tt10008124,nm8498176
tt10008172,nm5383631
tt10008184,nm4406069
tt10008186,nm5674756
tt10008190,nm4406069
tt10008192,nm4406069
tt10008194,nm4406069
tt10008196,nm4406069
tt10008202,nm4406069
tt10008204,nm4406069
tt10008206,nm4406069
tt10008208,nm4406069
tt10008210,nm4406069
tt10008212,nm4406069
tt10008214,nm4406069
tt10008216,nm4406069
tt10008218,nm4406069
tt10008220,nm4406069
tt10008224,nm4406069
tt10008228,nm4406069
tt10008230,nm4406069
tt10008296,nm5383631
tt10008298,nm9505932
tt10008300,nm9505932
tt10008308,nm9505932
tt10008310,nm9505932
tt10008312,nm9505932
tt10008314,nm9505932
tt10008316,nm9505932
tt10008318,nm9505932
tt10008322,nm9505932
tt10008324,nm9505932
tt10008326,nm9505932
tt10008328,nm9505932
tt10008330,nm9505932
tt10008332,nm9505932
tt10008334,nm9505932
tt10008338,nm9505932
tt10008340,nm9505932
tt10008342,nm9505932
tt10008346,nm9505932
tt10008348,nm5674756
tt10008350,nm9505932
tt10008352,nm9505932
tt10008354,nm9505932
tt10008358,nm9505932
tt10008360,nm9505932
tt10008362,nm9505932
tt10008364,nm9505932
tt10008366,nm9505932
tt10008368,nm9505932
tt10008370,nm9505932
tt10008372,nm9505932
tt10008374,nm9505932
tt10008376,nm9505932
tt10008378,nm9505932
tt10008380,nm9505932
tt10008382,nm9505932
tt10008384,nm9505932
tt10008386,nm9505932
tt10008388,nm9505932
tt10008390,nm9505932
tt10008392,nm9505932
tt10008440,nm0921491
tt10008470,nm1687117
tt10008588,nm2281085
tt10008620,nm10542023
tt10008702,nm3568235
tt10008724,nm2116486
tt10008746,nm5674756
tt10008750,nm10542060
tt10008780,nm5674756
tt10008810,nm10542088
tt10008814,nm2325834
tt10008842,nm2998356
tt10008876,nm3081414
tt10008888,nm0305531
tt10008888,nm2723497
tt10008888,nm3044317
tt10008896,nm5674756
tt10008900,nm10467223
tt10008902,nm0891919
tt10008902,nm2575667
tt10008906,nm0305531
tt10008906,nm2723497
tt10008906,nm3044317
tt10008910,nm0891919
tt10008910,nm2575667
tt10008918,nm0891919
tt10008918,nm2575667
tt10008924,nm10530992
tt10008928,nm0305531
tt10008928,nm2723497
tt10008928,nm3044317
tt10008930,nm0891919
tt10008930,nm2575667
tt10008932,nm5674756
tt10008936,nm0305531
tt10008936,nm2723497
tt10008936,nm3044317
tt10008938,nm0891919
tt10008938,nm2575667
tt10008940,nm0891919
tt10008940,nm2575667
tt10008946,nm0891919
tt10008946,nm2575667
tt10008958,nm0891919
tt10008958,nm2575667
tt10008960,nm0305531
tt10008960,nm2723497
tt10008960,nm3044317
tt10008964,nm0891919
tt10008964,nm2575667
tt10008966,nm9132599
tt10008970,nm0305531
tt10008970,nm2723497
tt10008970,nm3044317
tt10008976,nm0891919
tt10008976,nm2575667
tt10008980,nm0891919
tt10008980,nm2575667
tt10008986,nm0305531
tt10008986,nm2723497
tt10008986,nm3044317
tt10008990,nm0891919
tt10008990,nm2575667
tt10008994,nm0305531
tt10008994,nm2723497
tt10008994,nm3044317
tt10009000,nm0891919
tt10009000,nm2575667
tt10009006,nm0305531
tt10009006,nm2723497
tt10009006,nm3044317
tt10009010,nm0305531
tt10009010,nm2723497
tt10009010,nm3044317
tt10009018,nm0305531
tt10009018,nm2723497
tt10009018,nm3044317
tt10009024,nm5674756
tt10009036,nm0305531
tt10009036,nm2723497
tt10009036,nm3044317
tt10009042,nm0305531
tt10009042,nm2723497
tt10009042,nm3044317
tt10009062,nm0305531
tt10009062,nm2723497
tt10009062,nm3044317
tt10009090,nm0305531
tt10009090,nm2723497
tt10009090,nm3044317
tt10009100,nm5674756
tt10009106,nm0305531
tt10009106,nm2723497
tt10009106,nm3044317
tt10009138,nm3081414
tt10009162,nm10542211
tt10009162,nm8366030
tt10009168,nm0305531
tt10009168,nm2723497
tt10009168,nm3044317
tt10009194,nm2281085
tt10009224,nm2281085
tt10009248,nm0838564
tt10009288,nm2281085
tt10009316,nm2281085
tt10009344,nm8083821
tt10009346,nm10540380
tt10009372,nm10542361
tt10009422,nm2616091
tt10009428,nm10530992
tt10009442,nm7972263
tt10009452,nm0102606
tt10009464,nm7972263
tt10009472,nm10530992
tt10009476,nm8127633
tt10009482,nm10261045
tt10009586,nm10518333
tt10009588,nm2036105
tt10009588,nm9098095
tt10009596,nm5966642
tt10009602,nm10542507
tt10009612,nm2281085
tt10009698,nm2281085
tt10009738,nm2281085
tt10009798,nm5673226
tt10009806,nm1970377
tt10009826,nm0608262
tt10009826,nm1144108
tt10009826,nm1228151
tt10009826,nm2557098
tt10009890,nm0608262
tt10009890,nm1144108
tt10009890,nm1228151
tt10009890,nm2557098
tt10009896,nm10542663
tt10009920,nm7716871
tt10009952,nm0608262
tt10009952,nm1144108
tt10009952,nm1228151
tt10009952,nm2557098
tt10009960,nm10542707
tt10009960,nm3461817
tt10010010,nm4132195
tt10010020,nm0608262
tt10010020,nm1144108
tt10010020,nm1228151
tt10010020,nm2557098
tt10010052,nm3545981
tt10010062,nm3545981
tt10010070,nm3545981
tt10010074,nm3545981
tt10010078,nm0206181
tt10010082,nm3545981
tt10010086,nm3545981
tt10010108,nm0608262
tt10010108,nm1144108
tt10010108,nm1228151
tt10010108,nm2557098
tt10010112,nm0608262
tt10010112,nm1144108
tt10010112,nm1228151
tt10010112,nm2557098
tt10010114,nm0206181
tt10010116,nm3597657
tt10010116,nm3766090
tt10010122,nm0206181
tt10010128,nm0206181
tt10010160,nm0206181
tt10010164,nm0206181
tt10010168,nm0206181
tt10010170,nm0608262
tt10010170,nm1144108
tt10010170,nm1228151
tt10010170,nm2557098
tt10010182,nm0206181
tt10010186,nm0206181
tt10010194,nm0206181
tt10010214,nm0295649
tt10010214,nm0994453
tt10010226,nm10540033
tt10010232,nm1022180
tt10010238,nm3381955
tt10010242,nm3381955
tt10010248,nm1022180
tt10010260,nm3381955
tt10010266,nm3381955
tt10010284,nm3381955
tt10010290,nm8256411
tt10010292,nm3381955
tt10010296,nm3381955
tt10010302,nm4132195
tt10010304,nm3381955
tt10010306,nm3381955
tt10010330,nm8209941
tt10010332,nm1022180
tt10010346,nm9438213
tt10010354,nm1022180
tt10010378,nm9982204
tt10010380,nm10174324
tt10010380,nm10542974
tt10010380,nm10542975
tt10010402,nm1022180
tt10010424,nm10542986
tt10010462,nm1022180
tt10010474,nm3218934
tt10010502,nm0716943
tt10010634,nm0329183
tt10010638,nm3218934
tt10010672,nm10543134
tt10010674,nm0437654
tt10010676,nm6131514
tt10010772,nm1948048
tt10010792,nm8280365
tt10010798,nm10543216
tt10010814,nm6379345
tt10010820,nm10543247
tt10010838,nm9349883
tt10010906,nm12143373
tt10010910,nm10543401
tt10010910,nm6905565
tt10010916,nm1361162
tt10010916,nm5631359
tt10010920,nm10558751
tt10010924,nm1083521
tt10010994,nm9980718
tt10011030,nm1569766
tt10011032,nm1569766
tt10011034,nm1569766
tt10011038,nm1569766
tt10011046,nm1569766
tt10011050,nm1569766
tt10011062,nm1569766
tt10011068,nm1569766
tt10011070,nm1569766
tt10011076,nm1569766
tt10011084,nm1569766
tt10011092,nm1569766
tt10011094,nm1569766
tt10011114,nm9530936
tt10011128,nm10543538
tt10011130,nm2890579
tt10011138,nm3611190
tt10011138,nm8725247
tt10011142,nm10540950
tt10011146,nm3851266
tt10011148,nm10543572
tt10011164,nm1506899
tt10011206,nm8613948
tt10011220,nm2412547
tt10011222,nm1254338
tt10011234,nm5238082
tt10011238,nm3138244
tt10011246,nm5772485
tt10011294,nm3772724
tt10011308,nm5238082
tt10011392,nm10518333
tt10011458,nm10518333
tt10011504,nm10518333
tt10011612,nm10630606
tt10011612,nm3621085
tt10011656,nm10543917
tt10011664,nm8968237
tt10011708,nm5075489
tt10011776,nm8507463
tt10011778,nm8349149
tt10011778,nm9272489
tt10011778,nm9272490
tt10011792,nm8507463
tt10011796,nm7204553
tt10011832,nm8349149
tt10011832,nm9272490
tt10011852,nm10543931
tt10011868,nm5993733
tt10011880,nm9272490
tt10011940,nm10544015
tt10012102,nm6605433
tt10012102,nm6605434
tt10012128,nm0352118
tt10012128,nm10817517
tt10012290,nm6605433
tt10012290,nm6605434
tt10012310,nm4489288
tt10012340,nm4489288
tt10012364,nm6605433
tt10012364,nm6605434
tt10012404,nm9505932
tt10012406,nm9505932
tt10012408,nm9505932
tt10012410,nm9505932
tt10012412,nm9505932
tt10012414,nm9505932
tt10012416,nm9505932
tt10012418,nm9505932
tt10012420,nm9505932
tt10012422,nm9505932
tt10012424,nm9505932
tt10012426,nm9505932
tt10012428,nm9505932
tt10012430,nm9505932
tt10012432,nm9505932
tt10012434,nm9505932
tt10012438,nm9505932
tt10012440,nm9505932
tt10012442,nm9505932
tt10012444,nm9505932
tt10012446,nm9505932
tt10012448,nm9505932
tt10012450,nm9505932
tt10012452,nm9505932
tt10012454,nm9505932
tt10012456,nm9505932
tt10012458,nm9505932
tt10012460,nm9505932
tt10012464,nm9505932
tt10012466,nm9505932
tt10012468,nm9505932
tt10012470,nm9505932
tt10012472,nm9505932
tt10012474,nm9505932
tt10012476,nm9505932
tt10012478,nm9505932
tt10012480,nm9505932
tt10012484,nm9505932
tt10012486,nm9505932
tt10012488,nm9505932
tt10012536,nm4406069
tt10012538,nm4406069
tt10012540,nm4406069
tt10012542,nm10339953
tt10012544,nm4406069
tt10012546,nm4406069
tt10012548,nm4406069
tt10012550,nm4406069
tt10012552,nm4406069
tt10012554,nm4406069
tt10012558,nm4406069
tt10012560,nm4406069
tt10012562,nm4406069
tt10012564,nm4406069
tt10012572,nm2612150
tt10012620,nm11905715
tt10012620,nm2735803
tt10012620,nm7870411
tt10012620,nm8498176
tt10012622,nm2612150
tt10012624,nm11905715
tt10012624,nm2735803
tt10012624,nm7870411
tt10012624,nm8498176
tt10012626,nm11905715
tt10012626,nm2735803
tt10012626,nm7870411
tt10012626,nm8498176
tt10012628,nm11905715
tt10012628,nm2735803
tt10012628,nm7870411
tt10012628,nm8498176
tt10012634,nm11905715
tt10012634,nm2735803
tt10012634,nm7870411
tt10012634,nm8498176
tt10012636,nm11905715
tt10012636,nm2735803
tt10012636,nm7870411
tt10012636,nm8498176
tt10012638,nm11905715
tt10012638,nm2735803
tt10012638,nm7870411
tt10012638,nm8498176
tt10012640,nm11905715
tt10012640,nm2735803
tt10012640,nm7870411
tt10012640,nm8498176
tt10012642,nm11905715
tt10012642,nm2735803
tt10012642,nm7870411
tt10012642,nm8498176
tt10012644,nm11905715
tt10012644,nm2735803
tt10012644,nm7870411
tt10012644,nm8498176
tt10012646,nm11905715
tt10012646,nm2735803
tt10012646,nm7870411
tt10012646,nm8498176
tt10012648,nm11905715
tt10012648,nm2735803
tt10012648,nm7870411
tt10012648,nm8498176
tt10012650,nm11905715
tt10012650,nm2735803
tt10012650,nm7870411
tt10012650,nm8498176
tt10012652,nm11905715
tt10012652,nm2735803
tt10012652,nm7870411
tt10012652,nm8498176
tt10012654,nm8378131
tt10012656,nm11905715
tt10012656,nm2735803
tt10012656,nm7870411
tt10012656,nm8498176
tt10012658,nm11905715
tt10012658,nm2735803
tt10012658,nm7870411
tt10012658,nm8498176
tt10012660,nm6605433
tt10012660,nm6605434
tt10012662,nm11905715
tt10012662,nm2735803
tt10012662,nm7870411
tt10012662,nm8498176
tt10012664,nm11905715
tt10012664,nm2735803
tt10012664,nm7870411
tt10012664,nm8498176
tt10012666,nm11905715
tt10012666,nm2735803
tt10012666,nm7870411
tt10012666,nm8498176
tt10012674,nm2612150
tt10012682,nm2612150
tt10012782,nm6605433
tt10012782,nm6605434
tt10012846,nm9818935
tt10012848,nm9818935
tt10012850,nm9818935
tt10012852,nm9818935
tt10012858,nm9818935
tt10012860,nm9818935
tt10012862,nm9818935
tt10012864,nm9818935
tt10012866,nm9818935
tt10012868,nm9818935
tt10012870,nm9818935
tt10012872,nm9818935
tt10012874,nm9818935
tt10012878,nm9818935
tt10012882,nm9818935
tt10012884,nm3563218
tt10012890,nm9818935
tt10012896,nm9818935
tt10012898,nm9818935
tt10012900,nm9818935
tt10012902,nm9818935
tt10012904,nm9818935
tt10012906,nm9818935
tt10012908,nm9818935
tt10012910,nm9818935
tt10012912,nm9818935
tt10012916,nm9818935
tt10012926,nm9818935
tt10012932,nm9818935
tt10012934,nm9818935
tt10012936,nm6605433
tt10012936,nm6605434
tt10012938,nm9818935
tt10012940,nm9818935
tt10012942,nm9818935
tt10012946,nm9818935
tt10012948,nm9818935
tt10012950,nm9818935
tt10012956,nm5531788
tt10012958,nm5531788
tt10012960,nm5531788
tt10012968,nm5531788
tt10012972,nm5531788
tt10012974,nm5531788
tt10012976,nm5531788
tt10012978,nm5531788
tt10012982,nm5531788
tt10012984,nm5531788
tt10012990,nm5531788
tt10012992,nm5531788
tt10012994,nm5531788
tt10012996,nm5531788
tt10012998,nm5531788
tt10013000,nm5531788
tt10013002,nm5531788
tt10013004,nm5531788
tt10013006,nm5531788
tt10013008,nm5531788
tt10013018,nm10510487
tt10013018,nm2281541
tt10013020,nm10510487
tt10013020,nm2281541
tt10013022,nm10510487
tt10013022,nm2281541
tt10013024,nm10510487
tt10013024,nm2281541
tt10013026,nm10510487
tt10013026,nm2281541
tt10013028,nm10510487
tt10013028,nm2281541
tt10013030,nm10510487
tt10013030,nm2281541
tt10013036,nm10510487
tt10013036,nm2281541
tt10013040,nm10510487
tt10013040,nm2281541
tt10013042,nm10510487
tt10013042,nm2281541
tt10013044,nm10510487
tt10013044,nm2281541
tt10013048,nm3563218
tt10013052,nm10510487
tt10013052,nm2281541
tt10013054,nm10510487
tt10013054,nm2281541
tt10013056,nm10510487
tt10013056,nm2281541
tt10013058,nm10510487
tt10013058,nm2281541
tt10013060,nm10510487
tt10013060,nm2281541
tt10013062,nm6605433
tt10013062,nm6605434
tt10013064,nm10510487
tt10013064,nm2281541
tt10013066,nm10510487
tt10013066,nm2281541
tt10013068,nm10510487
tt10013068,nm2281541
tt10013070,nm10510487
tt10013070,nm2281541
tt10013074,nm1502645
tt10013076,nm10510487
tt10013076,nm2281541
tt10013080,nm10510487
tt10013080,nm2281541
tt10013082,nm10510487
tt10013082,nm2281541
tt10013084,nm10510487
tt10013084,nm2281541
tt10013086,nm10510487
tt10013086,nm2281541
tt10013088,nm10510487
tt10013088,nm2281541
tt10013090,nm10510487
tt10013090,nm2281541
tt10013092,nm10510487
tt10013092,nm2281541
tt10013094,nm10510487
tt10013094,nm2281541
tt10013096,nm10510487
tt10013096,nm2281541
tt10013098,nm10510487
tt10013098,nm2281541
tt10013100,nm10510487
tt10013100,nm2281541
tt10013102,nm10510487
tt10013102,nm2281541
tt10013104,nm10510487
tt10013104,nm2281541
tt10013106,nm10510487
tt10013106,nm2281541
tt10013108,nm10510487
tt10013108,nm2281541
tt10013110,nm10510487
tt10013110,nm2281541
tt10013112,nm10510487
tt10013112,nm2281541
tt10013114,nm10510487
tt10013114,nm2281541
tt10013116,nm6605433
tt10013116,nm6605434
tt10013118,nm10510487
tt10013118,nm2281541
tt10013160,nm6605433
tt10013160,nm6605434
tt10013176,nm10544252
tt10013222,nm6605433
tt10013222,nm6605434
tt10013242,nm3563218
tt10013288,nm8492670
tt10013298,nm3563218
tt10013346,nm0348485
tt10013348,nm0348485
tt10013350,nm0348485
tt10013354,nm0348485
tt10013356,nm0348485
tt10013360,nm0348485
tt10013362,nm0348485
tt10013364,nm0348485
tt10013366,nm6605433
tt10013366,nm6605434
tt10013368,nm0348485
tt10013374,nm0348485
tt10013378,nm0348485
tt10013380,nm0348485
tt10013382,nm0348485
tt10013384,nm0348485
tt10013386,nm0348485
tt10013388,nm0348485
tt10013390,nm0348485
tt10013392,nm0348485
tt10013394,nm0348485
tt10013396,nm0348485
tt10013398,nm3563218
tt10013446,nm1618188
tt10013446,nm7839317
tt10013448,nm1618188
tt10013448,nm7839317
tt10013450,nm1618188
tt10013450,nm7839317
tt10013452,nm1618188
tt10013452,nm7839317
tt10013454,nm1618188
tt10013454,nm7839317
tt10013456,nm1618188
tt10013456,nm7839317
tt10013458,nm1618188
tt10013458,nm7839317
tt10013460,nm1618188
tt10013460,nm7839317
tt10013462,nm1618188
tt10013462,nm7839317
tt10013464,nm1618188
tt10013464,nm7839317
tt10013466,nm1618188
tt10013466,nm7839317
tt10013468,nm7972263
tt10013470,nm1618188
tt10013470,nm7839317
tt10013472,nm1618188
tt10013472,nm7839317
tt10013474,nm1618188
tt10013474,nm7839317
tt10013476,nm1618188
tt10013476,nm7839317
tt10013478,nm1618188
tt10013478,nm7839317
tt10013480,nm1618188
tt10013480,nm7839317
tt10013482,nm1618188
tt10013482,nm7839317
tt10013484,nm1618188
tt10013484,nm7839317
tt10013486,nm1618188
tt10013486,nm7839317
tt10013488,nm3563218
tt10013494,nm4092908
tt10013620,nm7972263
tt10013634,nm2502689
tt10013660,nm12753286
tt10013660,nm3137290
tt10013660,nm6654066
tt10013662,nm12753286
tt10013662,nm3137290
tt10013662,nm6654066
tt10013664,nm3137290
tt10013664,nm6654066
tt10013666,nm3137290
tt10013666,nm6654066
tt10013668,nm3137290
tt10013668,nm6654066
tt10013670,nm3137290
tt10013670,nm6654066
tt10013672,nm3137290
tt10013672,nm6654066
tt10013674,nm3137290
tt10013674,nm6654066
tt10013676,nm3137290
tt10013676,nm6654066
tt10013678,nm3137290
tt10013678,nm6654066
tt10013680,nm3137290
tt10013680,nm6654066
tt10013682,nm3137290
tt10013682,nm6654066
tt10013684,nm3137290
tt10013684,nm6654066
tt10013686,nm3137290
tt10013686,nm6654066
tt10013688,nm3137290
tt10013688,nm6654066
tt10013690,nm3137290
tt10013690,nm6654066
tt10013692,nm3137290
tt10013692,nm6654066
tt10013694,nm3137290
tt10013694,nm6654066
tt10013698,nm3137290
tt10013698,nm6654066
tt10013700,nm3137290
tt10013700,nm6654066
tt10013702,nm7477059
tt10013702,nm9987936
tt10013704,nm7477059
tt10013704,nm9987936
tt10013706,nm7477059
tt10013706,nm9987936
tt10013708,nm7477059
tt10013708,nm9987936
tt10013710,nm7477059
tt10013710,nm9987936
tt10013712,nm7477059
tt10013712,nm9987936
tt10013714,nm7477059
tt10013714,nm9987936
tt10013716,nm7477059
tt10013716,nm9987936
tt10013718,nm7477059
tt10013718,nm9987936
tt10013722,nm7477059
tt10013722,nm9987936
tt10013724,nm7477059
tt10013724,nm9987936
tt10013728,nm7477059
tt10013728,nm9987936
tt10013730,nm7477059
tt10013730,nm9987936
tt10013732,nm7477059
tt10013732,nm9987936
tt10013734,nm7477059
tt10013734,nm9987936
tt10013736,nm7477059
tt10013736,nm9987936
tt10013738,nm7477059
tt10013738,nm9987936
tt10013740,nm7477059
tt10013740,nm9987936
tt10013742,nm7477059
tt10013742,nm9987936
tt10013746,nm7477059
tt10013746,nm9987936
tt10013750,nm10539168
tt10013752,nm10539168
tt10013756,nm10539168
tt10013758,nm10539168
tt10013760,nm10539168
tt10013762,nm10539168
tt10013764,nm10539168
tt10013766,nm10539168
tt10013768,nm10539168
tt10013772,nm10539168
tt10013774,nm10539168
tt10013776,nm10539168
tt10013778,nm10539168
tt10013782,nm10539168
tt10013786,nm10539168
tt10013788,nm10539168
tt10013790,nm10539168
tt10013792,nm10539168
tt10013794,nm10539168
tt10013796,nm10539168
tt10013798,nm1699760
tt10013798,nm2419378
tt10013798,nm4199515
tt10013798,nm6677193
tt10013800,nm1699760
tt10013800,nm2419378
tt10013800,nm4199515
tt10013800,nm6677193
tt10013802,nm1699760
tt10013802,nm2419378
tt10013802,nm4199515
tt10013802,nm6677193
tt10013804,nm1699760
tt10013804,nm2419378
tt10013804,nm4199515
tt10013804,nm6677193
tt10013806,nm1699760
tt10013806,nm2419378
tt10013806,nm4199515
tt10013806,nm6677193
tt10013810,nm1699760
tt10013810,nm2419378
tt10013810,nm4199515
tt10013810,nm6677193
tt10013812,nm1699760
tt10013812,nm2419378
tt10013812,nm4199515
tt10013812,nm6677193
tt10013814,nm1699760
tt10013814,nm2419378
tt10013814,nm4199515
tt10013814,nm6677193
tt10013816,nm1699760
tt10013816,nm2419378
tt10013816,nm4199515
tt10013816,nm6677193
tt10013818,nm1699760
tt10013818,nm2419378
tt10013818,nm4199515
tt10013818,nm6677193
tt10013820,nm1699760
tt10013820,nm2419378
tt10013820,nm4199515
tt10013820,nm6677193
tt10013822,nm1699760
tt10013822,nm2419378
tt10013822,nm4199515
tt10013822,nm6677193
tt10013824,nm1699760
tt10013824,nm2419378
tt10013824,nm4199515
tt10013824,nm6677193
tt10013826,nm1699760
tt10013826,nm2419378
tt10013826,nm4199515
tt10013826,nm6677193
tt10013828,nm1699760
tt10013828,nm2419378
tt10013828,nm4199515
tt10013828,nm6677193
tt10013830,nm1699760
tt10013830,nm2419378
tt10013830,nm4199515
tt10013830,nm6677193
tt10013834,nm1699760
tt10013834,nm2419378
tt10013834,nm4199515
tt10013834,nm6677193
tt10013836,nm1699760
tt10013836,nm2419378
tt10013836,nm4199515
tt10013836,nm6677193
tt10013838,nm1699760
tt10013838,nm2419378
tt10013838,nm4199515
tt10013838,nm6677193
tt10013840,nm1699760
tt10013840,nm2419378
tt10013840,nm4199515
tt10013840,nm6677193
tt10013844,nm1699760
tt10013844,nm2419378
tt10013844,nm4199515
tt10013844,nm6677193
tt10013844,nm7073474
tt10013846,nm1699760
tt10013846,nm2419378
tt10013846,nm4199515
tt10013846,nm6677193
tt10013846,nm7073474
tt10013848,nm1699760
tt10013848,nm2419378
tt10013848,nm4199515
tt10013848,nm6677193
tt10013848,nm7073474
tt10013850,nm1699760
tt10013850,nm2419378
tt10013850,nm4199515
tt10013850,nm6677193
tt10013850,nm7073474
tt10013854,nm1699760
tt10013854,nm2419378
tt10013854,nm4199515
tt10013854,nm6677193
tt10013854,nm7073474
tt10013856,nm1699760
tt10013856,nm2419378
tt10013856,nm4199515
tt10013856,nm6677193
tt10013856,nm7073474
tt10013858,nm1699760
tt10013858,nm2419378
tt10013858,nm4199515
tt10013858,nm6677193
tt10013858,nm7073474
tt10013860,nm1699760
tt10013860,nm2419378
tt10013860,nm4199515
tt10013860,nm6677193
tt10013860,nm7073474
tt10013862,nm1699760
tt10013862,nm2419378
tt10013862,nm4199515
tt10013862,nm6677193
tt10013862,nm7073474
tt10013864,nm1699760
tt10013864,nm2419378
tt10013864,nm4199515
tt10013864,nm6677193
tt10013864,nm7073474
tt10013866,nm1699760
tt10013866,nm2419378
tt10013866,nm4199515
tt10013866,nm6677193
tt10013866,nm7073474
tt10013868,nm1699760
tt10013868,nm2419378
tt10013868,nm4199515
tt10013868,nm6677193
tt10013868,nm7073474
tt10013870,nm1699760
tt10013870,nm2419378
tt10013870,nm4199515
tt10013870,nm6677193
tt10013870,nm7073474
tt10013872,nm1699760
tt10013872,nm2419378
tt10013872,nm4199515
tt10013872,nm6677193
tt10013872,nm7073474
tt10013874,nm1699760
tt10013874,nm2419378
tt10013874,nm4199515
tt10013874,nm6677193
tt10013874,nm7073474
tt10013878,nm1699760
tt10013878,nm2419378
tt10013878,nm4199515
tt10013878,nm6677193
tt10013878,nm7073474
tt10013880,nm1699760
tt10013880,nm2419378
tt10013880,nm4199515
tt10013880,nm6677193
tt10013880,nm7073474
tt10013882,nm1699760
tt10013882,nm2419378
tt10013882,nm4199515
tt10013882,nm6677193
tt10013882,nm7073474
tt10013886,nm1699760
tt10013886,nm2419378
tt10013886,nm4199515
tt10013886,nm6677193
tt10013886,nm7073474
tt10013888,nm1699760
tt10013888,nm2419378
tt10013888,nm4199515
tt10013888,nm6677193
tt10013888,nm7073474
tt10013890,nm1699760
tt10013890,nm2419378
tt10013890,nm4199515
tt10013890,nm6677193
tt10013890,nm7073474
tt10013892,nm1699760
tt10013892,nm2419378
tt10013892,nm4199515
tt10013892,nm6677193
tt10013892,nm7073474
tt10013894,nm1699760
tt10013894,nm2419378
tt10013894,nm4199515
tt10013894,nm6677193
tt10013894,nm7073474
tt10013896,nm1699760
tt10013896,nm2419378
tt10013896,nm4199515
tt10013896,nm6677193
tt10013896,nm7073474
tt10013900,nm1699760
tt10013900,nm2419378
tt10013900,nm4199515
tt10013900,nm6677193
tt10013900,nm7073474
tt10013904,nm1699760
tt10013904,nm2419378
tt10013904,nm4199515
tt10013904,nm6677193
tt10013904,nm7073474
tt10013906,nm1699760
tt10013906,nm2419378
tt10013906,nm4199515
tt10013906,nm6677193
tt10013906,nm7073474
tt10013908,nm1699760
tt10013908,nm2419378
tt10013908,nm4199515
tt10013908,nm6677193
tt10013908,nm7073474
tt10013912,nm1699760
tt10013912,nm2419378
tt10013912,nm4199515
tt10013912,nm6677193
tt10013912,nm7073474
tt10013956,nm10278484
tt10013956,nm10870368
tt10014038,nm0721342
tt10014038,nm1542079
tt10014038,nm2775161
tt10014042,nm10544448
tt10014046,nm5707494
tt10014048,nm10544478
tt10014060,nm0721342
tt10014060,nm1542079
tt10014060,nm2775161
tt10014066,nm0721342
tt10014066,nm1542079
tt10014066,nm2775161
tt10014068,nm0721342
tt10014068,nm1542079
tt10014068,nm2775161
tt10014070,nm0721342
tt10014070,nm1542079
tt10014070,nm2775161
tt10014072,nm0721342
tt10014072,nm1542079
tt10014072,nm2775161
tt10014074,nm0721342
tt10014074,nm1542079
tt10014074,nm2775161
tt10014076,nm0721342
tt10014076,nm1542079
tt10014076,nm2775161
tt10014078,nm0721342
tt10014078,nm1542079
tt10014078,nm2775161
tt10014084,nm0721342
tt10014084,nm1542079
tt10014084,nm2775161
tt10014086,nm0721342
tt10014086,nm1542079
tt10014086,nm2775161
tt10014088,nm0721342
tt10014088,nm1542079
tt10014088,nm2775161
tt10014090,nm0721342
tt10014090,nm1542079
tt10014090,nm2775161
tt10014094,nm0721342
tt10014094,nm1542079
tt10014094,nm2775161
tt10014096,nm0721342
tt10014096,nm1542079
tt10014096,nm2775161
tt10014098,nm0721342
tt10014098,nm1542079
tt10014098,nm2775161
tt10014104,nm0721342
tt10014104,nm1542079
tt10014104,nm2775161
tt10014106,nm0721342
tt10014106,nm1542079
tt10014106,nm2775161
tt10014110,nm0721342
tt10014110,nm1542079
tt10014110,nm2775161
tt10014112,nm0721342
tt10014112,nm1542079
tt10014112,nm2775161
tt10014114,nm0721342
tt10014114,nm1542079
tt10014114,nm2775161
tt10014122,nm10415129
tt10014144,nm5147410
tt10014144,nm9202176
tt10014148,nm5115546
tt10014152,nm10544536
tt10014332,nm6491129
tt10014338,nm1646438
tt10014340,nm1773796
tt10014342,nm1773796
tt10014344,nm1773796
tt10014346,nm1773796
tt10014348,nm1773796
tt10014350,nm1773796
tt10014352,nm1646438
tt10014358,nm1646438
tt10014360,nm1646438
tt10014364,nm1646438
tt10014366,nm5115546
tt10014368,nm1646438
tt10014374,nm1646438
tt10014376,nm1646438
tt10014378,nm1646438
tt10014382,nm1646438
tt10014422,nm5115546
tt10014488,nm8081012
tt10014556,nm5673997
tt10014612,nm7374300
tt10014624,nm10544815
tt10014624,nm6847133
tt10014650,nm6216421
tt10014686,nm4901521
tt10014692,nm3724768
tt10014700,nm10544891
tt10014710,nm10258731
tt10014714,nm3614343
tt10014730,nm9110320
tt10014738,nm10540357
tt10014756,nm6548264
tt10014780,nm9110320
tt10014782,nm10544929
tt10014784,nm4608552
tt10014816,nm4608552
tt10014818,nm6231315
tt10014834,nm6231315
tt10014848,nm4608552
tt10014850,nm6231315
tt10014858,nm6231315
tt10014874,nm10508396
tt10014878,nm6970007
tt10014882,nm10508396
tt10014886,nm9939361
tt10014890,nm2212773
tt10014890,nm7560394
tt10014892,nm6231315
tt10014898,nm10508396
tt10014904,nm0494558
tt10014908,nm10508396
tt10014910,nm6231315
tt10014916,nm6231315
tt10014918,nm10508396
tt10014922,nm6231315
tt10014924,nm10508396
tt10014930,nm6231315
tt10014932,nm10508396
tt10014938,nm10508396
tt10014942,nm6231315
tt10014944,nm10508396
tt10014946,nm6231315
tt10014948,nm10508396
tt10014954,nm0224683
tt10014970,nm5115546
tt10014974,nm0295649
tt10014976,nm5115546
tt10014996,nm6231315
tt10014998,nm10545156
tt10014998,nm10545157
tt10015000,nm6231315
tt10015012,nm2036105
tt10015012,nm9098095
tt10015014,nm7051463
tt10015016,nm2036105
tt10015016,nm9098095
tt10015020,nm2036105
tt10015020,nm9098095
tt10015112,nm10540357
tt10015120,nm0295649
tt10015122,nm1970601
tt10015128,nm0295649
tt10015130,nm8245575
tt10015138,nm0295649
tt10015138,nm0994453
tt10015140,nm9110320
tt10015148,nm5115546
tt10015150,nm9110320
tt10015156,nm9110320
tt10015162,nm9110320
tt10015166,nm5115546
tt10015170,nm2937720
tt10015172,nm9110320
tt10015180,nm9110320
tt10015186,nm8321129
tt10015200,nm8321129
tt10015236,nm6702191
tt10015238,nm8321129
tt10015246,nm10044285
tt10015262,nm10372157
tt10015278,nm10527666
tt10015294,nm6143746
tt10015330,nm8321129
tt10015340,nm8321129
tt10015348,nm2937720
tt10015350,nm2937720
tt10015356,nm8321129
tt10015370,nm5713733
tt10015376,nm9545182
tt10015380,nm3881115
tt10015380,nm5713733
tt10015380,nm6388888
tt10015380,nm7569872
tt10015398,nm3881115
tt10015398,nm7569872
tt10015412,nm3881115
tt10015412,nm7569872
tt10015440,nm8769773
tt10015448,nm9406771
tt10015572,nm9317047
tt10015728,nm5861614
tt10015730,nm10545772
tt10015800,nm7338049
tt10015820,nm3286436
tt10015822,nm1936500
tt10015884,nm10545959
tt10015976,nm5772485
tt10015978,nm5772485
tt10015980,nm5772485
tt10015982,nm5772485
tt10015984,nm5772485
tt10015986,nm5772485
tt10015988,nm5772485
tt10015990,nm5772485
tt10015992,nm5772485
tt10015994,nm10630606
tt10015994,nm3621085
tt10015996,nm10630606
tt10015996,nm3621085
tt10015998,nm10630606
tt10015998,nm3621085
tt10016000,nm10630606
tt10016000,nm3621085
tt10016002,nm10630606
tt10016002,nm3621085
tt10016006,nm10630606
tt10016006,nm3621085
tt10016126,nm3778562
tt10016254,nm10546029
tt10016342,nm2043837
tt10016344,nm9678240
tt10016348,nm1294647
tt10016348,nm7404866
tt10016352,nm1482024
tt10016352,nm9947033
tt10016358,nm9556766
tt10016370,nm10540950
tt10016378,nm10603548
tt10016378,nm2642858
tt10016380,nm0004072
tt10016402,nm10540950
tt10016410,nm3267981
tt10016410,nm9549138
tt10016414,nm3267981
tt10016414,nm9549138
tt10016428,nm3873337
tt10016446,nm2043837
tt10016450,nm4791287
tt10016450,nm4831434
tt10016458,nm10546189
tt10016460,nm3773770
tt10016462,nm3773770
tt10016464,nm3773770
tt10016466,nm3773770
tt10016472,nm3773770
tt10016474,nm3773770
tt10016476,nm3773770
tt10016478,nm3773770
tt10016480,nm3773770
tt10016482,nm3773770
tt10016484,nm3773770
tt10016486,nm3773770
tt10016488,nm3773770
tt10016490,nm3773770
tt10016492,nm3773770
tt10016494,nm3773770
tt10016496,nm6947018
tt10016512,nm0994247
tt10016516,nm0994247
tt10016518,nm0994247
tt10016522,nm0994247
tt10016526,nm3793763
tt10016528,nm3793763
tt10016530,nm3793763
tt10016544,nm3345660
tt10016548,nm10546266
tt10016556,nm1294647
tt10016560,nm10546279
tt10016580,nm0557975
tt10016580,nm8546743
tt10016582,nm10115747
tt10016690,nm5088615
tt10016700,nm10546366
tt10016710,nm9706992
tt10016730,nm7558282
tt10016736,nm4059153
tt10016736,nm5401837
tt10016760,nm10157470
tt10016760,nm9527661
tt10016858,nm1950669
tt10016970,nm5435423
tt10017002,nm2396167
tt10017004,nm2396167
tt10017006,nm2396167
tt10017008,nm2396167
tt10017010,nm2396167
tt10017062,nm10546528
tt10017080,nm10546554
tt10017314,nm10525080
tt10017412,nm10525080
tt10017450,nm10523961
tt10017456,nm10525080
tt10017458,nm9628825
tt10017460,nm5990475
tt10017470,nm10546739
tt10017480,nm10525080
tt10017502,nm10546770
tt10017510,nm10546783
tt10017520,nm0190790
tt10017526,nm10525080
tt10017528,nm3718050
tt10017534,nm10187764
tt10017546,nm0714772
tt10017552,nm10525080
tt10017604,nm10525080
tt10017628,nm10546905
tt10017708,nm10546915
tt10017708,nm8930142
tt10017722,nm9272490
tt10017826,nm0721342
tt10017826,nm1542079
tt10017826,nm2775161
tt10017832,nm0721342
tt10017832,nm1542079
tt10017832,nm2775161
tt10017838,nm0721342
tt10017838,nm1542079
tt10017838,nm2775161
tt10017842,nm0721342
tt10017842,nm1542079
tt10017842,nm2775161
tt10017844,nm0721342
tt10017844,nm1542079
tt10017844,nm2775161
tt10017850,nm0721342
tt10017850,nm1542079
tt10017850,nm2775161
tt10017852,nm0721342
tt10017852,nm1542079
tt10017852,nm2775161
tt10017858,nm0721342
tt10017858,nm1542079
tt10017858,nm2775161
tt10017868,nm0721342
tt10017868,nm1542079
tt10017868,nm2775161
tt10017872,nm0721342
tt10017872,nm1542079
tt10017872,nm2775161
tt10017874,nm0721342
tt10017874,nm1542079
tt10017874,nm2775161
tt10017878,nm0721342
tt10017878,nm1542079
tt10017878,nm2775161
tt10017880,nm0721342
tt10017880,nm1542079
tt10017880,nm2775161
tt10017886,nm0721342
tt10017886,nm1542079
tt10017886,nm2775161
tt10017888,nm0721342
tt10017888,nm1542079
tt10017888,nm2775161
tt10017890,nm0721342
tt10017890,nm1542079
tt10017890,nm2775161
tt10017892,nm0721342
tt10017892,nm1542079
tt10017892,nm2775161
tt10017898,nm0721342
tt10017898,nm1542079
tt10017898,nm2775161
tt10017900,nm0721342
tt10017900,nm1542079
tt10017900,nm2775161
tt10017902,nm0721342
tt10017902,nm1542079
tt10017902,nm2775161
tt10017924,nm2804215
tt10017962,nm1699760
tt10017962,nm2419378
tt10017962,nm4199515
tt10017962,nm6677193
tt10017962,nm7073474
tt10017964,nm1699760
tt10017964,nm2419378
tt10017964,nm4199515
tt10017964,nm6677193
tt10017964,nm7073474
tt10017968,nm1699760
tt10017968,nm2419378
tt10017968,nm4199515
tt10017968,nm6677193
tt10017968,nm7073474
tt10017970,nm1699760
tt10017970,nm2419378
tt10017970,nm4199515
tt10017970,nm6677193
tt10017970,nm7073474
tt10017972,nm1699760
tt10017972,nm2419378
tt10017972,nm4199515
tt10017972,nm6677193
tt10017972,nm7073474
tt10017974,nm1699760
tt10017974,nm2419378
tt10017974,nm4199515
tt10017974,nm6677193
tt10017974,nm7073474
tt10017978,nm1699760
tt10017978,nm2419378
tt10017978,nm4199515
tt10017978,nm6677193
tt10017978,nm7073474
tt10017984,nm1699760
tt10017984,nm2419378
tt10017984,nm4199515
tt10017984,nm6677193
tt10017984,nm7073474
tt10017986,nm1699760
tt10017986,nm2419378
tt10017986,nm4199515
tt10017986,nm6677193
tt10017986,nm7073474
tt10017988,nm1699760
tt10017988,nm2419378
tt10017988,nm4199515
tt10017988,nm6677193
tt10017988,nm7073474
tt10017990,nm1699760
tt10017990,nm2419378
tt10017990,nm4199515
tt10017990,nm6677193
tt10017990,nm7073474
tt10017992,nm1699760
tt10017992,nm2419378
tt10017992,nm4199515
tt10017992,nm6677193
tt10017992,nm7073474
tt10017998,nm1699760
tt10017998,nm2419378
tt10017998,nm4199515
tt10017998,nm6677193
tt10017998,nm7073474
tt10018000,nm1699760
tt10018000,nm2419378
tt10018000,nm4199515
tt10018000,nm6677193
tt10018000,nm7073474
tt10018002,nm1699760
tt10018002,nm2419378
tt10018002,nm4199515
tt10018002,nm6677193
tt10018002,nm7073474
tt10018006,nm1699760
tt10018006,nm2419378
tt10018006,nm4199515
tt10018006,nm6677193
tt10018006,nm7073474
tt10018008,nm1699760
tt10018008,nm2419378
tt10018008,nm4199515
tt10018008,nm6677193
tt10018008,nm7073474
tt10018010,nm1699760
tt10018010,nm2419378
tt10018010,nm4199515
tt10018010,nm6677193
tt10018010,nm7073474
tt10018012,nm1699760
tt10018012,nm2419378
tt10018012,nm4199515
tt10018012,nm6677193
tt10018012,nm7073474
tt10018014,nm1699760
tt10018014,nm2419378
tt10018014,nm4199515
tt10018014,nm6677193
tt10018014,nm7073474
tt10018016,nm1699760
tt10018016,nm2419378
tt10018016,nm4199515
tt10018016,nm6677193
tt10018016,nm7073474
tt10018020,nm1699760
tt10018020,nm2419378
tt10018020,nm4199515
tt10018020,nm6677193
tt10018020,nm7073474
tt10018024,nm1699760
tt10018024,nm2419378
tt10018024,nm4199515
tt10018024,nm6677193
tt10018024,nm7073474
tt10018026,nm1699760
tt10018026,nm2419378
tt10018026,nm4199515
tt10018026,nm6677193
tt10018026,nm7073474
tt10018028,nm1699760
tt10018028,nm2419378
tt10018028,nm4199515
tt10018028,nm6677193
tt10018028,nm7073474
tt10018030,nm1699760
tt10018030,nm2419378
tt10018030,nm4199515
tt10018030,nm6677193
tt10018030,nm7073474
tt10018032,nm1699760
tt10018032,nm2419378
tt10018032,nm4199515
tt10018032,nm6677193
tt10018032,nm7073474
tt10018034,nm1699760
tt10018034,nm2419378
tt10018034,nm4199515
tt10018034,nm6677193
tt10018034,nm7073474
tt10018036,nm1699760
tt10018036,nm2419378
tt10018036,nm4199515
tt10018036,nm6677193
tt10018036,nm7073474
tt10018038,nm1699760
tt10018038,nm2419378
tt10018038,nm4199515
tt10018038,nm6677193
tt10018038,nm7073474
tt10018040,nm1699760
tt10018040,nm2419378
tt10018040,nm4199515
tt10018040,nm6677193
tt10018040,nm7073474
tt10018042,nm1699760
tt10018042,nm2419378
tt10018042,nm4199515
tt10018042,nm6677193
tt10018042,nm7073474
tt10018044,nm1699760
tt10018044,nm2419378
tt10018044,nm4199515
tt10018044,nm6677193
tt10018044,nm7073474
tt10018046,nm1699760
tt10018046,nm2419378
tt10018046,nm4199515
tt10018046,nm6677193
tt10018046,nm7073474
tt10018048,nm1699760
tt10018048,nm2419378
tt10018048,nm4199515
tt10018048,nm6677193
tt10018048,nm7073474
tt10018050,nm1699760
tt10018050,nm2419378
tt10018050,nm4199515
tt10018050,nm6677193
tt10018050,nm7073474
tt10018054,nm1699760
tt10018054,nm2419378
tt10018054,nm4199515
tt10018054,nm6677193
tt10018054,nm7073474
tt10018058,nm1699760
tt10018058,nm2419378
tt10018058,nm4199515
tt10018058,nm6677193
tt10018058,nm7073474
tt10018060,nm1699760
tt10018060,nm2419378
tt10018060,nm4199515
tt10018060,nm6677193
tt10018060,nm7073474
tt10018062,nm1699760
tt10018062,nm2419378
tt10018062,nm4199515
tt10018062,nm6677193
tt10018062,nm7073474
tt10018064,nm9272490
tt10018066,nm1699760
tt10018066,nm2419378
tt10018066,nm4199515
tt10018066,nm6677193
tt10018068,nm1699760
tt10018068,nm2419378
tt10018068,nm4199515
tt10018068,nm6677193
tt10018070,nm1699760
tt10018070,nm2419378
tt10018070,nm4199515
tt10018070,nm6677193
tt10018076,nm1699760
tt10018076,nm2419378
tt10018076,nm4199515
tt10018076,nm6677193
tt10018084,nm1699760
tt10018084,nm2419378
tt10018084,nm4199515
tt10018084,nm6677193
tt10018094,nm1699760
tt10018094,nm2419378
tt10018094,nm4199515
tt10018094,nm6677193
tt10018096,nm1699760
tt10018096,nm2419378
tt10018096,nm4199515
tt10018096,nm6677193
tt10018102,nm1699760
tt10018102,nm2419378
tt10018102,nm4199515
tt10018102,nm6677193
tt10018112,nm1699760
tt10018112,nm2419378
tt10018112,nm4199515
tt10018112,nm6677193
tt10018116,nm10546903
tt10018122,nm1699760
tt10018122,nm2419378
tt10018122,nm4199515
tt10018122,nm6677193
tt10018128,nm1699760
tt10018128,nm2419378
tt10018128,nm4199515
tt10018128,nm6677193
tt10018130,nm1699760
tt10018130,nm2419378
tt10018130,nm4199515
tt10018130,nm6677193
tt10018132,nm1699760
tt10018132,nm2419378
tt10018132,nm4199515
tt10018132,nm6677193
tt10018134,nm1699760
tt10018134,nm2419378
tt10018134,nm4199515
tt10018134,nm6677193
tt10018134,nm7073474
tt10018138,nm9272489
tt10018138,nm9272490
tt10018142,nm1699760
tt10018142,nm2419378
tt10018142,nm4199515
tt10018142,nm6677193
tt10018150,nm1699760
tt10018150,nm2419378
tt10018150,nm4199515
tt10018150,nm6677193
tt10018150,nm7073474
tt10018152,nm1699760
tt10018152,nm2419378
tt10018152,nm4199515
tt10018152,nm6677193
tt10018154,nm1699760
tt10018154,nm2419378
tt10018154,nm4199515
tt10018154,nm6677193
tt10018158,nm1699760
tt10018158,nm2419378
tt10018158,nm4199515
tt10018158,nm6677193
tt10018162,nm10539168
tt10018164,nm10539168
tt10018166,nm10539168
tt10018170,nm10539168
tt10018172,nm10539168
tt10018174,nm10539168
tt10018176,nm10539168
tt10018182,nm10539168
tt10018184,nm10539168
tt10018186,nm10539168
tt10018188,nm10539168
tt10018190,nm10539168
tt10018192,nm9272489
tt10018192,nm9272490
tt10018194,nm10539168
tt10018196,nm10539168
tt10018198,nm10539168
tt10018200,nm10539168
tt10018204,nm10539168
tt10018206,nm10539168
tt10018208,nm10539168
tt10018210,nm10539168
tt10018216,nm7477059
tt10018216,nm9987936
tt10018218,nm7477059
tt10018218,nm9987936
tt10018220,nm7477059
tt10018220,nm9987936
tt10018222,nm7477059
tt10018222,nm9987936
tt10018224,nm7477059
tt10018224,nm9987936
tt10018226,nm7477059
tt10018226,nm9987936
tt10018228,nm7477059
tt10018228,nm9987936
tt10018230,nm7477059
tt10018230,nm9987936
tt10018234,nm7477059
tt10018234,nm9987936
tt10018236,nm7477059
tt10018236,nm9987936
tt10018238,nm7477059
tt10018238,nm9987936
tt10018240,nm7477059
tt10018240,nm9987936
tt10018244,nm7477059
tt10018244,nm9987936
tt10018246,nm7477059
tt10018246,nm9987936
tt10018248,nm8349149
tt10018248,nm9272489
tt10018250,nm7477059
tt10018250,nm9987936
tt10018252,nm7477059
tt10018252,nm9987936
tt10018254,nm7477059
tt10018254,nm9987936
tt10018256,nm7477059
tt10018256,nm9987936
tt10018258,nm7477059
tt10018258,nm9987936
tt10018260,nm7477059
tt10018260,nm9987936
tt10018262,nm3137290
tt10018262,nm6654066
tt10018266,nm3137290
tt10018266,nm6654066
tt10018268,nm3137290
tt10018268,nm6654066
tt10018270,nm3137290
tt10018270,nm6654066
tt10018272,nm3137290
tt10018272,nm6654066
tt10018274,nm3137290
tt10018274,nm6654066
tt10018276,nm3137290
tt10018276,nm6654066
tt10018278,nm8349149
tt10018278,nm9272489
tt10018280,nm3137290
tt10018280,nm6654066
tt10018282,nm3137290
tt10018282,nm6654066
tt10018284,nm3137290
tt10018284,nm6654066
tt10018286,nm3137290
tt10018286,nm6654066
tt10018290,nm3137290
tt10018290,nm6654066
tt10018292,nm3137290
tt10018292,nm6654066
tt10018294,nm3137290
tt10018294,nm6654066
tt10018296,nm3137290
tt10018296,nm6654066
tt10018298,nm3137290
tt10018298,nm6654066
tt10018300,nm3137290
tt10018300,nm6654066
tt10018302,nm3137290
tt10018302,nm6654066
tt10018304,nm3137290
tt10018304,nm6654066
tt10018308,nm3137290
tt10018308,nm6654066
tt10018310,nm9272489
tt10018310,nm9272490
tt10018328,nm10546975
tt10018348,nm8349149
tt10018348,nm9272489
tt10018550,nm1618188
tt10018550,nm7839317
tt10018552,nm1618188
tt10018552,nm7839317
tt10018556,nm1618188
tt10018556,nm7839317
tt10018558,nm1618188
tt10018558,nm7839317
tt10018562,nm1618188
tt10018562,nm7839317
tt10018566,nm1618188
tt10018566,nm7839317
tt10018570,nm1618188
tt10018570,nm7839317
tt10018572,nm1618188
tt10018572,nm7839317
tt10018576,nm1618188
tt10018576,nm7839317
tt10018578,nm1618188
tt10018578,nm7839317
tt10018582,nm8156774
tt10018584,nm1618188
tt10018584,nm7839317
tt10018586,nm1618188
tt10018586,nm7839317
tt10018588,nm1618188
tt10018588,nm7839317
tt10018590,nm10546991
tt10018594,nm1618188
tt10018594,nm7839317
tt10018596,nm1618188
tt10018596,nm7839317
tt10018598,nm1618188
tt10018598,nm7839317
tt10018600,nm1618188
tt10018600,nm7839317
tt10018602,nm1618188
tt10018602,nm7839317
tt10018604,nm1618188
tt10018604,nm7839317
tt10018606,nm1618188
tt10018606,nm7839317
tt10018608,nm1618188
tt10018608,nm7839317
tt10018610,nm1618188
tt10018610,nm7839317
tt10018614,nm1618188
tt10018614,nm7839317
tt10018616,nm1618188
tt10018616,nm7839317
tt10018618,nm1618188
tt10018618,nm7839317
tt10018688,nm0348485
tt10018690,nm0348485
tt10018692,nm0348485
tt10018694,nm0348485
tt10018696,nm0348485
tt10018700,nm0348485
tt10018704,nm0348485
tt10018706,nm0348485
tt10018708,nm0348485
tt10018710,nm0348485
tt10018712,nm0348485
tt10018716,nm0348485
tt10018718,nm0348485
tt10018720,nm0348485
tt10018722,nm0348485
tt10018724,nm0348485
tt10018728,nm0348485
tt10018732,nm0348485
tt10018736,nm0348485
tt10018738,nm0348485
tt10018746,nm0348485
tt10019036,nm10503938
tt10019062,nm1601946
tt10019062,nm3211268
tt10019068,nm5531788
tt10019072,nm5531788
tt10019074,nm5531788
tt10019076,nm5531788
tt10019078,nm5531788
tt10019080,nm5531788
tt10019082,nm5531788
tt10019086,nm5531788
tt10019090,nm5531788
tt10019092,nm5531788
tt10019094,nm5531788
tt10019098,nm5531788
tt10019102,nm5531788
tt10019104,nm5531788
tt10019106,nm5531788
tt10019110,nm5531788
tt10019112,nm5531788
tt10019114,nm5531788
tt10019116,nm5531788
tt10019118,nm5531788
tt10019126,nm9818935
tt10019128,nm9818935
tt10019132,nm9818935
tt10019134,nm9818935
tt10019136,nm9818935
tt10019138,nm9818935
tt10019140,nm9818935
tt10019146,nm9818935
tt10019148,nm9818935
tt10019152,nm9818935
tt10019154,nm9818935
tt10019156,nm9818935
tt10019158,nm9818935
tt10019164,nm9818935
tt10019166,nm9818935
tt10019168,nm9818935
tt10019170,nm9818935
tt10019172,nm9818935
tt10019176,nm9818935
tt10019182,nm9818935
tt10019184,nm9818935
tt10019186,nm9818935
tt10019188,nm9818935
tt10019192,nm9818935
tt10019354,nm9505932
tt10019356,nm9505932
tt10019360,nm9505932
tt10019362,nm9505932
tt10019364,nm9505932
tt10019366,nm9505932
tt10019368,nm9505932
tt10019370,nm9505932
tt10019372,nm9505932
tt10019374,nm9505932
tt10019376,nm9505932
tt10019378,nm9505932
tt10019380,nm9505932
tt10019382,nm9505932
tt10019384,nm9505932
tt10019386,nm9505932
tt10019388,nm9505932
tt10019390,nm9505932
tt10019392,nm9505932
tt10019394,nm9505932
tt10019398,nm9505932
tt10019400,nm9505932
tt10019404,nm9505932
tt10019406,nm9505932
tt10019408,nm9505932
tt10019410,nm9505932
tt10019414,nm9505932
tt10019416,nm9505932
tt10019420,nm9505932
tt10019422,nm9505932
tt10019424,nm9505932
tt10019426,nm9505932
tt10019428,nm9505932
tt10019432,nm9505932
tt10019434,nm9505932
tt10019436,nm9505932
tt10019438,nm9505932
tt10019440,nm9505932
tt10019442,nm9505932
tt10019444,nm9505932
tt10019446,nm10603548
tt10019448,nm10603548
tt10019450,nm10603548
tt10019500,nm10603548
tt10019502,nm10603548
tt10019506,nm10603548
tt10019508,nm10603548
tt10019540,nm0437062
tt10019540,nm2652913
tt10019546,nm0437062
tt10019546,nm2652913
tt10019552,nm0437062
tt10019552,nm2652913
tt10019554,nm9399971
tt10019558,nm0437062
tt10019558,nm2652913
tt10019560,nm0437062
tt10019560,nm2652913
tt10019562,nm0437062
tt10019562,nm2652913
tt10019568,nm0437062
tt10019568,nm2652913
tt10019570,nm0437062
tt10019570,nm2652913
tt10019572,nm0437062
tt10019572,nm2652913
tt10019574,nm0437062
tt10019574,nm2652913
tt10019582,nm0437062
tt10019582,nm2652913
tt10019584,nm0437062
tt10019584,nm2652913
tt10019590,nm0437062
tt10019590,nm2652913
tt10019594,nm0437062
tt10019594,nm2652913
tt10019866,nm10547361
tt10019878,nm7954950
tt10019920,nm7477058
tt10019920,nm7477059
tt10019920,nm7870411
tt10019922,nm7477058
tt10019922,nm7477059
tt10019922,nm7870411
tt10019924,nm7477058
tt10019924,nm7477059
tt10019924,nm7870411
tt10019928,nm7477058
tt10019928,nm7477059
tt10019928,nm7870411
tt10019930,nm7477058
tt10019930,nm7477059
tt10019930,nm7870411
tt10019932,nm7477058
tt10019932,nm7477059
tt10019932,nm7870411
tt10019934,nm7477058
tt10019934,nm7477059
tt10019934,nm7870411
tt10019936,nm7477058
tt10019936,nm7477059
tt10019936,nm7870411
tt10019938,nm7477058
tt10019938,nm7477059
tt10019938,nm7870411
tt10019940,nm7477058
tt10019940,nm7477059
tt10019940,nm7870411
tt10019942,nm7477058
tt10019942,nm7477059
tt10019942,nm7870411
tt10019944,nm7477058
tt10019944,nm7477059
tt10019944,nm7870411
tt10019946,nm7477058
tt10019946,nm7477059
tt10019946,nm7870411
tt10019948,nm7477058
tt10019948,nm7477059
tt10019948,nm7870411
tt10019950,nm7477058
tt10019950,nm7477059
tt10019950,nm7870411
tt10019954,nm7477058
tt10019954,nm7477059
tt10019954,nm7870411
tt10019956,nm7477058
tt10019956,nm7477059
tt10019956,nm7870411
tt10019958,nm7477058
tt10019958,nm7477059
tt10019958,nm7870411
tt10019960,nm7477058
tt10019960,nm7477059
tt10019960,nm7870411
tt10019962,nm7477058
tt10019962,nm7477059
tt10019962,nm7870411
tt10019964,nm7477058
tt10019964,nm7477059
tt10019964,nm7870411
tt10019966,nm7477058
tt10019966,nm7477059
tt10019966,nm7870411
tt10019968,nm7477058
tt10019968,nm7477059
tt10019968,nm7870411
tt10019972,nm7477058
tt10019972,nm7477059
tt10019972,nm7870411
tt10019974,nm7477058
tt10019974,nm7477059
tt10019974,nm7870411
tt10019976,nm7477058
tt10019976,nm7477059
tt10019976,nm7870411
tt10019978,nm7477058
tt10019978,nm7477059
tt10019978,nm7870411
tt10019982,nm7477058
tt10019982,nm7477059
tt10019982,nm7870411
tt10019986,nm7477058
tt10019986,nm7477059
tt10019986,nm7870411
tt10019988,nm7477058
tt10019988,nm7477059
tt10019988,nm7870411
tt10019992,nm7477058
tt10019992,nm7477059
tt10019992,nm7870411
tt10019994,nm7477058
tt10019994,nm7477059
tt10019994,nm7870411
tt10019996,nm7477058
tt10019996,nm7477059
tt10019996,nm7870411
tt10019998,nm7477058
tt10019998,nm7477059
tt10019998,nm7870411
tt10020002,nm14624683
tt10020002,nm7477058
tt10020002,nm7477059
tt10020002,nm7870411
tt10020002,nm8498176
tt10020006,nm14624683
tt10020006,nm7477058
tt10020006,nm7477059
tt10020006,nm7870411
tt10020006,nm8498176
tt10020014,nm14624683
tt10020014,nm7477058
tt10020014,nm7477059
tt10020014,nm7870411
tt10020014,nm8498176
tt10020016,nm14624683
tt10020016,nm7477058
tt10020016,nm7477059
tt10020016,nm7870411
tt10020016,nm8498176
tt10020020,nm14624683
tt10020020,nm7477058
tt10020020,nm7477059
tt10020020,nm7870411
tt10020020,nm8498176
tt10020022,nm14624683
tt10020022,nm7477058
tt10020022,nm7477059
tt10020022,nm7870411
tt10020022,nm8498176
tt10020024,nm2281085
tt10020028,nm14624683
tt10020028,nm7477058
tt10020028,nm7477059
tt10020028,nm7870411
tt10020028,nm8498176
tt10020030,nm14624683
tt10020030,nm7477058
tt10020030,nm7477059
tt10020030,nm7870411
tt10020030,nm8498176
tt10020032,nm14624683
tt10020032,nm7477058
tt10020032,nm7477059
tt10020032,nm7870411
tt10020032,nm8498176
tt10020034,nm14624683
tt10020034,nm7477058
tt10020034,nm7477059
tt10020034,nm7870411
tt10020034,nm8498176
tt10020038,nm14624683
tt10020038,nm7477058
tt10020038,nm7477059
tt10020038,nm7870411
tt10020038,nm8498176
tt10020040,nm14624683
tt10020040,nm7477058
tt10020040,nm7477059
tt10020040,nm7870411
tt10020040,nm8498176
tt10020042,nm14624683
tt10020042,nm7477058
tt10020042,nm7477059
tt10020042,nm7870411
tt10020042,nm8498176
tt10020044,nm14624683
tt10020044,nm7477058
tt10020044,nm7477059
tt10020044,nm7870411
tt10020044,nm8498176
tt10020046,nm14624683
tt10020046,nm7477058
tt10020046,nm7477059
tt10020046,nm7870411
tt10020046,nm8498176
tt10020048,nm3951539
tt10020050,nm14624683
tt10020050,nm7477058
tt10020050,nm7477059
tt10020050,nm7870411
tt10020050,nm8498176
tt10020056,nm14624683
tt10020056,nm7477058
tt10020056,nm7477059
tt10020056,nm7870411
tt10020056,nm8498176
tt10020058,nm14624683
tt10020058,nm7477058
tt10020058,nm7477059
tt10020058,nm7870411
tt10020058,nm8498176
tt10020062,nm14624683
tt10020062,nm7477058
tt10020062,nm7477059
tt10020062,nm7870411
tt10020062,nm8498176
tt10020066,nm1294647
tt10020068,nm1294647
tt10020070,nm1294647
tt10020072,nm1294647
tt10020074,nm1294647
tt10020076,nm1294647
tt10020080,nm1294647
tt10020082,nm1294647
tt10020084,nm1294647
tt10020090,nm1294647
tt10020098,nm8316580
tt10020118,nm1482024
tt10020122,nm1482024
tt10020128,nm1482024
tt10020130,nm1482024
tt10020134,nm1482024
tt10020134,nm9947033
tt10020136,nm1482024
tt10020138,nm1482024
tt10020142,nm1482024
tt10020144,nm1482024
tt10020152,nm1482024
tt10020154,nm1482024
tt10020156,nm1482024
tt10020158,nm1482024
tt10020160,nm1482024
tt10020192,nm1482024
tt10020194,nm1482024
tt10020200,nm1482024
tt10020202,nm1482024
tt10020210,nm1482024
tt10020212,nm1482024
tt10020212,nm9947033
tt10020216,nm1482024
tt10020222,nm1482024
tt10020228,nm1482024
tt10020232,nm1482024
tt10020286,nm1482024
tt10020382,nm3718050
tt10020430,nm3603873
tt10020436,nm3603873
tt10020438,nm3603873
tt10020440,nm3603873
tt10020442,nm3603873
tt10020470,nm1419057
tt10020526,nm10544815
tt10020526,nm6847133
tt10020578,nm5310446
tt10020600,nm1376348
tt10020732,nm0089537
tt10020774,nm3513211
tt10020882,nm9085937
tt10020958,nm5117417
tt10020986,nm6866264
tt10021050,nm2606340
tt10021144,nm5115546
tt10021144,nm5117417
tt10021210,nm10372157
tt10021286,nm3070616
tt10021288,nm5115546
tt10021306,nm3070616
tt10021366,nm5115546
tt10021580,nm0494558
tt10021610,nm6510964
tt10021622,nm1359003
tt10021748,nm3169115
tt10021748,nm4820877
tt10021786,nm8225805
tt10021804,nm1376717
tt10022000,nm1680266
tt10022016,nm2125471
tt10022058,nm10188660
tt10022066,nm0120268
tt10022066,nm8703884
tt10022082,nm9110320
tt10022086,nm9110320
tt10022090,nm4820877
tt10022092,nm9110320
tt10022100,nm9110320
tt10022110,nm9110320
tt10022116,nm9110320
tt10022138,nm9110320
tt10022146,nm9110320
tt10022158,nm4518526
tt10022160,nm9110320
tt10022170,nm9110320
tt10022174,nm9110320
tt10022180,nm9110320
tt10022188,nm9110320
tt10022196,nm9110320
tt10022202,nm9110320
tt10022206,nm9110320
tt10022220,nm9110320
tt10022226,nm9110320
tt10022236,nm9110320
tt10022258,nm4263124
tt10022280,nm9597967
tt10022338,nm9511037
tt10022342,nm7249718
tt10022354,nm2156137
tt10022366,nm7249718
tt10022382,nm9745754
tt10022396,nm10548525
tt10022418,nm8766096
tt10022458,nm2318062
tt10022458,nm3144664
tt10022514,nm10485263
tt10022526,nm7374172
tt10022684,nm10548713
tt10022748,nm2092178
tt10022748,nm8534382
tt10022760,nm9972230
tt10022766,nm1278381
tt10022770,nm2668802
tt10022780,nm0033619
tt10022800,nm10548793
tt10022824,nm10548793
tt10022852,nm6693353
tt10022854,nm5129470
tt10022868,nm4675103
tt10022892,nm4675103
tt10022960,nm10548918
tt10022988,nm6383984
tt10022998,nm10548936
tt10023006,nm10548939
tt10023032,nm10548959
tt10023036,nm10261782
tt10023036,nm10262159
tt10023052,nm8492168
tt10023066,nm0494558
tt10023072,nm0494558
tt10023076,nm10549043
tt10023114,nm0557975
tt10023154,nm1621250
tt10023156,nm0557975
tt10023158,nm0557975
tt10023160,nm0557975
tt10023162,nm8546743
tt10023164,nm8546743
tt10023166,nm0557975
tt10023170,nm0557975
tt10023206,nm8120204
tt10023208,nm10549131
tt10023208,nm6823691
tt10023224,nm1818096
tt10023244,nm2043837
tt10023282,nm10549175
tt10023288,nm10436056
tt10023288,nm3142629
tt10023290,nm5749435
tt10023314,nm10549212
tt10023318,nm0947875
tt10023330,nm6213444
tt10023456,nm10549321
tt10023460,nm6258918
tt10023480,nm10549334
tt10023698,nm14624683
tt10023698,nm7477058
tt10023698,nm7477059
tt10023698,nm7870411
tt10023698,nm8498176
tt10023700,nm14624683
tt10023700,nm7477058
tt10023700,nm7477059
tt10023700,nm7870411
tt10023700,nm8498176
tt10023704,nm14624683
tt10023704,nm7477058
tt10023704,nm7477059
tt10023704,nm7870411
tt10023704,nm8498176
tt10023706,nm14624683
tt10023706,nm7477058
tt10023706,nm7477059
tt10023706,nm7870411
tt10023706,nm8498176
tt10023708,nm14624683
tt10023708,nm7477058
tt10023708,nm7477059
tt10023708,nm7870411
tt10023708,nm8498176
tt10023710,nm14624683
tt10023710,nm7477058
tt10023710,nm7477059
tt10023710,nm7870411
tt10023710,nm8498176
tt10023712,nm14624683
tt10023712,nm7477058
tt10023712,nm7477059
tt10023712,nm7870411
tt10023712,nm8498176
tt10023714,nm14624683
tt10023714,nm7477058
tt10023714,nm7477059
tt10023714,nm7870411
tt10023714,nm8498176
tt10023716,nm14624683
tt10023716,nm7477058
tt10023716,nm7477059
tt10023716,nm7870411
tt10023716,nm8498176
tt10023720,nm14624683
tt10023720,nm1756732
tt10023720,nm7477058
tt10023720,nm7477059
tt10023720,nm7870411
tt10023720,nm8498176
tt10023724,nm14624683
tt10023724,nm1756732
tt10023724,nm7477058
tt10023724,nm7477059
tt10023724,nm7870411
tt10023724,nm8498176
tt10023726,nm14624683
tt10023726,nm1756732
tt10023726,nm7477058
tt10023726,nm7477059
tt10023726,nm7870411
tt10023726,nm8498176
tt10023728,nm14624683
tt10023728,nm1756732
tt10023728,nm7477058
tt10023728,nm7477059
tt10023728,nm7870411
tt10023728,nm8498176
tt10023732,nm14624683
tt10023732,nm1756732
tt10023732,nm7477058
tt10023732,nm7477059
tt10023732,nm7870411
tt10023732,nm8498176
tt10023734,nm14624683
tt10023734,nm1756732
tt10023734,nm7477058
tt10023734,nm7477059
tt10023734,nm7870411
tt10023734,nm8498176
tt10023736,nm14624683
tt10023736,nm1756732
tt10023736,nm7477058
tt10023736,nm7477059
tt10023736,nm7870411
tt10023736,nm8498176
tt10023740,nm14624683
tt10023740,nm1756732
tt10023740,nm7477058
tt10023740,nm7477059
tt10023740,nm7870411
tt10023740,nm8498176
tt10023742,nm14624683
tt10023742,nm1756732
tt10023742,nm7477058
tt10023742,nm7477059
tt10023742,nm7870411
tt10023742,nm8498176
tt10023748,nm14624683
tt10023748,nm1756732
tt10023748,nm7477058
tt10023748,nm7477059
tt10023748,nm7870411
tt10023748,nm8498176
tt10023756,nm14624683
tt10023756,nm1756732
tt10023756,nm7477058
tt10023756,nm7477059
tt10023756,nm7870411
tt10023756,nm8498176
tt10023762,nm7477058
tt10023762,nm7477059
tt10023762,nm7870411
tt10023766,nm7477058
tt10023766,nm7477059
tt10023766,nm7870411
tt10023768,nm7477058
tt10023768,nm7477059
tt10023768,nm7870411
tt10023770,nm7477058
tt10023770,nm7477059
tt10023770,nm7870411
tt10023772,nm7477058
tt10023772,nm7477059
tt10023772,nm7870411
tt10023774,nm7477058
tt10023774,nm7477059
tt10023774,nm7870411
tt10023778,nm7477058
tt10023778,nm7477059
tt10023778,nm7870411
tt10023780,nm7477058
tt10023780,nm7477059
tt10023780,nm7870411
tt10023782,nm7477058
tt10023782,nm7477059
tt10023782,nm7870411
tt10023784,nm7477058
tt10023784,nm7477059
tt10023784,nm7870411
tt10023788,nm7477058
tt10023788,nm7477059
tt10023788,nm7870411
tt10023790,nm7477058
tt10023790,nm7477059
tt10023790,nm7870411
tt10023792,nm7477058
tt10023792,nm7477059
tt10023792,nm7870411
tt10023796,nm7477058
tt10023796,nm7477059
tt10023796,nm7870411
tt10023798,nm7477058
tt10023798,nm7477059
tt10023798,nm7870411
tt10023802,nm7477058
tt10023802,nm7477059
tt10023802,nm7870411
tt10023804,nm7477058
tt10023804,nm7477059
tt10023804,nm7870411
tt10023806,nm7477058
tt10023806,nm7477059
tt10023806,nm7870411
tt10023808,nm7477058
tt10023808,nm7477059
tt10023808,nm7870411
tt10023810,nm7477058
tt10023810,nm7477059
tt10023810,nm7870411
tt10024046,nm0437062
tt10024046,nm2652913
tt10024048,nm0437062
tt10024048,nm2652913
tt10024050,nm0437062
tt10024050,nm2652913
tt10024052,nm0437062
tt10024052,nm2652913
tt10024054,nm0437062
tt10024054,nm2652913
tt10024056,nm0437062
tt10024056,nm2652913
tt10024058,nm0437062
tt10024058,nm2652913
tt10024060,nm0437062
tt10024060,nm2652913
tt10024062,nm0437062
tt10024062,nm2652913
tt10024064,nm0437062
tt10024064,nm2652913
tt10024066,nm0437062
tt10024066,nm2652913
tt10024068,nm0437062
tt10024068,nm2652913
tt10024070,nm0437062
tt10024070,nm2652913
tt10024076,nm0437062
tt10024078,nm0437062
tt10024080,nm0437062
tt10024082,nm0437062
tt10024084,nm0437062
tt10024086,nm0437062
tt10024088,nm0437062
tt10024092,nm0437062
tt10024096,nm0437062
tt10024098,nm0437062
tt10024100,nm0437062
tt10024106,nm0437062
tt10024108,nm0437062
tt10024110,nm0437062
tt10024114,nm0437062
tt10024116,nm0437062
tt10024118,nm0437062
tt10024120,nm0437062
tt10024122,nm0437062
tt10024124,nm0437062
tt10024130,nm0437062
tt10024136,nm8766096
tt10024196,nm8766096
tt10024222,nm9505932
tt10024224,nm9505932
tt10024226,nm9505932
tt10024228,nm9505932
tt10024232,nm9505932
tt10024234,nm9505932
tt10024236,nm9505932
tt10024238,nm9505932
tt10024240,nm9505932
tt10024242,nm9505932
tt10024244,nm9505932
tt10024246,nm9505932
tt10024248,nm9505932
tt10024250,nm9505932
tt10024252,nm9505932
tt10024254,nm9505932
tt10024256,nm9505932
tt10024258,nm9505932
tt10024260,nm9505932
tt10024262,nm9505932
tt10024266,nm9505932
tt10024268,nm9505932
tt10024270,nm9505932
tt10024272,nm9505932
tt10024274,nm9505932
tt10024276,nm9505932
tt10024278,nm9505932
tt10024280,nm9505932
tt10024282,nm9505932
tt10024284,nm9505932
tt10024286,nm9505932
tt10024288,nm9505932
tt10024290,nm9505932
tt10024292,nm9505932
tt10024294,nm9505932
tt10024296,nm9505932
tt10024298,nm9505932
tt10024300,nm9505932
tt10024302,nm9505932
tt10024304,nm9505932
tt10024310,nm10213937
tt10024310,nm5706265
tt10024310,nm7012490
tt10024326,nm2285610
tt10024332,nm2285610
tt10024336,nm10549551
tt10024340,nm2285610
tt10024344,nm2285610
tt10024352,nm2301870
tt10024398,nm2285610
tt10024458,nm2285610
tt10024464,nm5531788
tt10024468,nm5531788
tt10024470,nm2285610
tt10024472,nm5531788
tt10024474,nm5531788
tt10024476,nm5531788
tt10024480,nm5531788
tt10024482,nm5531788
tt10024484,nm5531788
tt10024486,nm5531788
tt10024490,nm2285610
tt10024492,nm5531788
tt10024496,nm5531788
tt10024498,nm5531788
tt10024500,nm5531788
tt10024502,nm5531788
tt10024506,nm5531788
tt10024508,nm5531788
tt10024510,nm10549642
tt10024512,nm2285610
tt10024514,nm5531788
tt10024516,nm9628825
tt10024518,nm5531788
tt10024520,nm5531788
tt10024522,nm5531788
tt10024524,nm5531788
tt10024526,nm5531788
tt10024528,nm5531788
tt10024530,nm2285610
tt10024538,nm2285610
tt10024546,nm2285610
tt10024558,nm10549649
tt10024566,nm2285610
tt10024596,nm10549695
tt10024912,nm3137290
tt10024912,nm6654066
tt10024914,nm3137290
tt10024914,nm6654066
tt10024916,nm3137290
tt10024916,nm6654066
tt10024920,nm3137290
tt10024920,nm6654066
tt10024926,nm3137290
tt10024926,nm6654066
tt10024928,nm3137290
tt10024928,nm6654066
tt10024930,nm3137290
tt10024930,nm6654066
tt10024932,nm3137290
tt10024932,nm6654066
tt10024936,nm3137290
tt10024936,nm6654066
tt10024942,nm3137290
tt10024942,nm6654066
tt10024944,nm3137290
tt10024944,nm6654066
tt10024946,nm3137290
tt10024946,nm6654066
tt10024950,nm3137290
tt10024950,nm6654066
tt10024954,nm3137290
tt10024954,nm6654066
tt10024956,nm3137290
tt10024956,nm6654066
tt10024958,nm3137290
tt10024958,nm6654066
tt10024960,nm3137290
tt10024960,nm6654066
tt10024964,nm3137290
tt10024964,nm6654066
tt10024966,nm3137290
tt10024966,nm6654066
tt10024970,nm3137290
tt10024970,nm6654066
tt10025136,nm7477059
tt10025136,nm9987936
tt10025138,nm7477059
tt10025138,nm9987936
tt10025140,nm7477059
tt10025140,nm9987936
tt10025142,nm7477059
tt10025142,nm9987936
tt10025144,nm7477059
tt10025144,nm9987936
tt10025146,nm7477059
tt10025146,nm9987936
tt10025150,nm7477059
tt10025150,nm9987936
tt10025152,nm7477059
tt10025152,nm9987936
tt10025154,nm7477059
tt10025154,nm9987936
tt10025158,nm7477059
tt10025158,nm9987936
tt10025160,nm7477059
tt10025160,nm9987936
tt10025162,nm7477059
tt10025162,nm9987936
tt10025164,nm7477059
tt10025164,nm9987936
tt10025166,nm7477059
tt10025166,nm9987936
tt10025168,nm7477059
tt10025168,nm9987936
tt10025170,nm7477059
tt10025170,nm9987936
tt10025172,nm7477059
tt10025172,nm9987936
tt10025174,nm7477059
tt10025174,nm9987936
tt10025176,nm7477059
tt10025176,nm9987936
tt10025180,nm7477059
tt10025180,nm9987936
tt10025182,nm10539168
tt10025184,nm10539168
tt10025186,nm10539168
tt10025188,nm10539168
tt10025190,nm10539168
tt10025192,nm10539168
tt10025194,nm10539168
tt10025198,nm10539168
tt10025202,nm10539168
tt10025204,nm10539168
tt10025206,nm10539168
tt10025210,nm10539168
tt10025212,nm10539168
tt10025214,nm10539168
tt10025216,nm10539168
tt10025218,nm10539168
tt10025220,nm10539168
tt10025222,nm10539168
tt10025226,nm10539168
tt10025228,nm10539168
tt10025230,nm9850643
tt10025240,nm5706265
tt10025242,nm1699760
tt10025242,nm2419378
tt10025242,nm4199515
tt10025242,nm6677193
tt10025242,nm7073474
tt10025246,nm1699760
tt10025246,nm2419378
tt10025246,nm4199515
tt10025246,nm6677193
tt10025246,nm7073474
tt10025248,nm1699760
tt10025248,nm2419378
tt10025248,nm4199515
tt10025248,nm6677193
tt10025248,nm7073474
tt10025250,nm1699760
tt10025250,nm2419378
tt10025250,nm4199515
tt10025250,nm6677193
tt10025250,nm7073474
tt10025252,nm1699760
tt10025252,nm2419378
tt10025252,nm4199515
tt10025252,nm6677193
tt10025252,nm7073474
tt10025254,nm1699760
tt10025254,nm2419378
tt10025254,nm4199515
tt10025254,nm6677193
tt10025254,nm7073474
tt10025260,nm1699760
tt10025260,nm2419378
tt10025260,nm4199515
tt10025260,nm6677193
tt10025260,nm7073474
tt10025264,nm1699760
tt10025264,nm2419378
tt10025264,nm4199515
tt10025264,nm6677193
tt10025264,nm7073474
tt10025266,nm1699760
tt10025266,nm2419378
tt10025266,nm4199515
tt10025266,nm6677193
tt10025266,nm7073474
tt10025268,nm1699760
tt10025268,nm2419378
tt10025268,nm4199515
tt10025268,nm6677193
tt10025268,nm7073474
tt10025272,nm1699760
tt10025272,nm2419378
tt10025272,nm4199515
tt10025272,nm6677193
tt10025272,nm7073474
tt10025274,nm1699760
tt10025274,nm2419378
tt10025274,nm4199515
tt10025274,nm6677193
tt10025274,nm7073474
tt10025276,nm1699760
tt10025276,nm2419378
tt10025276,nm4199515
tt10025276,nm6677193
tt10025276,nm7073474
tt10025278,nm1699760
tt10025278,nm2419378
tt10025278,nm4199515
tt10025278,nm6677193
tt10025278,nm7073474
tt10025280,nm1699760
tt10025280,nm2419378
tt10025280,nm4199515
tt10025280,nm6677193
tt10025280,nm7073474
tt10025284,nm1699760
tt10025284,nm2419378
tt10025284,nm4199515
tt10025284,nm6677193
tt10025284,nm7073474
tt10025286,nm1699760
tt10025286,nm2419378
tt10025286,nm4199515
tt10025286,nm6677193
tt10025286,nm7073474
tt10025290,nm1699760
tt10025290,nm2419378
tt10025290,nm4199515
tt10025290,nm6677193
tt10025290,nm7073474
tt10025292,nm1699760
tt10025292,nm2419378
tt10025292,nm4199515
tt10025292,nm6677193
tt10025292,nm7073474
tt10025294,nm1699760
tt10025294,nm2419378
tt10025294,nm4199515
tt10025294,nm6677193
tt10025294,nm7073474
tt10025298,nm1699760
tt10025298,nm2419378
tt10025298,nm4199515
tt10025298,nm6677193
tt10025298,nm7073474
tt10025300,nm1699760
tt10025300,nm2419378
tt10025300,nm4199515
tt10025300,nm6677193
tt10025300,nm7073474
tt10025304,nm5706265
tt10025306,nm1699760
tt10025306,nm2419378
tt10025306,nm4199515
tt10025306,nm6677193
tt10025306,nm7073474
tt10025308,nm1699760
tt10025308,nm2419378
tt10025308,nm4199515
tt10025308,nm6677193
tt10025308,nm7073474
tt10025310,nm1699760
tt10025310,nm2419378
tt10025310,nm4199515
tt10025310,nm6677193
tt10025310,nm7073474
tt10025312,nm1699760
tt10025312,nm2419378
tt10025312,nm4199515
tt10025312,nm6677193
tt10025312,nm7073474
tt10025314,nm7678704
tt10025316,nm1699760
tt10025316,nm2419378
tt10025316,nm4199515
tt10025316,nm6677193
tt10025316,nm7073474
tt10025318,nm1699760
tt10025318,nm2419378
tt10025318,nm4199515
tt10025318,nm6677193
tt10025318,nm7073474
tt10025320,nm1699760
tt10025320,nm2419378
tt10025320,nm4199515
tt10025320,nm6677193
tt10025320,nm7073474
tt10025322,nm1699760
tt10025322,nm2419378
tt10025322,nm4199515
tt10025322,nm6677193
tt10025322,nm7073474
tt10025326,nm1699760
tt10025326,nm2419378
tt10025326,nm4199515
tt10025326,nm6677193
tt10025326,nm7073474
tt10025330,nm1699760
tt10025330,nm2419378
tt10025330,nm4199515
tt10025330,nm6677193
tt10025330,nm7073474
tt10025332,nm1699760
tt10025332,nm2419378
tt10025332,nm4199515
tt10025332,nm6677193
tt10025332,nm7073474
tt10025334,nm1699760
tt10025334,nm2419378
tt10025334,nm4199515
tt10025334,nm6677193
tt10025334,nm7073474
tt10025336,nm1699760
tt10025336,nm2419378
tt10025336,nm4199515
tt10025336,nm6677193
tt10025336,nm7073474
tt10025338,nm1699760
tt10025338,nm2419378
tt10025338,nm4199515
tt10025338,nm6677193
tt10025338,nm7073474
tt10025340,nm1699760
tt10025340,nm2419378
tt10025340,nm4199515
tt10025340,nm6677193
tt10025340,nm7073474
tt10025342,nm0230665
tt10025344,nm1699760
tt10025344,nm2419378
tt10025344,nm4199515
tt10025344,nm6677193
tt10025344,nm7073474
tt10025346,nm1699760
tt10025346,nm2419378
tt10025346,nm4199515
tt10025346,nm6677193
tt10025346,nm7073474
tt10025348,nm1699760
tt10025348,nm2419378
tt10025348,nm4199515
tt10025348,nm6677193
tt10025348,nm7073474
tt10025350,nm6684133
tt10025356,nm5706265
tt10025398,nm5706265
tt10025456,nm5706265
tt10025458,nm0721342
tt10025458,nm1542079
tt10025458,nm2775161
tt10025460,nm0721342
tt10025460,nm1542079
tt10025460,nm2775161
tt10025462,nm0721342
tt10025462,nm1542079
tt10025462,nm2775161
tt10025464,nm0721342
tt10025464,nm1542079
tt10025464,nm2775161
tt10025468,nm0721342
tt10025468,nm1542079
tt10025468,nm2775161
tt10025476,nm0721342
tt10025476,nm1542079
tt10025476,nm2775161
tt10025478,nm0721342
tt10025478,nm1542079
tt10025478,nm2775161
tt10025482,nm0721342
tt10025482,nm1542079
tt10025482,nm2775161
tt10025486,nm0721342
tt10025486,nm1542079
tt10025486,nm2775161
tt10025488,nm0721342
tt10025488,nm1542079
tt10025488,nm2775161
tt10025490,nm0721342
tt10025490,nm1542079
tt10025490,nm2775161
tt10025492,nm0721342
tt10025492,nm1542079
tt10025492,nm2775161
tt10025496,nm0721342
tt10025496,nm1542079
tt10025496,nm2775161
tt10025498,nm0721342
tt10025498,nm1542079
tt10025498,nm2775161
tt10025500,nm0721342
tt10025500,nm1542079
tt10025500,nm2775161
tt10025502,nm0721342
tt10025502,nm1542079
tt10025502,nm2775161
tt10025504,nm0721342
tt10025504,nm1542079
tt10025504,nm2775161
tt10025506,nm0721342
tt10025506,nm1542079
tt10025506,nm2775161
tt10025508,nm0721342
tt10025508,nm1542079
tt10025508,nm2775161
tt1002563,nm0637493
tt10025684,nm10527996
tt10025740,nm10527996
tt10025766,nm6604884
tt10025768,nm10550077
tt10025790,nm0474604
tt10025878,nm5133771
tt10025892,nm9501818
tt10025996,nm10631312
tt10025996,nm11741397
tt10025996,nm4027968
tt10026002,nm10631312
tt10026002,nm11741397
tt10026002,nm4027968
tt10026004,nm10631312
tt10026004,nm11741397
tt10026004,nm4027968
tt10026006,nm10631312
tt10026006,nm11741397
tt10026006,nm4027968
tt10026010,nm10631312
tt10026010,nm11741397
tt10026010,nm4027968
tt10026012,nm10631312
tt10026012,nm11741397
tt10026012,nm4027968
tt10026014,nm10631312
tt10026014,nm11741397
tt10026014,nm4027968
tt10026016,nm10631312
tt10026016,nm11741397
tt10026016,nm4027968
tt10026020,nm10631312
tt10026020,nm11741397
tt10026020,nm4027968
tt10026022,nm10631312
tt10026022,nm11741397
tt10026022,nm4027968
tt10026026,nm10631312
tt10026026,nm11741397
tt10026026,nm4027968
tt10026028,nm10631312
tt10026028,nm11741397
tt10026028,nm4027968
tt10026030,nm10631312
tt10026030,nm11741397
tt10026030,nm4027968
tt10026034,nm10631312
tt10026034,nm11741397
tt10026034,nm4027968
tt10026036,nm10631312
tt10026036,nm11741397
tt10026036,nm4027968
tt10026040,nm10631312
tt10026040,nm11741397
tt10026040,nm4027968
tt10026042,nm10631312
tt10026042,nm11741397
tt10026042,nm4027968
tt10026044,nm10631312
tt10026044,nm11741397
tt10026044,nm4027968
tt10026046,nm10631312
tt10026046,nm11741397
tt10026046,nm4027968
tt10026048,nm10631312
tt10026048,nm11741397
tt10026048,nm4027968
tt10026050,nm10631312
tt10026050,nm11741397
tt10026050,nm4027968
tt10026058,nm10631312
tt10026058,nm11741397
tt10026058,nm4027968
tt10026060,nm10631312
tt10026060,nm11741397
tt10026060,nm4027968
tt10026084,nm3988897
tt10026096,nm9027482
tt10026098,nm3464033
tt10026100,nm10544815
tt10026100,nm6847133
tt10026128,nm10550310
tt10026144,nm3988897
tt10026196,nm5115546
tt10026198,nm2668802
tt10026322,nm5115546
tt10026322,nm6092330
tt10026332,nm10539608
tt10026354,nm10265449
tt10026376,nm10550447
tt10026412,nm10539608
tt10026552,nm3695286
tt10026616,nm10550613
tt10026644,nm0295649
tt10026662,nm0295649
tt10026668,nm10274150
tt10026672,nm0295649
tt10026682,nm0295649
tt10026686,nm1224184
tt10026694,nm0295649
tt10026700,nm0295649
tt10026722,nm0945031
tt10026726,nm7617830
tt10026756,nm6231315
tt10026800,nm6231315
tt10026802,nm10550742
tt10026802,nm10550743
tt10026804,nm6231315
tt10026814,nm6231315
tt10026826,nm6231315
tt10026834,nm4701768
tt10026844,nm0802551
tt10026844,nm10459972
tt10026844,nm1884233
tt10026844,nm2008948
tt10026852,nm6231315
tt10026870,nm6231315
tt10026874,nm5706265
tt10026876,nm6231315
tt10026880,nm6231315
tt10026884,nm6231315
tt10026886,nm6231315
tt10026888,nm5706265
tt10026890,nm6231315
tt10026892,nm8837634
tt10026900,nm5706265
tt10026908,nm10550802
tt10026918,nm7012490
tt10026930,nm7012490
tt10026970,nm2017180
tt10027082,nm6371691
tt10027166,nm6793414
tt10027174,nm4955111
tt10027178,nm10252514
tt10027180,nm4008978
tt10027214,nm0880127
tt10027214,nm8313573
tt10027216,nm0880127
tt10027216,nm8313573
tt10027220,nm0880127
tt10027220,nm8313573
tt10027222,nm0880127
tt10027222,nm8313573
tt10027226,nm0880127
tt10027226,nm8313573
tt10027240,nm0880127
tt10027240,nm8313573
tt10027242,nm0880127
tt10027242,nm8313573
tt10027244,nm0880127
tt10027244,nm8313573
tt10027252,nm0880127
tt10027252,nm8313573
tt10027256,nm0880127
tt10027256,nm8313573
tt10027258,nm0880127
tt10027258,nm8313573
tt10027260,nm0880127
tt10027260,nm8313573
tt10027262,nm0880127
tt10027262,nm8313573
tt10027264,nm0880127
tt10027264,nm8313573
tt10027322,nm8669976
tt10027334,nm3988897
tt10027336,nm2346514
tt10027366,nm7823484
tt10027418,nm3273063
tt10027450,nm7772170
tt10027452,nm8702183
tt10027474,nm7744775
tt10027488,nm0469232
tt10027488,nm1022180
tt10027506,nm10417992
tt10027506,nm10551083
tt10027518,nm10551091
tt10027518,nm4286844
tt10027556,nm3988897
tt10027596,nm6861183
tt10027660,nm10551091
tt10027668,nm10551091
tt10027690,nm2323645
tt10027704,nm3041623
tt10027754,nm9622174
tt10027888,nm10348507
tt10027894,nm10297145
tt10027934,nm0997581
tt10027938,nm10551350
tt10027956,nm0955661
tt10027978,nm4582863
tt10027986,nm3968711
tt10028030,nm9736915
tt10028036,nm1884233
tt10028124,nm2382961
tt10028158,nm10523961
tt10028162,nm9534097
tt10028230,nm10535359
tt10028240,nm10535359
tt10028256,nm0352118
tt10028256,nm3464791
tt10028260,nm0352118
tt10028260,nm10511050
tt10028262,nm0352118
tt10028262,nm10817517
tt10028266,nm0352118
tt10028266,nm2102409
tt10028276,nm1650246
tt10028320,nm5225987
tt10028424,nm0437654
tt10028464,nm10466316
tt10028532,nm11786789
tt10028532,nm11786790
tt10028594,nm5945915
tt10028600,nm1141884
tt10028600,nm5945915
tt10028626,nm5458806
tt10028630,nm10055177
tt10028708,nm8289101
tt10028766,nm1326107
tt10028772,nm5063035
tt10028772,nm5063098
tt10028818,nm5063035
tt10028818,nm5063098
tt10028854,nm8367723
tt10028856,nm10551723
tt10029026,nm9981657
tt10029044,nm10203828
tt10029118,nm10551799
tt10029120,nm2523083
tt10029128,nm0459182
tt10029130,nm1490112
tt10029274,nm1086110
tt10029274,nm4802346
tt10029286,nm10047855
tt10029320,nm10551889
tt10029404,nm9501818
tt10029440,nm1086110
tt10029440,nm4802346
tt10029450,nm1086110
tt10029450,nm4802346
tt10029520,nm10551799
tt10029558,nm1920387
tt10029558,nm9568152
tt10029564,nm10551799
tt10029620,nm10631312
tt10029620,nm11741397
tt10029620,nm4027968
tt10029624,nm10631312
tt10029624,nm11741397
tt10029624,nm4027968
tt10029628,nm10631312
tt10029628,nm11741397
tt10029628,nm4027968
tt10029632,nm10631312
tt10029632,nm11741397
tt10029632,nm4027968
tt10029634,nm10631312
tt10029634,nm11741397
tt10029634,nm4027968
tt10029636,nm10631312
tt10029636,nm11741397
tt10029636,nm4027968
tt10029638,nm10631312
tt10029638,nm11741397
tt10029638,nm4027968
tt10029640,nm10631312
tt10029640,nm11741397
tt10029640,nm4027968
tt10029642,nm10631312
tt10029642,nm11741397
tt10029642,nm4027968
tt10029644,nm10631312
tt10029644,nm11741397
tt10029644,nm4027968
tt10029646,nm10631312
tt10029646,nm11741397
tt10029646,nm4027968
tt10029648,nm10631312
tt10029648,nm11741397
tt10029648,nm4027968
tt10029650,nm10631312
tt10029650,nm11741397
tt10029650,nm4027968
tt10029654,nm10631312
tt10029654,nm11741397
tt10029654,nm4027968
tt10029656,nm10631312
tt10029656,nm11741397
tt10029656,nm4027968
tt10029658,nm10631312
tt10029658,nm11741397
tt10029658,nm4027968
tt10029660,nm10631312
tt10029660,nm11741397
tt10029660,nm4027968
tt10029664,nm10631312
tt10029664,nm11741397
tt10029664,nm4027968
tt10029670,nm10354181
tt10029670,nm2056331
tt10029748,nm10551889
tt10030092,nm0721342
tt10030092,nm1542079
tt10030092,nm2775161
tt10030094,nm0721342
tt10030094,nm1542079
tt10030094,nm2775161
tt10030096,nm0721342
tt10030096,nm1542079
tt10030096,nm2775161
tt10030098,nm0721342
tt10030098,nm1542079
tt10030098,nm2775161
tt10030100,nm0721342
tt10030100,nm1542079
tt10030100,nm2775161
tt10030102,nm0721342
tt10030102,nm1542079
tt10030102,nm2775161
tt10030104,nm0721342
tt10030104,nm1542079
tt10030104,nm2775161
tt10030106,nm0721342
tt10030106,nm1542079
tt10030106,nm2775161
tt10030108,nm0721342
tt10030108,nm1542079
tt10030108,nm2775161
tt10030110,nm0721342
tt10030110,nm1542079
tt10030110,nm2775161
tt10030114,nm0721342
tt10030114,nm1542079
tt10030114,nm2775161
tt10030118,nm0721342
tt10030118,nm1542079
tt10030118,nm2775161
tt10030120,nm0721342
tt10030120,nm1542079
tt10030120,nm2775161
tt10030122,nm0721342
tt10030122,nm1542079
tt10030122,nm2775161
tt10030124,nm0721342
tt10030124,nm1542079
tt10030124,nm2775161
tt10030126,nm0721342
tt10030126,nm1542079
tt10030126,nm2775161
tt10030128,nm0721342
tt10030128,nm1542079
tt10030128,nm2775161
tt10030130,nm0721342
tt10030130,nm1542079
tt10030130,nm2775161
tt10030132,nm0721342
tt10030132,nm1542079
tt10030132,nm2775161
tt10030136,nm0721342
tt10030136,nm1542079
tt10030136,nm2775161
tt10030138,nm8207419
tt10030254,nm1699760
tt10030254,nm2419378
tt10030254,nm4199515
tt10030254,nm6677193
tt10030254,nm7073474
tt10030258,nm1699760
tt10030258,nm2419378
tt10030258,nm4199515
tt10030258,nm6677193
tt10030258,nm7073474
tt10030260,nm1699760
tt10030260,nm2419378
tt10030260,nm4199515
tt10030260,nm6677193
tt10030260,nm7073474
tt10030262,nm1699760
tt10030262,nm2419378
tt10030262,nm4199515
tt10030262,nm6677193
tt10030262,nm7073474
tt10030264,nm1699760
tt10030264,nm2419378
tt10030264,nm4199515
tt10030264,nm6677193
tt10030264,nm7073474
tt10030266,nm1699760
tt10030266,nm2419378
tt10030266,nm4199515
tt10030266,nm6677193
tt10030266,nm7073474
tt10030268,nm1699760
tt10030268,nm2419378
tt10030268,nm4199515
tt10030268,nm6677193
tt10030268,nm7073474
tt10030270,nm1699760
tt10030270,nm2419378
tt10030270,nm4199515
tt10030270,nm6677193
tt10030270,nm7073474
tt10030272,nm1699760
tt10030272,nm2419378
tt10030272,nm4199515
tt10030272,nm6677193
tt10030272,nm7073474
tt10030276,nm1699760
tt10030276,nm2419378
tt10030276,nm4199515
tt10030276,nm6677193
tt10030276,nm7073474
tt10030278,nm1699760
tt10030278,nm2419378
tt10030278,nm4199515
tt10030278,nm6677193
tt10030278,nm7073474
tt10030280,nm1699760
tt10030280,nm2419378
tt10030280,nm4199515
tt10030280,nm6677193
tt10030280,nm7073474
tt10030282,nm5222402
tt10030284,nm1699760
tt10030284,nm2419378
tt10030284,nm4199515
tt10030284,nm6677193
tt10030284,nm7073474
tt10030286,nm1699760
tt10030286,nm2419378
tt10030286,nm4199515
tt10030286,nm6677193
tt10030286,nm7073474
tt10030288,nm1699760
tt10030288,nm2419378
tt10030288,nm4199515
tt10030288,nm6677193
tt10030288,nm7073474
tt10030292,nm1699760
tt10030292,nm2419378
tt10030292,nm4199515
tt10030292,nm6677193
tt10030292,nm7073474
tt10030294,nm1699760
tt10030294,nm2419378
tt10030294,nm4199515
tt10030294,nm6677193
tt10030294,nm7073474
tt10030296,nm1699760
tt10030296,nm2419378
tt10030296,nm4199515
tt10030296,nm6677193
tt10030296,nm7073474
tt10030298,nm1699760
tt10030298,nm2419378
tt10030298,nm4199515
tt10030298,nm6677193
tt10030298,nm7073474
tt10030300,nm1699760
tt10030300,nm2419378
tt10030300,nm4199515
tt10030300,nm6677193
tt10030300,nm7073474
tt10030306,nm1699760
tt10030306,nm2419378
tt10030306,nm4199515
tt10030306,nm6677193
tt10030306,nm7073474
tt10030308,nm1699760
tt10030308,nm2419378
tt10030308,nm4199515
tt10030308,nm6677193
tt10030308,nm7073474
tt10030310,nm1699760
tt10030310,nm2419378
tt10030310,nm4199515
tt10030310,nm6677193
tt10030310,nm7073474
tt10030312,nm1699760
tt10030312,nm2419378
tt10030312,nm4199515
tt10030312,nm6677193
tt10030312,nm7073474
tt10030314,nm1699760
tt10030314,nm2419378
tt10030314,nm4199515
tt10030314,nm6677193
tt10030314,nm7073474
tt10030316,nm1699760
tt10030316,nm2419378
tt10030316,nm4199515
tt10030316,nm6677193
tt10030316,nm7073474
tt10030318,nm1699760
tt10030318,nm2419378
tt10030318,nm4199515
tt10030318,nm6677193
tt10030318,nm7073474
tt10030320,nm1699760
tt10030320,nm2419378
tt10030320,nm4199515
tt10030320,nm6677193
tt10030320,nm7073474
tt10030322,nm1699760
tt10030322,nm2419378
tt10030322,nm4199515
tt10030322,nm6677193
tt10030322,nm7073474
tt10030324,nm1699760
tt10030324,nm2419378
tt10030324,nm4199515
tt10030324,nm6677193
tt10030324,nm7073474
tt10030326,nm1699760
tt10030326,nm2419378
tt10030326,nm4199515
tt10030326,nm6677193
tt10030326,nm7073474
tt10030328,nm1699760
tt10030328,nm2419378
tt10030328,nm4199515
tt10030328,nm6677193
tt10030328,nm7073474
tt10030330,nm1699760
tt10030330,nm2419378
tt10030330,nm4199515
tt10030330,nm6677193
tt10030330,nm7073474
tt10030332,nm1699760
tt10030332,nm2419378
tt10030332,nm4199515
tt10030332,nm6677193
tt10030332,nm7073474
tt10030334,nm1699760
tt10030334,nm2419378
tt10030334,nm4199515
tt10030334,nm6677193
tt10030334,nm7073474
tt10030336,nm1699760
tt10030336,nm2419378
tt10030336,nm4199515
tt10030336,nm6677193
tt10030336,nm7073474
tt10030338,nm1699760
tt10030338,nm2419378
tt10030338,nm4199515
tt10030338,nm6677193
tt10030338,nm7073474
tt10030340,nm1699760
tt10030340,nm2419378
tt10030340,nm4199515
tt10030340,nm6677193
tt10030340,nm7073474
tt10030342,nm1699760
tt10030342,nm2419378
tt10030342,nm4199515
tt10030342,nm6677193
tt10030342,nm7073474
tt10030344,nm1699760
tt10030344,nm2419378
tt10030344,nm4199515
tt10030344,nm6677193
tt10030344,nm7073474
tt10030348,nm10539168
tt10030350,nm10539168
tt10030352,nm10539168
tt10030354,nm10539168
tt10030356,nm10539168
tt10030358,nm10539168
tt10030360,nm10539168
tt10030362,nm10539168
tt10030364,nm10539168
tt10030366,nm10539168
tt10030368,nm10539168
tt10030370,nm10539168
tt10030372,nm10539168
tt10030374,nm10539168
tt10030376,nm10539168
tt10030378,nm10539168
tt10030380,nm10539168
tt10030382,nm10539168
tt10030384,nm10539168
tt10030386,nm10539168
tt10030392,nm7477059
tt10030392,nm9987936
tt10030396,nm7477059
tt10030396,nm9987936
tt10030398,nm7477059
tt10030398,nm9987936
tt10030400,nm7477059
tt10030400,nm9987936
tt10030402,nm7477059
tt10030402,nm9987936
tt10030404,nm7477059
tt10030404,nm9987936
tt10030406,nm7477059
tt10030406,nm9987936
tt10030408,nm7477059
tt10030408,nm9987936
tt10030410,nm7477059
tt10030410,nm9987936
tt10030412,nm7477059
tt10030412,nm9987936
tt10030416,nm7477059
tt10030416,nm9987936
tt10030418,nm7477059
tt10030418,nm9987936
tt10030420,nm7477059
tt10030420,nm9987936
tt10030422,nm7477059
tt10030422,nm9987936
tt10030424,nm7477059
tt10030424,nm9987936
tt10030428,nm7477059
tt10030428,nm9987936
tt10030430,nm7477059
tt10030430,nm9987936
tt10030432,nm7477059
tt10030432,nm9987936
tt10030434,nm7477059
tt10030434,nm9987936
tt10030500,nm3137290
tt10030500,nm6654066
tt10030502,nm3137290
tt10030502,nm6654066
tt10030504,nm3137290
tt10030504,nm6654066
tt10030506,nm3137290
tt10030506,nm6654066
tt10030508,nm3137290
tt10030508,nm6654066
tt10030510,nm3137290
tt10030510,nm6654066
tt10030512,nm3137290
tt10030512,nm6654066
tt10030514,nm3137290
tt10030514,nm6654066
tt10030516,nm3137290
tt10030516,nm6654066
tt10030828,nm9505932
tt10030830,nm9505932
tt10030832,nm9505932
tt10030834,nm9505932
tt10030836,nm9505932
tt10030838,nm9505932
tt10030840,nm9505932
tt10030842,nm9505932
tt10030844,nm9505932
tt10030846,nm9505932
tt10030848,nm9505932
tt10030850,nm9505932
tt10030852,nm9505932
tt10030854,nm9505932
tt10030856,nm9505932
tt10030858,nm9505932
tt10030860,nm9505932
tt10030862,nm9505932
tt10030864,nm9505932
tt10030870,nm9505932
tt10030878,nm9505932
tt10030882,nm9505932
tt10030884,nm9505932
tt10030886,nm9505932
tt10030888,nm9505932
tt10030890,nm9505932
tt10030892,nm9505932
tt10030894,nm9505932
tt10030896,nm9505932
tt10030900,nm9505932
tt10030902,nm9505932
tt10030904,nm9505932
tt10030906,nm9505932
tt10030910,nm9505932
tt10030912,nm9505932
tt10030914,nm9505932
tt10030920,nm9505932
tt10030926,nm9505932
tt10030928,nm9505932
tt10030932,nm9505932
tt10031214,nm9441191
tt10031244,nm7477058
tt10031244,nm7477059
tt10031244,nm7870411
tt10031246,nm7477058
tt10031246,nm7477059
tt10031246,nm7870411
tt10031248,nm7477058
tt10031248,nm7477059
tt10031248,nm7870411
tt10031250,nm7477058
tt10031250,nm7477059
tt10031250,nm7870411
tt10031256,nm7477058
tt10031256,nm7477059
tt10031256,nm7870411
tt10031258,nm7477058
tt10031258,nm7477059
tt10031258,nm7870411
tt10031260,nm7477058
tt10031260,nm7477059
tt10031260,nm7870411
tt10031264,nm7477058
tt10031264,nm7477059
tt10031264,nm7870411
tt10031266,nm7477058
tt10031266,nm7477059
tt10031266,nm7870411
tt10031268,nm7477058
tt10031268,nm7477059
tt10031268,nm7870411
tt10031270,nm7477058
tt10031270,nm7477059
tt10031270,nm7870411
tt10031276,nm7477058
tt10031276,nm7477059
tt10031276,nm7870411
tt10031278,nm7477058
tt10031278,nm7477059
tt10031278,nm7870411
tt10031280,nm7477058
tt10031280,nm7477059
tt10031280,nm7870411
tt10031282,nm7477058
tt10031282,nm7477059
tt10031282,nm7870411
tt10031284,nm7477058
tt10031284,nm7477059
tt10031284,nm7870411
tt10031286,nm7477058
tt10031286,nm7477059
tt10031286,nm7870411
tt10031288,nm7477058
tt10031288,nm7477059
tt10031288,nm7870411
tt10031290,nm7477058
tt10031290,nm7477059
tt10031290,nm7870411
tt10031292,nm7477058
tt10031292,nm7477059
tt10031292,nm7870411
tt10031294,nm14624683
tt10031294,nm7477058
tt10031294,nm7477059
tt10031294,nm7870411
tt10031294,nm8498176
tt10031296,nm14624683
tt10031296,nm7477058
tt10031296,nm7477059
tt10031296,nm7870411
tt10031296,nm8498176
tt10031298,nm14624683
tt10031298,nm7477058
tt10031298,nm7477059
tt10031298,nm7870411
tt10031298,nm8498176
tt10031300,nm14624683
tt10031300,nm7477058
tt10031300,nm7477059
tt10031300,nm7870411
tt10031300,nm8498176
tt10031302,nm14624683
tt10031302,nm7477058
tt10031302,nm7477059
tt10031302,nm7870411
tt10031302,nm8498176
tt10031304,nm14624683
tt10031304,nm7477058
tt10031304,nm7477059
tt10031304,nm7870411
tt10031304,nm8498176
tt10031306,nm14624683
tt10031306,nm7477058
tt10031306,nm7477059
tt10031306,nm7870411
tt10031306,nm8498176
tt10031308,nm14624683
tt10031308,nm7477058
tt10031308,nm7477059
tt10031308,nm7870411
tt10031308,nm8498176
tt10031310,nm14624683
tt10031310,nm7477058
tt10031310,nm7477059
tt10031310,nm7870411
tt10031310,nm8498176
tt10031312,nm14624683
tt10031312,nm7477058
tt10031312,nm7477059
tt10031312,nm7870411
tt10031312,nm8498176
tt10031314,nm14624683
tt10031314,nm7477058
tt10031314,nm7477059
tt10031314,nm7870411
tt10031314,nm8498176
tt10031316,nm14624683
tt10031316,nm7477058
tt10031316,nm7477059
tt10031316,nm7870411
tt10031316,nm8498176
tt10031318,nm14624683
tt10031318,nm7477058
tt10031318,nm7477059
tt10031318,nm7870411
tt10031318,nm8498176
tt10031322,nm14624683
tt10031322,nm7477058
tt10031322,nm7477059
tt10031322,nm7870411
tt10031322,nm8498176
tt10031324,nm14624683
tt10031324,nm7477058
tt10031324,nm7477059
tt10031324,nm7870411
tt10031324,nm8498176
tt10031326,nm14624683
tt10031326,nm7477058
tt10031326,nm7477059
tt10031326,nm7870411
tt10031326,nm8498176
tt10031328,nm14624683
tt10031328,nm7477058
tt10031328,nm7477059
tt10031328,nm7870411
tt10031328,nm8498176
tt10031330,nm14624683
tt10031330,nm7477058
tt10031330,nm7477059
tt10031330,nm7870411
tt10031330,nm8498176
tt10031332,nm14624683
tt10031332,nm7477058
tt10031332,nm7477059
tt10031332,nm7870411
tt10031332,nm8498176
tt10031466,nm2396167
tt10031506,nm1452641
tt10031536,nm10552200
tt10031628,nm2749463
tt10031686,nm2129968
tt10031686,nm4907854
tt10031686,nm4908114
tt10031758,nm10631312
tt10031758,nm11741397
tt10031758,nm4027968
tt10031760,nm10631312
tt10031760,nm11741397
tt10031760,nm4027968
tt10031762,nm10631312
tt10031762,nm11741397
tt10031762,nm4027968
tt10031764,nm10631312
tt10031764,nm11741397
tt10031764,nm4027968
tt10031766,nm10631312
tt10031766,nm11741397
tt10031766,nm4027968
tt10031768,nm10631312
tt10031768,nm11741397
tt10031768,nm4027968
tt10031770,nm10631312
tt10031770,nm11741397
tt10031770,nm4027968
tt10031772,nm10631312
tt10031772,nm11741397
tt10031772,nm4027968
tt10031774,nm10631312
tt10031774,nm11741397
tt10031774,nm4027968
tt10031776,nm10631312
tt10031776,nm11741397
tt10031776,nm4027968
tt10031778,nm10631312
tt10031778,nm11741397
tt10031778,nm4027968
tt10031780,nm10631312
tt10031780,nm11741397
tt10031780,nm4027968
tt10031782,nm10631312
tt10031782,nm11741397
tt10031782,nm4027968
tt10031786,nm10631312
tt10031786,nm11741397
tt10031786,nm4027968
tt10031788,nm10631312
tt10031788,nm11741397
tt10031788,nm4027968
tt10031790,nm10631312
tt10031790,nm11741397
tt10031790,nm4027968
tt10031792,nm10631312
tt10031792,nm11741397
tt10031792,nm4027968
tt10031794,nm10631312
tt10031794,nm11741397
tt10031794,nm4027968
tt10031796,nm10631312
tt10031796,nm11741397
tt10031796,nm4027968
tt10031798,nm10631312
tt10031798,nm11741397
tt10031798,nm4027968
tt10031800,nm10631312
tt10031800,nm11741397
tt10031800,nm4027968
tt10031802,nm10631312
tt10031802,nm11741397
tt10031802,nm4027968
tt10031806,nm10631312
tt10031806,nm11741397
tt10031806,nm4027968
tt10031810,nm10631312
tt10031810,nm11741397
tt10031810,nm4027968
tt10031812,nm10631312
tt10031812,nm11741397
tt10031812,nm4027968
tt10031814,nm10631312
tt10031814,nm11741397
tt10031814,nm4027968
tt10031816,nm10631312
tt10031816,nm11741397
tt10031816,nm4027968
tt10031818,nm10631312
tt10031818,nm11741397
tt10031818,nm4027968
tt10031820,nm10631312
tt10031820,nm11741397
tt10031820,nm4027968
tt10031822,nm10631312
tt10031822,nm11741397
tt10031822,nm4027968
tt10031824,nm10631312
tt10031824,nm11741397
tt10031824,nm4027968
tt10031826,nm10631312
tt10031826,nm11741397
tt10031826,nm4027968
tt10031828,nm10631312
tt10031828,nm11741397
tt10031828,nm4027968
tt10031830,nm10631312
tt10031830,nm11741397
tt10031830,nm4027968
tt10031832,nm10631312
tt10031832,nm11741397
tt10031832,nm4027968
tt10031834,nm10631312
tt10031834,nm11741397
tt10031834,nm4027968
tt10031846,nm9501818
tt10031872,nm7048843
tt10031930,nm10552282
tt10031948,nm1333903
tt10031950,nm7048843
tt10032106,nm3802888
tt10032160,nm2181150
tt10032238,nm10552346
tt10032388,nm10552420
tt10032452,nm4774621
tt10032472,nm4774621
tt10032484,nm4774621
tt10032530,nm1143938
tt10032530,nm7764462
tt10032562,nm9096708
tt10032578,nm10552547
tt10032620,nm10348507
tt10032700,nm4774621
tt10032726,nm4774621
tt10032744,nm7764462
tt10032754,nm10552644
tt10032780,nm10552659
tt10032824,nm10631312
tt10032824,nm11741397
tt10032824,nm4027968
tt10032826,nm10631312
tt10032826,nm11741397
tt10032826,nm4027968
tt10032828,nm10631312
tt10032828,nm11741397
tt10032828,nm4027968
tt10032832,nm10631312
tt10032832,nm11741397
tt10032832,nm4027968
tt10032834,nm10631312
tt10032834,nm11741397
tt10032834,nm4027968
tt10032838,nm10631312
tt10032838,nm11741397
tt10032838,nm4027968
tt10032840,nm10631312
tt10032840,nm11741397
tt10032840,nm4027968
tt10032842,nm10631312
tt10032842,nm11741397
tt10032842,nm4027968
tt10032844,nm10631312
tt10032844,nm11741397
tt10032844,nm4027968
tt10032846,nm10631312
tt10032846,nm11741397
tt10032846,nm4027968
tt10032848,nm10631312
tt10032848,nm11741397
tt10032848,nm4027968
tt10032852,nm10631312
tt10032852,nm11741397
tt10032852,nm4027968
tt10032854,nm10631312
tt10032854,nm11741397
tt10032854,nm4027968
tt10032856,nm10631312
tt10032856,nm11741397
tt10032856,nm4027968
tt10032858,nm10631312
tt10032858,nm11741397
tt10032858,nm4027968
tt10032860,nm10631312
tt10032860,nm11741397
tt10032860,nm4027968
tt10032864,nm10631312
tt10032864,nm11741397
tt10032864,nm4027968
tt10032866,nm10631312
tt10032866,nm11741397
tt10032866,nm4027968
tt10032868,nm10631312
tt10032868,nm11741397
tt10032868,nm4027968
tt10032870,nm10631312
tt10032870,nm11741397
tt10032870,nm4027968
tt10032874,nm10631312
tt10032874,nm11741397
tt10032874,nm4027968
tt10032878,nm10631312
tt10032878,nm11741397
tt10032878,nm4027968
tt10032880,nm10631312
tt10032880,nm11741397
tt10032880,nm4027968
tt10032882,nm10631312
tt10032882,nm11741397
tt10032882,nm4027968
tt10032884,nm10631312
tt10032884,nm11741397
tt10032884,nm4027968
tt10032886,nm10631312
tt10032886,nm11741397
tt10032886,nm4027968
tt10032890,nm10631312
tt10032890,nm11741397
tt10032890,nm4027968
tt10032892,nm0608262
tt10032892,nm1144108
tt10032892,nm1228151
tt10032892,nm2557098
tt10032894,nm10631312
tt10032894,nm11741397
tt10032894,nm4027968
tt10032896,nm10631312
tt10032896,nm11741397
tt10032896,nm4027968
tt10032898,nm10631312
tt10032898,nm11741397
tt10032898,nm4027968
tt10032900,nm10631312
tt10032900,nm11741397
tt10032900,nm4027968
tt10032902,nm10631312
tt10032902,nm11741397
tt10032902,nm4027968
tt10032904,nm10631312
tt10032904,nm11741397
tt10032904,nm4027968
tt10032906,nm10631312
tt10032906,nm11741397
tt10032906,nm4027968
tt10032908,nm10631312
tt10032908,nm11741397
tt10032908,nm4027968
tt10032910,nm10631312
tt10032910,nm11741397
tt10032910,nm4027968
tt10032912,nm10631312
tt10032912,nm11741397
tt10032912,nm4027968
tt10032914,nm10631312
tt10032914,nm11741397
tt10032914,nm4027968
tt10032916,nm10631312
tt10032916,nm11741397
tt10032916,nm4027968
tt10032918,nm10631312
tt10032918,nm11741397
tt10032918,nm4027968
tt10033144,nm14624683
tt10033144,nm7477058
tt10033144,nm7477059
tt10033144,nm7870411
tt10033144,nm8498176
tt10033146,nm14624683
tt10033146,nm7477058
tt10033146,nm7477059
tt10033146,nm7870411
tt10033146,nm8498176
tt10033148,nm14624683
tt10033148,nm7477058
tt10033148,nm7477059
tt10033148,nm7870411
tt10033148,nm8498176
tt10033150,nm14624683
tt10033150,nm7477058
tt10033150,nm7477059
tt10033150,nm7870411
tt10033150,nm8498176
tt10033156,nm14624683
tt10033156,nm7477058
tt10033156,nm7477059
tt10033156,nm7870411
tt10033156,nm8498176
tt10033158,nm14624683
tt10033158,nm7477058
tt10033158,nm7477059
tt10033158,nm7870411
tt10033158,nm8498176
tt10033160,nm14624683
tt10033160,nm7477058
tt10033160,nm7477059
tt10033160,nm7870411
tt10033160,nm8498176
tt10033162,nm14624683
tt10033162,nm7477058
tt10033162,nm7477059
tt10033162,nm7870411
tt10033162,nm8498176
tt10033166,nm14624683
tt10033166,nm7477058
tt10033166,nm7477059
tt10033166,nm7870411
tt10033166,nm8498176
tt10033168,nm14624683
tt10033168,nm7477058
tt10033168,nm7477059
tt10033168,nm7870411
tt10033168,nm8498176
tt10033170,nm14624683
tt10033170,nm7477058
tt10033170,nm7477059
tt10033170,nm7870411
tt10033170,nm8498176
tt10033172,nm14624683
tt10033172,nm7477058
tt10033172,nm7477059
tt10033172,nm7870411
tt10033172,nm8498176
tt10033174,nm14624683
tt10033174,nm7477058
tt10033174,nm7477059
tt10033174,nm7870411
tt10033174,nm8498176
tt10033176,nm14624683
tt10033176,nm7477058
tt10033176,nm7477059
tt10033176,nm7870411
tt10033176,nm8498176
tt10033178,nm14624683
tt10033178,nm7477058
tt10033178,nm7477059
tt10033178,nm7870411
tt10033178,nm8498176
tt10033180,nm14624683
tt10033180,nm7477058
tt10033180,nm7477059
tt10033180,nm7870411
tt10033180,nm8498176
tt10033182,nm14624683
tt10033182,nm7477058
tt10033182,nm7477059
tt10033182,nm7870411
tt10033182,nm8498176
tt10033186,nm14624683
tt10033186,nm7477058
tt10033186,nm7477059
tt10033186,nm7870411
tt10033186,nm8498176
tt10033188,nm14624683
tt10033188,nm7477058
tt10033188,nm7477059
tt10033188,nm7870411
tt10033188,nm8498176
tt10033190,nm14624683
tt10033190,nm7477058
tt10033190,nm7477059
tt10033190,nm7870411
tt10033190,nm8498176
tt10033192,nm14624683
tt10033192,nm7477058
tt10033192,nm7477059
tt10033192,nm7870411
tt10033192,nm8498176
tt10033194,nm14624683
tt10033194,nm7477058
tt10033194,nm7477059
tt10033194,nm7870411
tt10033194,nm8498176
tt10033198,nm7477058
tt10033198,nm7477059
tt10033198,nm7870411
tt10033204,nm7477058
tt10033204,nm7477059
tt10033204,nm7870411
tt10033206,nm7477058
tt10033206,nm7477059
tt10033206,nm7870411
tt10033208,nm7477058
tt10033208,nm7477059
tt10033208,nm7870411
tt10033210,nm7477058
tt10033210,nm7477059
tt10033210,nm7870411
tt10033212,nm7477058
tt10033212,nm7477059
tt10033212,nm7870411
tt10033214,nm7477058
tt10033214,nm7477059
tt10033214,nm7870411
tt10033216,nm7477058
tt10033216,nm7477059
tt10033216,nm7870411
tt10033218,nm7477058
tt10033218,nm7477059
tt10033218,nm7870411
tt10033222,nm7477058
tt10033222,nm7477059
tt10033222,nm7870411
tt10033224,nm7477058
tt10033224,nm7477059
tt10033224,nm7870411
tt10033226,nm7477058
tt10033226,nm7477059
tt10033226,nm7870411
tt10033228,nm7477058
tt10033228,nm7477059
tt10033228,nm7870411
tt10033230,nm7477058
tt10033230,nm7477059
tt10033230,nm7870411
tt10033232,nm7477058
tt10033232,nm7477059
tt10033232,nm7870411
tt10033234,nm7477058
tt10033234,nm7477059
tt10033234,nm7870411
tt10033236,nm7477058
tt10033236,nm7477059
tt10033236,nm7870411
tt10033238,nm7477058
tt10033238,nm7477059
tt10033238,nm7870411
tt10033240,nm7477058
tt10033240,nm7477059
tt10033240,nm7870411
tt10033242,nm7477058
tt10033242,nm7477059
tt10033242,nm7870411
tt10033338,nm2008948
tt10033410,nm10552760
tt10033410,nm3178138
tt10033434,nm7764462
tt10033464,nm7764462
tt10033480,nm7764462
tt10033482,nm9505932
tt10033484,nm9505932
tt10033486,nm9505932
tt10033488,nm9505932
tt10033490,nm9505932
tt10033492,nm9505932
tt10033496,nm9505932
tt10033498,nm9505932
tt10033500,nm9505932
tt10033502,nm9505932
tt10033506,nm9505932
tt10033508,nm9505932
tt10033510,nm9505932
tt10033512,nm9505932
tt10033514,nm9505932
tt10033516,nm9505932
tt10033518,nm9505932
tt10033520,nm9505932
tt10033522,nm9505932
tt10033524,nm9505932
tt10033526,nm7764462
tt10033528,nm9505932
tt10033530,nm9505932
tt10033532,nm9505932
tt10033534,nm9505932
tt10033536,nm9505932
tt10033540,nm9505932
tt10033542,nm9505932
tt10033544,nm9505932
tt10033546,nm9505932
tt10033548,nm9505932
tt10033550,nm9505932
tt10033552,nm9505932
tt10033554,nm9505932
tt10033558,nm9505932
tt10033560,nm9505932
tt10033562,nm9505932
tt10033564,nm9505932
tt10033566,nm9505932
tt10033570,nm9505932
tt10033572,nm9505932
tt10033576,nm7764462
tt10033586,nm7764462
tt10033590,nm7764462
tt10033594,nm9954721
tt10033602,nm7764462
tt10033606,nm7764462
tt10033608,nm10543572
tt10033610,nm7764462
tt10033614,nm7764462
tt10033620,nm7764462
tt10033628,nm7764462
tt10033636,nm9465453
tt10033640,nm7764462
tt10033648,nm7764462
tt10033654,nm10552787
tt10033676,nm3321925
tt10033692,nm5967896
tt10033744,nm10552866
tt10033760,nm10552890
tt10033822,nm9340031
tt10033832,nm7447248
tt10033838,nm4897775
tt10033842,nm4897775
tt10033852,nm2366663
tt10033854,nm4303832
tt10033902,nm8710783
tt10033904,nm10552957
tt10033912,nm8153768
tt10033916,nm0096049
tt10033920,nm3068958
tt10033920,nm3441224
tt10033934,nm2582494
tt10033934,nm2593081
tt10033934,nm6650107
tt10034022,nm0541902
tt10034024,nm8991888
tt10034044,nm0411523
tt10034044,nm2901897
tt10034044,nm5299872
tt10034110,nm0411523
tt10034110,nm2901897
tt10034114,nm0411523
tt10034114,nm2901897
tt10034116,nm0411523
tt10034116,nm2901897
tt10034118,nm0411523
tt10034118,nm2901897
tt10034120,nm0411523
tt10034120,nm2901897
tt10034122,nm0411523
tt10034122,nm2901897
tt10034128,nm0411523
tt10034128,nm2901897
tt10034130,nm0411523
tt10034130,nm2901897
tt10034136,nm1550913
tt10034168,nm2586010
tt10034184,nm1452641
tt10034206,nm2138245
tt10034206,nm4204280
tt10034236,nm2582532
tt10034256,nm5006536
tt10034312,nm4940268
tt10034400,nm10546903
tt10034406,nm10553265
tt10034462,nm5945915
tt10034468,nm1802178
tt10034468,nm4830959
tt10034472,nm1802178
tt10034474,nm1802178
tt10034476,nm1645635
tt10034476,nm1802178
tt10034480,nm1802178
tt10034482,nm1802178
tt10034482,nm2569616
tt10034486,nm12307305
tt10034486,nm1802178
tt10034490,nm0865778
tt10034490,nm1802178
tt10034496,nm10531909
tt10034496,nm1802178
tt10034498,nm1802178
tt10034500,nm1802178
tt10034738,nm6175957
tt10034788,nm7841296
tt10034788,nm8302396
tt10035042,nm2611451
tt10035042,nm2951696
tt10035042,nm7779410
tt10035046,nm2235190
tt10035050,nm4891785
tt10035058,nm1922147
tt10035068,nm10553623
tt10035074,nm4891785
tt10035120,nm3648980
tt10035124,nm7150152
tt10035150,nm10100525
tt10035174,nm3150680
tt10035254,nm3581874
tt10035268,nm1141391
tt10035400,nm1141391
tt10035454,nm10539168
tt10035456,nm10539168
tt10035460,nm10539168
tt10035462,nm10539168
tt10035464,nm10539168
tt10035466,nm10539168
tt10035468,nm10539168
tt10035470,nm10539168
tt10035472,nm10539168
tt10035474,nm10539168
tt10035476,nm10539168
tt10035480,nm10539168
tt10035482,nm10539168
tt10035484,nm10539168
tt10035486,nm10539168
tt10035488,nm10539168
tt10035490,nm10539168
tt10035494,nm10539168
tt10035496,nm10539168
tt10035498,nm10539168
tt10035504,nm1699760
tt10035504,nm2419378
tt10035504,nm4199515
tt10035504,nm6677193
tt10035504,nm7073474
tt10035506,nm1699760
tt10035506,nm2419378
tt10035506,nm4199515
tt10035506,nm6677193
tt10035506,nm7073474
tt10035508,nm1699760
tt10035508,nm2419378
tt10035508,nm4199515
tt10035508,nm6677193
tt10035508,nm7073474
tt10035510,nm1699760
tt10035510,nm2419378
tt10035510,nm4199515
tt10035510,nm6677193
tt10035510,nm7073474
tt10035512,nm1699760
tt10035512,nm2419378
tt10035512,nm4199515
tt10035512,nm6677193
tt10035512,nm7073474
tt10035514,nm1699760
tt10035514,nm2419378
tt10035514,nm4199515
tt10035514,nm6677193
tt10035514,nm7073474
tt10035516,nm1699760
tt10035516,nm2419378
tt10035516,nm4199515
tt10035516,nm6677193
tt10035516,nm7073474
tt10035518,nm1699760
tt10035518,nm2419378
tt10035518,nm4199515
tt10035518,nm6677193
tt10035518,nm7073474
tt10035524,nm1699760
tt10035524,nm2419378
tt10035524,nm4199515
tt10035524,nm6677193
tt10035524,nm7073474
tt10035526,nm1699760
tt10035526,nm2419378
tt10035526,nm4199515
tt10035526,nm6677193
tt10035526,nm7073474
tt10035528,nm1699760
tt10035528,nm2419378
tt10035528,nm4199515
tt10035528,nm6677193
tt10035528,nm7073474
tt10035530,nm1699760
tt10035530,nm2419378
tt10035530,nm4199515
tt10035530,nm6677193
tt10035530,nm7073474
tt10035532,nm1699760
tt10035532,nm2419378
tt10035532,nm4199515
tt10035532,nm6677193
tt10035532,nm7073474
tt10035534,nm1699760
tt10035534,nm2419378
tt10035534,nm4199515
tt10035534,nm6677193
tt10035534,nm7073474
tt10035536,nm1699760
tt10035536,nm2419378
tt10035536,nm4199515
tt10035536,nm6677193
tt10035536,nm7073474
tt10035540,nm1699760
tt10035540,nm2419378
tt10035540,nm4199515
tt10035540,nm6677193
tt10035540,nm7073474
tt10035542,nm1699760
tt10035542,nm2419378
tt10035542,nm4199515
tt10035542,nm6677193
tt10035542,nm7073474
tt10035544,nm1699760
tt10035544,nm2419378
tt10035544,nm4199515
tt10035544,nm6677193
tt10035544,nm7073474
tt10035546,nm1699760
tt10035546,nm2419378
tt10035546,nm4199515
tt10035546,nm6677193
tt10035546,nm7073474
tt10035548,nm1699760
tt10035548,nm2419378
tt10035548,nm4199515
tt10035548,nm6677193
tt10035548,nm7073474
tt10035554,nm1699760
tt10035554,nm2419378
tt10035554,nm4199515
tt10035554,nm6677193
tt10035554,nm7073474
tt10035556,nm1699760
tt10035556,nm2419378
tt10035556,nm4199515
tt10035556,nm6677193
tt10035556,nm7073474
tt10035562,nm1699760
tt10035562,nm2419378
tt10035562,nm4199515
tt10035562,nm6677193
tt10035562,nm7073474
tt10035564,nm1699760
tt10035564,nm2419378
tt10035564,nm4199515
tt10035564,nm6677193
tt10035564,nm7073474
tt10035566,nm1699760
tt10035566,nm2419378
tt10035566,nm4199515
tt10035566,nm6677193
tt10035566,nm7073474
tt10035568,nm1699760
tt10035568,nm2419378
tt10035568,nm4199515
tt10035568,nm6677193
tt10035568,nm7073474
tt10035570,nm6870368
tt10035572,nm1699760
tt10035572,nm2419378
tt10035572,nm4199515
tt10035572,nm6677193
tt10035572,nm7073474
tt10035574,nm1699760
tt10035574,nm2419378
tt10035574,nm4199515
tt10035574,nm6677193
tt10035574,nm7073474
tt10035576,nm1699760
tt10035576,nm2419378
tt10035576,nm4199515
tt10035576,nm6677193
tt10035576,nm7073474
tt10035580,nm1699760
tt10035580,nm2419378
tt10035580,nm4199515
tt10035580,nm6677193
tt10035580,nm7073474
tt10035582,nm1699760
tt10035582,nm2419378
tt10035582,nm4199515
tt10035582,nm6677193
tt10035582,nm7073474
tt10035584,nm1699760
tt10035584,nm2419378
tt10035584,nm4199515
tt10035584,nm6677193
tt10035584,nm7073474
tt10035586,nm1699760
tt10035586,nm2419378
tt10035586,nm4199515
tt10035586,nm6677193
tt10035586,nm7073474
tt10035588,nm1699760
tt10035588,nm2419378
tt10035588,nm4199515
tt10035588,nm6677193
tt10035588,nm7073474
tt10035590,nm1699760
tt10035590,nm2419378
tt10035590,nm4199515
tt10035590,nm6677193
tt10035590,nm7073474
tt10035592,nm1699760
tt10035592,nm2419378
tt10035592,nm4199515
tt10035592,nm6677193
tt10035592,nm7073474
tt10035594,nm1699760
tt10035594,nm2419378
tt10035594,nm4199515
tt10035594,nm6677193
tt10035594,nm7073474
tt10035596,nm1699760
tt10035596,nm2419378
tt10035596,nm4199515
tt10035596,nm6677193
tt10035596,nm7073474
tt10035598,nm1699760
tt10035598,nm2419378
tt10035598,nm4199515
tt10035598,nm6677193
tt10035598,nm7073474
tt10035602,nm1699760
tt10035602,nm2419378
tt10035602,nm4199515
tt10035602,nm6677193
tt10035602,nm7073474
tt10035608,nm1452641
tt10035670,nm0721342
tt10035670,nm1542079
tt10035670,nm2775161
tt10035674,nm0721342
tt10035674,nm1542079
tt10035674,nm2775161
tt10035676,nm0721342
tt10035676,nm1542079
tt10035676,nm2775161
tt10035680,nm0721342
tt10035680,nm1542079
tt10035680,nm2775161
tt10035682,nm0721342
tt10035682,nm1542079
tt10035682,nm2775161
tt10035684,nm0721342
tt10035684,nm1542079
tt10035684,nm2775161
tt10035686,nm0721342
tt10035686,nm1542079
tt10035686,nm2775161
tt10035688,nm0721342
tt10035688,nm1542079
tt10035688,nm2775161
tt10035690,nm0721342
tt10035690,nm1542079
tt10035690,nm2775161
tt10035692,nm0721342
tt10035692,nm1542079
tt10035692,nm2775161
tt10035694,nm0721342
tt10035694,nm1542079
tt10035694,nm2775161
tt10035696,nm0721342
tt10035696,nm1542079
tt10035696,nm2775161
tt10035700,nm0721342
tt10035700,nm1542079
tt10035700,nm2775161
tt10035704,nm0721342
tt10035704,nm1542079
tt10035704,nm2775161
tt10035706,nm0721342
tt10035706,nm1542079
tt10035706,nm2775161
tt10035708,nm0721342
tt10035708,nm1542079
tt10035708,nm2775161
tt10035710,nm0721342
tt10035710,nm1542079
tt10035710,nm2775161
tt10035714,nm0721342
tt10035714,nm1542079
tt10035714,nm2775161
tt10035764,nm1290823
tt10035764,nm2515782
tt10035764,nm2996268
tt10035794,nm5071842
tt10035932,nm9983432
tt10036106,nm10631312
tt10036106,nm11741397
tt10036106,nm4027968
tt10036108,nm10631312
tt10036108,nm11741397
tt10036108,nm4027968
tt10036110,nm10631312
tt10036110,nm11741397
tt10036110,nm4027968
tt10036112,nm10631312
tt10036112,nm11741397
tt10036112,nm4027968
tt10036114,nm10631312
tt10036114,nm11741397
tt10036114,nm4027968
tt10036116,nm10631312
tt10036116,nm11741397
tt10036116,nm4027968
tt10036118,nm10631312
tt10036118,nm11741397
tt10036118,nm4027968
tt10036120,nm10631312
tt10036120,nm11741397
tt10036120,nm4027968
tt10036122,nm10631312
tt10036122,nm11741397
tt10036122,nm4027968
tt10036124,nm10631312
tt10036124,nm11741397
tt10036124,nm4027968
tt10036128,nm10631312
tt10036128,nm11741397
tt10036128,nm4027968
tt10036130,nm10631312
tt10036130,nm11741397
tt10036130,nm4027968
tt10036132,nm10631312
tt10036132,nm11741397
tt10036132,nm4027968
tt10036134,nm10631312
tt10036134,nm11741397
tt10036134,nm4027968
tt10036136,nm10631312
tt10036136,nm11741397
tt10036136,nm4027968
tt10036138,nm10631312
tt10036138,nm11741397
tt10036138,nm4027968
tt10036140,nm10631312
tt10036140,nm11741397
tt10036140,nm4027968
tt10036142,nm10631312
tt10036142,nm11741397
tt10036142,nm4027968
tt10036144,nm10631312
tt10036144,nm11741397
tt10036144,nm4027968
tt10036146,nm10631312
tt10036146,nm11741397
tt10036146,nm4027968
tt10036220,nm7090555
tt10036224,nm7067676
tt10036240,nm2875578
tt10036240,nm4645791
tt10036240,nm8464709
tt10036240,nm9847755
tt10036260,nm8082326
tt10036272,nm2875578
tt10036272,nm4645791
tt10036272,nm8464709
tt10036272,nm9847755
tt10036276,nm2875578
tt10036276,nm4645791
tt10036276,nm8464709
tt10036276,nm9847755
tt10036278,nm2875578
tt10036278,nm4645791
tt10036278,nm8464709
tt10036278,nm9847755
tt10036284,nm2875578
tt10036284,nm4645791
tt10036284,nm8464709
tt10036284,nm9847755
tt10036288,nm2875578
tt10036288,nm4645791
tt10036288,nm8464709
tt10036288,nm9847755
tt10036290,nm2875578
tt10036290,nm4645791
tt10036290,nm8464709
tt10036290,nm9847755
tt10036292,nm2875578
tt10036292,nm4645791
tt10036292,nm8464709
tt10036292,nm9847755
tt10036294,nm2875578
tt10036294,nm4645791
tt10036294,nm8464709
tt10036294,nm9847755
tt10036296,nm2875578
tt10036296,nm4645791
tt10036296,nm8464709
tt10036296,nm9847755
tt10036302,nm2875578
tt10036302,nm4645791
tt10036302,nm8464709
tt10036302,nm9847755
tt10036304,nm2875578
tt10036304,nm4645791
tt10036304,nm8464709
tt10036304,nm9847755
tt10036306,nm2875578
tt10036306,nm4645791
tt10036306,nm8464709
tt10036306,nm9847755
tt10036316,nm2875578
tt10036316,nm4645791
tt10036316,nm8464709
tt10036316,nm9847755
tt10036318,nm2875578
tt10036318,nm4645791
tt10036318,nm8464709
tt10036318,nm9847755
tt10036326,nm2875578
tt10036326,nm4645791
tt10036326,nm8464709
tt10036326,nm9847755
tt10036328,nm2875578
tt10036328,nm4645791
tt10036328,nm8464709
tt10036328,nm9847755
tt10036332,nm2875578
tt10036332,nm4645791
tt10036332,nm8464709
tt10036332,nm9847755
tt10036334,nm2875578
tt10036334,nm4645791
tt10036334,nm8464709
tt10036334,nm9847755
tt10036336,nm2875578
tt10036336,nm4645791
tt10036336,nm8464709
tt10036336,nm9847755
tt10036338,nm2875578
tt10036338,nm4645791
tt10036338,nm8464709
tt10036338,nm9847755
tt10036340,nm10553949
tt10036342,nm2875578
tt10036342,nm4645791
tt10036342,nm8464709
tt10036342,nm9847755
tt10036344,nm2875578
tt10036344,nm4645791
tt10036344,nm8464709
tt10036344,nm9847755
tt10036346,nm2875578
tt10036346,nm4645791
tt10036346,nm8464709
tt10036346,nm9847755
tt10036350,nm2875578
tt10036350,nm4645791
tt10036350,nm8464709
tt10036350,nm9847755
tt10036354,nm2875578
tt10036354,nm4645791
tt10036354,nm8464709
tt10036354,nm9847755
tt10036358,nm2875578
tt10036358,nm4645791
tt10036358,nm8464709
tt10036358,nm9847755
tt10036360,nm2875578
tt10036360,nm4645791
tt10036360,nm8464709
tt10036360,nm9847755
tt10036362,nm2875578
tt10036362,nm4645791
tt10036362,nm8464709
tt10036362,nm9847755
tt10036364,nm2875578
tt10036364,nm4645791
tt10036364,nm8464709
tt10036364,nm9847755
tt10036368,nm2875578
tt10036368,nm4645791
tt10036368,nm8464709
tt10036368,nm9847755
tt10036370,nm2875578
tt10036370,nm4645791
tt10036370,nm8464709
tt10036370,nm9847755
tt10036372,nm2875578
tt10036372,nm4645791
tt10036372,nm8464709
tt10036372,nm9847755
tt10036374,nm2875578
tt10036374,nm4645791
tt10036374,nm8464709
tt10036374,nm9847755
tt10036376,nm2875578
tt10036376,nm4645791
tt10036376,nm8464709
tt10036376,nm9847755
tt10036380,nm2875578
tt10036380,nm4645791
tt10036380,nm8464709
tt10036380,nm9847755
tt10036382,nm2875578
tt10036382,nm4645791
tt10036382,nm8464709
tt10036382,nm9847755
tt10036386,nm2875578
tt10036386,nm4645791
tt10036386,nm8464709
tt10036386,nm9847755
tt10036388,nm2875578
tt10036388,nm4645791
tt10036388,nm8464709
tt10036388,nm9847755
tt10036390,nm2875578
tt10036390,nm4645791
tt10036390,nm8464709
tt10036390,nm9847755
tt10036392,nm2875578
tt10036392,nm4645791
tt10036392,nm8464709
tt10036392,nm9847755
tt10036406,nm10553970
tt10036406,nm10923938
tt10036478,nm5215629
tt10036478,nm7461816
tt10036526,nm9601136
tt10036530,nm9601136
tt10036534,nm9601136
tt10036536,nm9601136
tt10036538,nm9601136
tt10036540,nm9601136
tt10036542,nm9601136
tt10036544,nm9601136
tt10036546,nm9601136
tt10036548,nm9601136
tt10036554,nm9601136
tt10036556,nm9601136
tt10036558,nm9601136
tt10036560,nm9601136
tt10036562,nm9601136
tt10036564,nm9601136
tt10036566,nm9601136
tt10036568,nm9601136
tt10036570,nm9601136
tt10036572,nm9601136
tt10036576,nm9601136
tt10036578,nm9601136
tt10036580,nm9601136
tt10036582,nm9601136
tt10036584,nm9601136
tt10036586,nm9601136
tt10036588,nm9601136
tt10036590,nm4774621
tt10036592,nm9601136
tt10036594,nm9601136
tt10036598,nm9601136
tt10036600,nm9601136
tt10036604,nm9601136
tt10036606,nm9601136
tt10036608,nm9601136
tt10036610,nm9601136
tt10036628,nm5215629
tt10036628,nm7461816
tt10036714,nm2668828
tt10036722,nm10554115
tt10036722,nm10554117
tt10036736,nm5696945
tt10036780,nm1296860
tt10036784,nm1296860
tt10036788,nm1296860
tt10036824,nm2011753
tt10036824,nm2177685
tt10036830,nm2011753
tt10036830,nm2177685
tt10036840,nm1366462
tt10036842,nm1694992
tt10036886,nm3172510
tt10036968,nm7627072
tt10036972,nm3774181
tt10036974,nm4813436
tt10036976,nm4813436
tt10036982,nm1885073
tt10036982,nm4813436
tt10036994,nm4813436
tt10036996,nm9865391
tt10037002,nm4813436
tt10037006,nm3774181
tt10037010,nm4813436
tt10037016,nm4813436
tt10037020,nm4813436
tt10037022,nm10554400
tt10037024,nm7627072
tt10037024,nm9511487
tt10037026,nm1885073
tt10037026,nm4813436
tt10037030,nm3774181
tt10037032,nm10554388
tt10037040,nm10047855
tt10037044,nm8504998
tt10037044,nm8504999
tt10037046,nm9527162
tt10037050,nm0558341
tt10037068,nm9527162
tt10037074,nm9527162
tt10037084,nm9527162
tt10037090,nm9527162
tt10037094,nm9527162
tt10037098,nm9952655
tt10037162,nm2469876
tt10037178,nm7253268
tt10037190,nm3255797
tt10037204,nm5709531
tt10037382,nm10554537
tt10037562,nm10554671
tt10037590,nm10554694
tt10037600,nm5223080
tt10037608,nm10554703
tt10037668,nm6586857
tt10037682,nm10555641
tt10037682,nm5706265
tt10037682,nm6963551
tt10037682,nm6972498
tt10037682,nm7012490
tt10037682,nm9988426
tt10037712,nm10552680
tt10037712,nm10552681
tt10037712,nm10552682
tt10037712,nm10552684
tt10037712,nm10553864
tt10037712,nm10553871
tt10037712,nm10554794
tt10037712,nm10554795
tt10037872,nm2464269
tt10037884,nm7871472
tt10037892,nm6036590
tt10037910,nm5859692
tt10038000,nm8020779
tt10038002,nm9736915
tt10038006,nm6860862
tt10038056,nm7025970
tt10038066,nm10555043
tt10038068,nm4826641
tt10038086,nm10555086
tt10038360,nm9343154
tt10038424,nm0802551
tt10038518,nm5525511
tt10038520,nm5525511
tt10038522,nm5525511
tt10038524,nm5525511
tt10038528,nm5525511
tt10038608,nm5525511
tt10038610,nm5525511
tt10038612,nm5525511
tt10038614,nm5525511
tt10038616,nm5525511
tt10038618,nm5525511
tt10038620,nm5525511
tt10038622,nm5525511
tt10038624,nm5525511
tt10038626,nm5525511
tt10038628,nm5525511
tt10038630,nm5525511
tt10038632,nm5525511
tt10038634,nm5525511
tt10038636,nm5525511
tt10038638,nm5525511
tt10038644,nm2043837
tt10038650,nm10555237
tt10038654,nm10348507
tt10038656,nm2043837
tt10038662,nm4699879
tt10038664,nm9592814
tt10038732,nm10225278
tt10038738,nm10529183
tt10038742,nm7050645
tt10038752,nm10540950
tt10038840,nm9904132
tt10038852,nm10540950
tt10038856,nm2611451
tt10038856,nm2951696
tt10038856,nm7779410
tt10038966,nm10540950
tt10038986,nm2529080
tt10039016,nm2611451
tt10039016,nm2951696
tt10039016,nm7779410
tt10039038,nm10540950
tt10039044,nm1635686
tt10039044,nm2859495
tt10039044,nm7470019
tt10039076,nm2875340
tt10039086,nm0828033
tt10039120,nm10540950
tt10039134,nm9645359
tt10039186,nm6963551
tt10039186,nm9988426
tt10039196,nm6963551
tt10039196,nm9988426
tt10039204,nm6963551
tt10039204,nm9988426
tt10039212,nm6963551
tt10039212,nm9988426
tt10039224,nm10555641
tt10039224,nm9988426
tt10039230,nm6963551
tt10039230,nm9988426
tt10039232,nm10555645
tt10039236,nm6963551
tt10039236,nm9988426
tt10039250,nm7012490
tt10039250,nm9988426
tt10039260,nm6963551
tt10039300,nm1833016
tt10039326,nm6963551
tt10039326,nm9988426
tt10039366,nm7122247
tt10039374,nm8958169
tt10039388,nm10555691
tt10039390,nm10555695
tt10039408,nm3641951
tt10039418,nm1293044
tt10039472,nm8664403
tt10039536,nm10555825
tt10039628,nm7090555
tt10039630,nm6012514
tt10039630,nm6949477
tt10039632,nm3221864
tt10039662,nm10525080
tt10039672,nm10525080
tt10039680,nm10525080
tt10039682,nm10555889
tt10039686,nm9272490
tt10039692,nm8953979
tt10039696,nm10525080
tt10039698,nm10525080
tt10039700,nm9272490
tt10039706,nm10555919
tt10039706,nm10555920
tt10039706,nm10555921
tt10039720,nm0411523
tt10039720,nm2901897
tt10039728,nm0411523
tt10039728,nm2901897
tt10039734,nm0411523
tt10039734,nm2901897
tt10039742,nm0411523
tt10039742,nm2901897
tt10039746,nm0411523
tt10039746,nm2901897
tt10039752,nm0411523
tt10039752,nm2901897
tt10039754,nm0411523
tt10039754,nm2901897
tt10039762,nm0411523
tt10039762,nm2901897
tt10039782,nm3051395
tt10039786,nm8587493
tt10039790,nm9601136
tt10039794,nm9601136
tt10039796,nm9601136
tt10039798,nm9601136
tt10039800,nm9601136
tt10039802,nm9601136
tt10039804,nm9601136
tt10039806,nm9601136
tt10039808,nm9601136
tt10039810,nm9601136
tt10039812,nm9601136
tt10039814,nm9601136
tt10039816,nm9601136
tt10039820,nm9601136
tt10039822,nm9601136
tt10039824,nm9601136
tt10039826,nm9601136
tt10039828,nm9601136
tt10039830,nm9601136
tt10039832,nm9601136
tt10039834,nm9601136
tt10039836,nm9601136
tt10039838,nm9601136
tt10039842,nm9601136
tt10039846,nm9601136
tt10039848,nm9601136
tt10039850,nm9601136
tt10039852,nm9601136
tt10039854,nm9601136
tt10039856,nm9601136
tt10039858,nm9601136
tt10039860,nm9601136
tt10039862,nm9601136
tt10039864,nm9601136
tt10039866,nm9601136
tt10039868,nm9601136
tt10039870,nm9601136
tt10039872,nm9601136
tt10039876,nm9601136
tt10039878,nm9601136
tt10039976,nm4087886
tt10039986,nm2875578
tt10039986,nm4645791
tt10039986,nm8464709
tt10039986,nm9847755
tt10039988,nm2875578
tt10039988,nm4645791
tt10039988,nm8464709
tt10039988,nm9847755
tt10039992,nm2875578
tt10039992,nm4645791
tt10039992,nm8464709
tt10039992,nm9847755
tt10039996,nm2875578
tt10039996,nm4645791
tt10039996,nm8464709
tt10039996,nm9847755
tt10040000,nm2875578
tt10040000,nm4645791
tt10040000,nm8464709
tt10040000,nm9847755
tt10040004,nm2875578
tt10040004,nm4645791
tt10040004,nm8464709
tt10040004,nm9847755
tt10040008,nm2875578
tt10040008,nm4645791
tt10040008,nm8464709
tt10040008,nm9847755
tt10040010,nm2875578
tt10040010,nm4645791
tt10040010,nm8464709
tt10040010,nm9847755
tt10040012,nm2875578
tt10040012,nm4645791
tt10040012,nm8464709
tt10040012,nm9847755
tt10040014,nm2875578
tt10040014,nm4645791
tt10040014,nm8464709
tt10040014,nm9847755
tt10040016,nm2875578
tt10040016,nm4645791
tt10040016,nm8464709
tt10040016,nm9847755
tt10040018,nm2875578
tt10040018,nm4645791
tt10040018,nm8464709
tt10040018,nm9847755
tt10040022,nm2875578
tt10040022,nm4645791
tt10040022,nm8464709
tt10040022,nm9847755
tt10040026,nm2875578
tt10040026,nm4645791
tt10040026,nm8464709
tt10040026,nm9847755
tt10040028,nm2875578
tt10040028,nm4645791
tt10040028,nm8464709
tt10040028,nm9847755
tt10040030,nm2875578
tt10040030,nm4645791
tt10040030,nm8464709
tt10040030,nm9847755
tt10040032,nm2875578
tt10040032,nm4645791
tt10040032,nm8464709
tt10040032,nm9847755
tt10040036,nm2875578
tt10040036,nm4645791
tt10040036,nm8464709
tt10040036,nm9847755
tt10040054,nm2875578
tt10040054,nm4645791
tt10040054,nm8464709
tt10040054,nm9847755
tt10040058,nm2875578
tt10040058,nm4645791
tt10040058,nm8464709
tt10040058,nm9847755
tt10040104,nm10631312
tt10040104,nm11741397
tt10040104,nm4027968
tt10040106,nm10631312
tt10040106,nm11741397
tt10040106,nm4027968
tt10040108,nm10631312
tt10040108,nm11741397
tt10040108,nm4027968
tt10040110,nm10631312
tt10040110,nm11741397
tt10040110,nm4027968
tt10040112,nm10631312
tt10040112,nm11741397
tt10040112,nm4027968
tt10040114,nm10631312
tt10040114,nm11741397
tt10040114,nm4027968
tt10040116,nm10631312
tt10040116,nm11741397
tt10040116,nm4027968
tt10040118,nm10631312
tt10040118,nm11741397
tt10040118,nm4027968
tt10040120,nm10631312
tt10040120,nm11741397
tt10040120,nm4027968
tt10040122,nm10631312
tt10040122,nm11741397
tt10040122,nm4027968
tt10040124,nm10631312
tt10040124,nm11741397
tt10040124,nm4027968
tt10040126,nm10631312
tt10040126,nm11741397
tt10040126,nm4027968
tt10040128,nm10631312
tt10040128,nm11741397
tt10040128,nm4027968
tt10040130,nm10631312
tt10040130,nm11741397
tt10040130,nm4027968
tt10040132,nm10631312
tt10040132,nm11741397
tt10040132,nm4027968
tt10040134,nm10631312
tt10040134,nm11741397
tt10040134,nm4027968
tt10040136,nm10631312
tt10040136,nm11741397
tt10040136,nm4027968
tt10040138,nm10631312
tt10040138,nm11741397
tt10040138,nm4027968
tt10040140,nm10631312
tt10040140,nm11741397
tt10040140,nm4027968
tt10040188,nm9043490
tt10040188,nm9043491
tt10040204,nm9645359
tt10040220,nm1264481
tt10040484,nm0784395
tt10040518,nm0622051
tt10040540,nm7068102
tt10040540,nm7068103
tt10040548,nm1699760
tt10040548,nm2419378
tt10040548,nm4199515
tt10040548,nm6677193
tt10040548,nm7073474
tt10040550,nm1699760
tt10040550,nm2419378
tt10040550,nm4199515
tt10040550,nm6677193
tt10040550,nm7073474
tt10040552,nm1699760
tt10040552,nm2419378
tt10040552,nm4199515
tt10040552,nm6677193
tt10040552,nm7073474
tt10040554,nm1699760
tt10040554,nm2419378
tt10040554,nm4199515
tt10040554,nm6677193
tt10040554,nm7073474
tt10040556,nm1699760
tt10040556,nm2419378
tt10040556,nm4199515
tt10040556,nm6677193
tt10040556,nm7073474
tt10040558,nm1699760
tt10040558,nm2419378
tt10040558,nm4199515
tt10040558,nm6677193
tt10040558,nm7073474
tt10040560,nm1699760
tt10040560,nm2419378
tt10040560,nm4199515
tt10040560,nm6677193
tt10040560,nm7073474
tt10040564,nm1699760
tt10040564,nm2419378
tt10040564,nm4199515
tt10040564,nm6677193
tt10040564,nm7073474
tt10040566,nm1699760
tt10040566,nm2419378
tt10040566,nm4199515
tt10040566,nm6677193
tt10040566,nm7073474
tt10040568,nm1699760
tt10040568,nm2419378
tt10040568,nm4199515
tt10040568,nm6677193
tt10040568,nm7073474
tt10040570,nm1699760
tt10040570,nm2419378
tt10040570,nm4199515
tt10040570,nm6677193
tt10040570,nm7073474
tt10040574,nm1699760
tt10040574,nm2419378
tt10040574,nm4199515
tt10040574,nm6677193
tt10040574,nm7073474
tt10040576,nm1699760
tt10040576,nm2419378
tt10040576,nm4199515
tt10040576,nm6677193
tt10040576,nm7073474
tt10040578,nm1699760
tt10040578,nm2419378
tt10040578,nm4199515
tt10040578,nm6677193
tt10040578,nm7073474
tt10040580,nm1699760
tt10040580,nm2419378
tt10040580,nm4199515
tt10040580,nm6677193
tt10040580,nm7073474
tt10040582,nm1699760
tt10040582,nm2419378
tt10040582,nm4199515
tt10040582,nm6677193
tt10040582,nm7073474
tt10040586,nm1699760
tt10040586,nm2419378
tt10040586,nm4199515
tt10040586,nm6677193
tt10040586,nm7073474
tt10040588,nm1699760
tt10040588,nm2419378
tt10040588,nm4199515
tt10040588,nm6677193
tt10040588,nm7073474
tt10040592,nm1699760
tt10040592,nm2419378
tt10040592,nm4199515
tt10040592,nm6677193
tt10040592,nm7073474
tt10040594,nm1699760
tt10040594,nm2419378
tt10040594,nm4199515
tt10040594,nm6677193
tt10040594,nm7073474
tt10040602,nm2357165
tt10040608,nm1699760
tt10040608,nm2419378
tt10040608,nm4199515
tt10040608,nm6677193
tt10040608,nm7073474
tt10040612,nm1699760
tt10040612,nm2419378
tt10040612,nm4199515
tt10040612,nm6677193
tt10040612,nm7073474
tt10040616,nm1699760
tt10040616,nm2419378
tt10040616,nm4199515
tt10040616,nm6677193
tt10040616,nm7073474
tt10040620,nm1699760
tt10040620,nm2419378
tt10040620,nm4199515
tt10040620,nm6677193
tt10040620,nm7073474
tt10040622,nm1699760
tt10040622,nm2419378
tt10040622,nm4199515
tt10040622,nm6677193
tt10040622,nm7073474
tt10040624,nm1699760
tt10040624,nm2419378
tt10040624,nm4199515
tt10040624,nm6677193
tt10040624,nm7073474
tt10040626,nm1699760
tt10040626,nm2419378
tt10040626,nm4199515
tt10040626,nm6677193
tt10040626,nm7073474
tt10040628,nm1699760
tt10040628,nm2419378
tt10040628,nm4199515
tt10040628,nm6677193
tt10040628,nm7073474
tt10040630,nm1699760
tt10040630,nm2419378
tt10040630,nm4199515
tt10040630,nm6677193
tt10040630,nm7073474
tt10040632,nm11169039
tt10040632,nm1699760
tt10040632,nm2419378
tt10040632,nm4199515
tt10040632,nm6677193
tt10040632,nm7073474
tt10040634,nm1699760
tt10040634,nm2419378
tt10040634,nm4199515
tt10040634,nm6677193
tt10040634,nm7073474
tt10040636,nm1699760
tt10040636,nm2419378
tt10040636,nm4199515
tt10040636,nm6677193
tt10040636,nm7073474
tt10040638,nm1699760
tt10040638,nm2419378
tt10040638,nm4199515
tt10040638,nm6677193
tt10040638,nm7073474
tt10040640,nm1699760
tt10040640,nm2419378
tt10040640,nm4199515
tt10040640,nm6677193
tt10040640,nm7073474
tt10040642,nm1699760
tt10040642,nm2419378
tt10040642,nm4199515
tt10040642,nm6677193
tt10040642,nm7073474
tt10040646,nm1699760
tt10040646,nm2419378
tt10040646,nm4199515
tt10040646,nm6677193
tt10040646,nm7073474
tt10040648,nm1699760
tt10040648,nm2419378
tt10040648,nm4199515
tt10040648,nm6677193
tt10040648,nm7073474
tt10040650,nm1699760
tt10040650,nm2419378
tt10040650,nm4199515
tt10040650,nm6677193
tt10040650,nm7073474
tt10040652,nm1699760
tt10040652,nm2419378
tt10040652,nm4199515
tt10040652,nm6677193
tt10040652,nm7073474
tt10040654,nm1699760
tt10040654,nm2419378
tt10040654,nm4199515
tt10040654,nm6677193
tt10040654,nm7073474
tt10040658,nm10539168
tt10040660,nm10539168
tt10040662,nm10539168
tt10040664,nm10539168
tt10040666,nm10539168
tt10040668,nm10539168
tt10040670,nm10539168
tt10040672,nm10539168
tt10040674,nm10539168
tt10040678,nm10539168
tt10040680,nm10539168
tt10040682,nm10539168
tt10040684,nm10539168
tt10040686,nm10539168
tt10040688,nm10539168
tt10040690,nm10539168
tt10040692,nm10539168
tt10040696,nm10539168
tt10040698,nm10539168
tt10040700,nm10539168
tt10040754,nm3557656
tt10040754,nm9202067
tt10040758,nm10467223
tt10040796,nm1066081
tt10040796,nm7195251
tt10040882,nm9505932
tt10040884,nm9505932
tt10040886,nm9505932
tt10040888,nm9505932
tt10040892,nm9505932
tt10040894,nm9505932
tt10040896,nm9505932
tt10040898,nm9505932
tt10040900,nm9505932
tt10040902,nm9505932
tt10040906,nm9505932
tt10040908,nm9505932
tt10040910,nm9505932
tt10040912,nm9505932
tt10040914,nm9505932
tt10040916,nm9505932
tt10040918,nm9505932
tt10040920,nm9505932
tt10040922,nm9505932
tt10040924,nm9505932
tt10040930,nm9505932
tt10040932,nm9505932
tt10040934,nm9505932
tt10040936,nm2596233
tt10040938,nm9505932
tt10040940,nm9505932
tt10040942,nm9505932
tt10040944,nm9505932
tt10040946,nm9505932
tt10040948,nm9505932
tt10040950,nm9505932
tt10040954,nm9505932
tt10040956,nm9505932
tt10040958,nm9505932
tt10040960,nm9505932
tt10040962,nm9505932
tt10040964,nm9505932
tt10040966,nm9505932
tt10040968,nm9505932
tt10040970,nm9505932
tt10040972,nm7841639
tt10040974,nm9505932
tt10040988,nm10556228
tt10040992,nm3172786
tt10041182,nm7477058
tt10041182,nm7477059
tt10041182,nm7870411
tt10041184,nm7477058
tt10041184,nm7477059
tt10041184,nm7870411
tt10041186,nm7477058
tt10041186,nm7477059
tt10041186,nm7870411
tt10041188,nm7477058
tt10041188,nm7477059
tt10041188,nm7870411
tt10041190,nm7477058
tt10041190,nm7477059
tt10041190,nm7870411
tt10041194,nm7477058
tt10041194,nm7477059
tt10041194,nm7870411
tt10041196,nm7477058
tt10041196,nm7477059
tt10041196,nm7870411
tt10041198,nm7477058
tt10041198,nm7477059
tt10041198,nm7870411
tt10041200,nm7477058
tt10041200,nm7477059
tt10041200,nm7870411
tt10041202,nm7477058
tt10041202,nm7477059
tt10041202,nm7870411
tt10041204,nm7477058
tt10041204,nm7477059
tt10041204,nm7870411
tt10041206,nm7477058
tt10041206,nm7477059
tt10041206,nm7870411
tt10041208,nm7477058
tt10041208,nm7477059
tt10041208,nm7870411
tt10041210,nm7477058
tt10041210,nm7477059
tt10041210,nm7870411
tt10041212,nm7477058
tt10041212,nm7477059
tt10041212,nm7870411
tt10041214,nm7477058
tt10041214,nm7477059
tt10041214,nm7870411
tt10041216,nm7477058
tt10041216,nm7477059
tt10041216,nm7870411
tt10041220,nm7477058
tt10041220,nm7477059
tt10041220,nm7870411
tt10041222,nm7477058
tt10041222,nm7477059
tt10041222,nm7870411
tt10041224,nm7477058
tt10041224,nm7477059
tt10041224,nm7870411
tt10041232,nm14624683
tt10041232,nm7477058
tt10041232,nm7477059
tt10041232,nm7870411
tt10041232,nm8498176
tt10041234,nm10550853
tt10041236,nm14624683
tt10041236,nm7477058
tt10041236,nm7477059
tt10041236,nm7870411
tt10041236,nm8498176
tt10041238,nm14624683
tt10041238,nm7477058
tt10041238,nm7477059
tt10041238,nm7870411
tt10041238,nm8498176
tt10041240,nm14624683
tt10041240,nm7477058
tt10041240,nm7477059
tt10041240,nm7870411
tt10041240,nm8498176
tt10041242,nm14624683
tt10041242,nm7477058
tt10041242,nm7477059
tt10041242,nm7870411
tt10041242,nm8498176
tt10041244,nm14624683
tt10041244,nm7477058
tt10041244,nm7477059
tt10041244,nm7870411
tt10041244,nm8498176
tt10041246,nm14624683
tt10041246,nm7477058
tt10041246,nm7477059
tt10041246,nm7870411
tt10041246,nm8498176
tt10041248,nm14624683
tt10041248,nm7477058
tt10041248,nm7477059
tt10041248,nm7870411
tt10041248,nm8498176
tt10041252,nm14624683
tt10041252,nm7477058
tt10041252,nm7477059
tt10041252,nm7870411
tt10041252,nm8498176
tt10041254,nm14624683
tt10041254,nm7477058
tt10041254,nm7477059
tt10041254,nm7870411
tt10041254,nm8498176
tt10041256,nm14624683
tt10041256,nm7477058
tt10041256,nm7477059
tt10041256,nm7870411
tt10041256,nm8498176
tt10041258,nm14624683
tt10041258,nm7477058
tt10041258,nm7477059
tt10041258,nm7870411
tt10041258,nm8498176
tt10041262,nm14624683
tt10041262,nm7477058
tt10041262,nm7477059
tt10041262,nm7870411
tt10041262,nm8498176
tt10041264,nm14624683
tt10041264,nm7477058
tt10041264,nm7477059
tt10041264,nm7870411
tt10041264,nm8498176
tt10041266,nm14624683
tt10041266,nm7477058
tt10041266,nm7477059
tt10041266,nm7870411
tt10041266,nm8498176
tt10041268,nm14624683
tt10041268,nm7477058
tt10041268,nm7477059
tt10041268,nm7870411
tt10041268,nm8498176
tt10041272,nm14624683
tt10041272,nm7477058
tt10041272,nm7477059
tt10041272,nm7870411
tt10041272,nm8498176
tt10041276,nm14624683
tt10041276,nm7477058
tt10041276,nm7477059
tt10041276,nm7870411
tt10041276,nm8498176
tt10041278,nm14624683
tt10041278,nm7477058
tt10041278,nm7477059
tt10041278,nm7870411
tt10041278,nm8498176
tt10041332,nm8443723
tt10041334,nm3172786
tt10041338,nm1265460
tt10041362,nm4070460
tt10041370,nm3172786
tt10041382,nm0899169
tt10041404,nm10556277
tt10041408,nm3172786
tt10041440,nm3172786
tt10041448,nm2023647
tt10041476,nm3172786
tt10041586,nm10631312
tt10041586,nm11741397
tt10041586,nm4027968
tt10041588,nm10631312
tt10041588,nm11741397
tt10041588,nm4027968
tt10041590,nm10631312
tt10041590,nm11741397
tt10041590,nm4027968
tt10041592,nm10631312
tt10041592,nm11741397
tt10041592,nm4027968
tt10041594,nm10631312
tt10041594,nm11741397
tt10041594,nm4027968
tt10041596,nm10631312
tt10041596,nm11741397
tt10041596,nm4027968
tt10041598,nm10631312
tt10041598,nm11741397
tt10041598,nm4027968
tt10041600,nm10631312
tt10041600,nm11741397
tt10041600,nm4027968
tt10041602,nm10631312
tt10041602,nm11741397
tt10041602,nm4027968
tt10041630,nm10631312
tt10041630,nm11741397
tt10041630,nm4027968
tt10041632,nm10631312
tt10041632,nm11741397
tt10041632,nm4027968
tt10041634,nm10631312
tt10041634,nm11741397
tt10041634,nm4027968
tt10041640,nm10631312
tt10041640,nm11741397
tt10041640,nm4027968
tt10041644,nm10631312
tt10041644,nm11741397
tt10041644,nm4027968
tt10041646,nm10631312
tt10041646,nm11741397
tt10041646,nm4027968
tt10041648,nm10631312
tt10041648,nm11741397
tt10041648,nm4027968
tt10041650,nm10631312
tt10041650,nm11741397
tt10041650,nm4027968
tt10041652,nm10631312
tt10041652,nm11741397
tt10041652,nm4027968
tt10041654,nm10631312
tt10041654,nm11741397
tt10041654,nm4027968
tt10041656,nm10631312
tt10041656,nm11741397
tt10041656,nm4027968
tt10041658,nm10631312
tt10041658,nm11741397
tt10041658,nm4027968
tt10041660,nm10631312
tt10041660,nm11741397
tt10041660,nm4027968
tt10041662,nm10631312
tt10041662,nm11741397
tt10041662,nm4027968
tt10041664,nm10631312
tt10041664,nm11741397
tt10041664,nm4027968
tt10041666,nm10631312
tt10041666,nm11741397
tt10041666,nm4027968
tt10041668,nm10631312
tt10041668,nm11741397
tt10041668,nm4027968
tt10041670,nm10631312
tt10041670,nm11741397
tt10041670,nm4027968
tt10041672,nm10631312
tt10041672,nm11741397
tt10041672,nm4027968
tt10041674,nm10631312
tt10041674,nm11741397
tt10041674,nm4027968
tt10041678,nm10631312
tt10041678,nm11741397
tt10041678,nm4027968
tt10041680,nm10631312
tt10041680,nm11741397
tt10041680,nm4027968
tt10041682,nm10631312
tt10041682,nm11741397
tt10041682,nm4027968
tt10041688,nm2129968
tt10041688,nm4907854
tt10041688,nm4908114
tt10041690,nm2129968
tt10041690,nm4907854
tt10041690,nm4908114
tt10041692,nm2129968
tt10041692,nm4907854
tt10041692,nm4908114
tt10041694,nm2129968
tt10041694,nm4907854
tt10041694,nm4908114
tt10041696,nm2129968
tt10041696,nm4907854
tt10041696,nm4908114
tt10041698,nm2129968
tt10041698,nm4907854
tt10041698,nm4908114
tt10041700,nm2129968
tt10041700,nm4907854
tt10041700,nm4908114
tt10041702,nm2129968
tt10041702,nm4907854
tt10041702,nm4908114
tt10041704,nm2129968
tt10041704,nm4907854
tt10041704,nm4908114
tt10041706,nm2129968
tt10041706,nm4907854
tt10041706,nm4908114
tt10041708,nm2129968
tt10041708,nm4907854
tt10041708,nm4908114
tt10041710,nm2129968
tt10041710,nm4907854
tt10041710,nm4908114
tt10041712,nm2129968
tt10041712,nm4907854
tt10041712,nm4908114
tt10041714,nm2129968
tt10041714,nm4907854
tt10041714,nm4908114
tt10041716,nm2129968
tt10041716,nm4907854
tt10041716,nm4908114
tt10041718,nm2415446
tt10041720,nm2129968
tt10041720,nm4907854
tt10041720,nm4908114
tt10041722,nm2129968
tt10041722,nm4907854
tt10041722,nm4908114
tt10041724,nm2129968
tt10041724,nm4907854
tt10041724,nm4908114
tt10041726,nm2129968
tt10041726,nm4907854
tt10041726,nm4908114
tt10041748,nm2129968
tt10041748,nm4907854
tt10041748,nm4908114
tt10041750,nm2129968
tt10041750,nm4907854
tt10041750,nm4908114
tt10041754,nm2129968
tt10041754,nm4907854
tt10041754,nm4908114
tt10041756,nm2129968
tt10041756,nm4907854
tt10041756,nm4908114
tt10041760,nm2129968
tt10041760,nm4907854
tt10041760,nm4908114
tt10041762,nm2129968
tt10041762,nm4907854
tt10041762,nm4908114
tt10041764,nm2129968
tt10041764,nm4907854
tt10041764,nm4908114
tt10041766,nm2129968
tt10041766,nm4907854
tt10041766,nm4908114
tt10041768,nm2129968
tt10041768,nm4907854
tt10041768,nm4908114
tt10041770,nm2129968
tt10041770,nm4907854
tt10041770,nm4908114
tt10041772,nm2129968
tt10041772,nm4907854
tt10041772,nm4908114
tt10041774,nm2129968
tt10041774,nm4907854
tt10041774,nm4908114
tt10041776,nm2129968
tt10041776,nm4907854
tt10041776,nm4908114
tt10041780,nm2129968
tt10041780,nm4907854
tt10041780,nm4908114
tt10041784,nm2129968
tt10041784,nm4907854
tt10041784,nm4908114
tt10041786,nm2129968
tt10041786,nm4907854
tt10041786,nm4908114
tt10041788,nm2129968
tt10041788,nm4907854
tt10041788,nm4908114
tt10041790,nm2129968
tt10041790,nm4907854
tt10041790,nm4908114
tt10041792,nm2129968
tt10041792,nm4907854
tt10041792,nm4908114
tt10041794,nm2129968
tt10041794,nm4907854
tt10041794,nm4908114
tt10041796,nm2129968
tt10041796,nm4907854
tt10041796,nm4908114
tt10041798,nm2129968
tt10041798,nm4907854
tt10041798,nm4908114
tt10041800,nm2129968
tt10041800,nm4907854
tt10041800,nm4908114
tt10041802,nm2129968
tt10041802,nm4907854
tt10041802,nm4908114
tt10041804,nm2129968
tt10041804,nm4907854
tt10041804,nm4908114
tt10041806,nm2129968
tt10041806,nm4907854
tt10041806,nm4908114
tt10041810,nm2129968
tt10041810,nm4907854
tt10041810,nm4908114
tt10041812,nm2129968
tt10041812,nm4907854
tt10041812,nm4908114
tt10041822,nm2129968
tt10041822,nm4907854
tt10041822,nm4908114
tt10041832,nm2129968
tt10041832,nm4907854
tt10041832,nm4908114
tt10041834,nm2129968
tt10041834,nm4907854
tt10041834,nm4908114
tt10041836,nm2129968
tt10041836,nm4907854
tt10041836,nm4908114
tt10041838,nm2129968
tt10041838,nm4907854
tt10041838,nm4908114
tt10041840,nm2129968
tt10041840,nm4907854
tt10041840,nm4908114
tt10041842,nm2129968
tt10041842,nm4907854
tt10041842,nm4908114
tt10041844,nm2129968
tt10041844,nm4907854
tt10041844,nm4908114
tt10041848,nm2129968
tt10041848,nm4907854
tt10041848,nm4908114
tt10041850,nm2129968
tt10041850,nm4907854
tt10041850,nm4908114
tt10041852,nm2129968
tt10041852,nm4907854
tt10041852,nm4908114
tt10041858,nm2129968
tt10041858,nm4907854
tt10041858,nm4908114
tt10041860,nm2129968
tt10041860,nm4907854
tt10041860,nm4908114
tt10041862,nm2129968
tt10041862,nm4907854
tt10041862,nm4908114
tt10041864,nm2129968
tt10041864,nm4907854
tt10041864,nm4908114
tt10041866,nm2129968
tt10041866,nm4907854
tt10041866,nm4908114
tt10041868,nm2129968
tt10041868,nm4907854
tt10041868,nm4908114
tt10041870,nm2129968
tt10041870,nm4907854
tt10041870,nm4908114
tt10041872,nm2129968
tt10041872,nm4907854
tt10041872,nm4908114
tt10041874,nm2129968
tt10041874,nm4907854
tt10041874,nm4908114
tt10041876,nm2129968
tt10041876,nm4907854
tt10041876,nm4908114
tt10041880,nm2129968
tt10041880,nm4907854
tt10041880,nm4908114
tt10041882,nm2129968
tt10041882,nm4907854
tt10041882,nm4908114
tt10041884,nm2129968
tt10041884,nm4907854
tt10041884,nm4908114
tt10041886,nm2129968
tt10041886,nm4907854
tt10041886,nm4908114
tt10041888,nm2129968
tt10041888,nm4907854
tt10041888,nm4908114
tt10041890,nm2129968
tt10041890,nm4907854
tt10041890,nm4908114
tt10041892,nm2129968
tt10041892,nm4907854
tt10041892,nm4908114
tt10041894,nm2129968
tt10041894,nm4907854
tt10041894,nm4908114
tt10041898,nm2129968
tt10041898,nm4907854
tt10041898,nm4908114
tt10041900,nm2129968
tt10041900,nm4907854
tt10041900,nm4908114
tt10041902,nm2129968
tt10041902,nm4907854
tt10041902,nm4908114
tt10041904,nm2129968
tt10041904,nm4907854
tt10041904,nm4908114
tt10041906,nm2129968
tt10041906,nm4907854
tt10041906,nm4908114
tt10041908,nm2129968
tt10041908,nm4907854
tt10041908,nm4908114
tt10041912,nm2129968
tt10041912,nm4907854
tt10041912,nm4908114
tt10041914,nm2129968
tt10041914,nm4907854
tt10041914,nm4908114
tt10041916,nm2129968
tt10041916,nm4907854
tt10041916,nm4908114
tt10041918,nm2129968
tt10041918,nm4907854
tt10041918,nm4908114
tt10041920,nm2129968
tt10041920,nm4907854
tt10041920,nm4908114
tt10041924,nm2129968
tt10041924,nm4907854
tt10041924,nm4908114
tt10041944,nm7068103
tt10041970,nm1754690
tt10042006,nm3854043
tt10042008,nm10459194
tt10042030,nm1120190
tt10042048,nm10180879
tt10042114,nm0266605
tt10042114,nm0367889
tt10042114,nm0643653
tt10042114,nm2763383
tt10042120,nm7141651
tt10042122,nm6796701
tt10042134,nm0367889
tt10042134,nm0643653
tt10042138,nm0367889
tt10042138,nm0643653
tt10042146,nm0022921
tt10042152,nm0022921
tt10042152,nm0367889
tt10042152,nm2763383
tt10042154,nm0022921
tt10042154,nm0266605
tt10042154,nm0367889
tt10042154,nm2763383
tt10042160,nm0022921
tt10042160,nm0367889
tt10042160,nm2763383
tt10042164,nm0022921
tt10042164,nm0266605
tt10042164,nm0367889
tt10042164,nm0643653
tt10042164,nm2763383
tt10042180,nm0022921
tt10042180,nm0266605
tt10042180,nm0367889
tt10042190,nm0022921
tt10042190,nm0266605
tt10042190,nm0367889
tt10042190,nm0643653
tt10042194,nm5069706
tt10042196,nm0266605
tt10042196,nm0367889
tt10042196,nm0643653
tt10042200,nm2361715
tt10042202,nm0266605
tt10042202,nm0643653
tt10042206,nm0266605
tt10042206,nm0643653
tt10042210,nm0643653
tt10042318,nm10556667
tt10042324,nm7973056
tt10042326,nm7973056
tt10042328,nm7973056
tt10042330,nm7973056
tt10042332,nm7973056
tt10042342,nm0266605
tt10042342,nm0643653
tt10042350,nm0266605
tt10042350,nm0643653
tt10042354,nm0266605
tt10042354,nm0643653
tt10042354,nm2758048
tt10042360,nm0022921
tt10042360,nm0266605
tt10042360,nm2758048
tt10042372,nm0022921
tt10042372,nm0266605
tt10042372,nm2758048
tt10042372,nm4367359
tt10042380,nm0022921
tt10042380,nm0266605
tt10042380,nm2763383
tt10042380,nm4367359
tt10042384,nm3810143
tt10042396,nm9837905
tt10042400,nm0022921
tt10042400,nm2763383
tt10042400,nm4367359
tt10042414,nm2763383
tt10042414,nm4367359
tt10042418,nm0266605
tt10042418,nm0367889
tt10042438,nm5179823
tt10042470,nm3766090
tt10042488,nm3643266
tt10042568,nm0266605
tt10042568,nm0367889
tt10042578,nm0266605
tt10042578,nm0367889
tt10042582,nm0266605
tt10042582,nm0367889
tt10042586,nm3511083
tt10042588,nm0022921
tt10042588,nm0367889
tt10042588,nm2763383
tt10042592,nm0022921
tt10042592,nm0367889
tt10042592,nm2763383
tt10042598,nm7036338
tt10042606,nm0022921
tt10042606,nm0367889
tt10042606,nm2763383
tt10042612,nm2758048
tt10042612,nm2763383
tt10042616,nm0643653
tt10042616,nm2758048
tt10042616,nm2763383
tt10042624,nm0643653
tt10042624,nm2758048
tt10042632,nm0367889
tt10042632,nm0643653
tt10042632,nm2758048
tt10042638,nm0367889
tt10042644,nm0367889
tt10042648,nm0266605
tt10042648,nm0367889
tt10042648,nm2763383
tt10042652,nm0266605
tt10042652,nm2763383
tt10042658,nm0266605
tt10042658,nm0367889
tt10042658,nm2763383
tt10042678,nm10259035
tt10042774,nm10556887
tt10042822,nm6972498
tt10042824,nm4597102
tt10042838,nm6972498
tt10042838,nm9988426
tt10042840,nm5279038
tt10042850,nm7795605
tt10042936,nm4449650
tt10042936,nm8641711
tt10042946,nm2129968
tt10042946,nm4907854
tt10042946,nm4908114
tt10042950,nm2129968
tt10042950,nm4907854
tt10042950,nm4908114
tt10042952,nm2129968
tt10042952,nm4907854
tt10042952,nm4908114
tt10042956,nm2129968
tt10042956,nm4907854
tt10042956,nm4908114
tt10042960,nm2129968
tt10042960,nm4907854
tt10042960,nm4908114
tt10042962,nm2129968
tt10042962,nm4907854
tt10042962,nm4908114
tt10042964,nm2129968
tt10042964,nm4907854
tt10042964,nm4908114
tt10042966,nm2129968
tt10042966,nm4907854
tt10042966,nm4908114
tt10042968,nm2129968
tt10042968,nm4907854
tt10042968,nm4908114
tt10042974,nm2129968
tt10042974,nm4907854
tt10042974,nm4908114
tt10042976,nm2129968
tt10042976,nm4907854
tt10042976,nm4908114
tt10042978,nm2129968
tt10042978,nm4907854
tt10042978,nm4908114
tt10042980,nm2129968
tt10042980,nm4907854
tt10042980,nm4908114
tt10042982,nm2129968
tt10042982,nm4907854
tt10042982,nm4908114
tt10042988,nm2129968
tt10042988,nm4907854
tt10042988,nm4908114
tt10042990,nm2129968
tt10042990,nm4907854
tt10042990,nm4908114
tt10042992,nm2129968
tt10042992,nm4907854
tt10042992,nm4908114
tt10042996,nm2129968
tt10042996,nm4907854
tt10042996,nm4908114
tt10042998,nm2129968
tt10042998,nm4907854
tt10042998,nm4908114
tt10043000,nm2129968
tt10043000,nm4907854
tt10043000,nm4908114
tt10043004,nm2129968
tt10043004,nm4907854
tt10043004,nm4908114
tt10043008,nm2129968
tt10043008,nm4907854
tt10043008,nm4908114
tt10043010,nm2129968
tt10043010,nm4907854
tt10043010,nm4908114
tt10043012,nm2129968
tt10043012,nm4907854
tt10043012,nm4908114
tt10043016,nm2129968
tt10043016,nm4907854
tt10043016,nm4908114
tt10043018,nm2129968
tt10043018,nm4907854
tt10043018,nm4908114
tt10043020,nm2129968
tt10043020,nm4907854
tt10043020,nm4908114
tt10043022,nm2129968
tt10043022,nm4907854
tt10043022,nm4908114
tt10043026,nm2129968
tt10043026,nm4907854
tt10043026,nm4908114
tt10043028,nm2129968
tt10043028,nm4907854
tt10043028,nm4908114
tt10043032,nm2129968
tt10043032,nm4907854
tt10043032,nm4908114
tt10043034,nm2129968
tt10043034,nm4907854
tt10043034,nm4908114
tt10043038,nm2129968
tt10043038,nm4907854
tt10043038,nm4908114
tt10043040,nm2129968
tt10043040,nm4907854
tt10043040,nm4908114
tt10043042,nm2129968
tt10043042,nm4907854
tt10043042,nm4908114
tt10043044,nm2129968
tt10043044,nm4907854
tt10043044,nm4908114
tt10043046,nm2129968
tt10043046,nm4907854
tt10043046,nm4908114
tt10043048,nm2129968
tt10043048,nm4907854
tt10043048,nm4908114
tt10043050,nm2129968
tt10043050,nm4907854
tt10043050,nm4908114
tt10043052,nm2129968
tt10043052,nm4907854
tt10043052,nm4908114
tt10043060,nm2129968
tt10043060,nm4907854
tt10043060,nm4908114
tt10043062,nm2129968
tt10043062,nm4907854
tt10043062,nm4908114
tt10043064,nm2129968
tt10043064,nm4907854
tt10043064,nm4908114
tt10043066,nm2129968
tt10043066,nm4907854
tt10043066,nm4908114
tt10043068,nm2129968
tt10043068,nm4907854
tt10043068,nm4908114
tt10043070,nm2129968
tt10043070,nm4907854
tt10043070,nm4908114
tt10043072,nm2129968
tt10043072,nm4907854
tt10043072,nm4908114
tt10043074,nm2129968
tt10043074,nm4907854
tt10043074,nm4908114
tt10043076,nm2129968
tt10043076,nm4907854
tt10043076,nm4908114
tt10043078,nm2129968
tt10043078,nm4907854
tt10043078,nm4908114
tt10043080,nm2129968
tt10043080,nm4907854
tt10043080,nm4908114
tt10043082,nm2129968
tt10043082,nm4907854
tt10043082,nm4908114
tt10043096,nm2129968
tt10043096,nm4907854
tt10043096,nm4908114
tt10043098,nm2129968
tt10043098,nm4907854
tt10043098,nm4908114
tt10043100,nm2129968
tt10043100,nm4907854
tt10043100,nm4908114
tt10043104,nm2129968
tt10043104,nm4907854
tt10043104,nm4908114
tt10043106,nm2129968
tt10043106,nm4907854
tt10043106,nm4908114
tt10043108,nm2129968
tt10043108,nm4907854
tt10043108,nm4908114
tt10043110,nm2129968
tt10043110,nm4907854
tt10043110,nm4908114
tt10043112,nm2129968
tt10043112,nm4907854
tt10043112,nm4908114
tt10043114,nm2129968
tt10043114,nm4907854
tt10043114,nm4908114
tt10043118,nm2129968
tt10043118,nm4907854
tt10043118,nm4908114
tt10043120,nm2129968
tt10043120,nm4907854
tt10043120,nm4908114
tt10043122,nm2129968
tt10043122,nm4907854
tt10043122,nm4908114
tt10043124,nm2129968
tt10043124,nm4907854
tt10043124,nm4908114
tt10043126,nm2129968
tt10043126,nm4907854
tt10043126,nm4908114
tt10043128,nm2129968
tt10043128,nm4907854
tt10043128,nm4908114
tt10043132,nm2129968
tt10043132,nm4907854
tt10043132,nm4908114
tt10043136,nm2129968
tt10043136,nm4907854
tt10043136,nm4908114
tt10043138,nm2129968
tt10043138,nm4907854
tt10043138,nm4908114
tt10043140,nm2129968
tt10043140,nm4907854
tt10043140,nm4908114
tt10043142,nm2129968
tt10043142,nm4907854
tt10043142,nm4908114
tt10043156,nm10631312
tt10043156,nm11741397
tt10043156,nm4027968
tt10043158,nm10631312
tt10043158,nm11741397
tt10043158,nm4027968
tt10043160,nm10631312
tt10043160,nm11741397
tt10043160,nm4027968
tt10043162,nm10631312
tt10043162,nm11741397
tt10043162,nm4027968
tt10043164,nm10631312
tt10043164,nm11741397
tt10043164,nm4027968
tt10043166,nm10631312
tt10043166,nm11741397
tt10043166,nm4027968
tt10043168,nm10631312
tt10043168,nm11741397
tt10043168,nm4027968
tt10043170,nm10631312
tt10043170,nm11741397
tt10043170,nm4027968
tt10043214,nm10631312
tt10043214,nm11741397
tt10043214,nm4027968
tt10043216,nm10631312
tt10043216,nm11741397
tt10043216,nm4027968
tt10043218,nm10631312
tt10043218,nm11741397
tt10043218,nm4027968
tt10043220,nm10631312
tt10043220,nm11741397
tt10043220,nm4027968
tt10043222,nm10631312
tt10043222,nm11741397
tt10043222,nm4027968
tt10043224,nm10631312
tt10043224,nm11741397
tt10043224,nm4027968
tt10043226,nm10631312
tt10043226,nm11741397
tt10043226,nm4027968
tt10043228,nm10631312
tt10043228,nm11741397
tt10043228,nm4027968
tt10043232,nm10631312
tt10043232,nm11741397
tt10043232,nm4027968
tt10043234,nm10631312
tt10043234,nm11741397
tt10043234,nm4027968
tt10043400,nm10332680
tt10043436,nm2415446
tt10043452,nm2415446
tt10043522,nm14624683
tt10043522,nm7477058
tt10043522,nm7477059
tt10043522,nm7870411
tt10043522,nm8498176
tt10043526,nm14624683
tt10043526,nm7477058
tt10043526,nm7477059
tt10043526,nm7870411
tt10043526,nm8498176
tt10043528,nm14624683
tt10043528,nm7477058
tt10043528,nm7477059
tt10043528,nm7870411
tt10043528,nm8498176
tt10043532,nm14624683
tt10043532,nm7477058
tt10043532,nm7477059
tt10043532,nm7870411
tt10043532,nm8498176
tt10043534,nm14624683
tt10043534,nm7477058
tt10043534,nm7477059
tt10043534,nm7870411
tt10043534,nm8498176
tt10043536,nm14624683
tt10043536,nm7477058
tt10043536,nm7477059
tt10043536,nm7870411
tt10043536,nm8498176
tt10043538,nm14624683
tt10043538,nm7477058
tt10043538,nm7477059
tt10043538,nm7870411
tt10043538,nm8498176
tt10043540,nm14624683
tt10043540,nm7477058
tt10043540,nm7477059
tt10043540,nm7870411
tt10043540,nm8498176
tt10043544,nm14624683
tt10043544,nm7477058
tt10043544,nm7477059
tt10043544,nm7870411
tt10043544,nm8498176
tt10043546,nm14624683
tt10043546,nm7477058
tt10043546,nm7477059
tt10043546,nm7870411
tt10043546,nm8498176
tt10043548,nm14624683
tt10043548,nm7477058
tt10043548,nm7477059
tt10043548,nm7870411
tt10043548,nm8498176
tt10043550,nm14624683
tt10043550,nm7477058
tt10043550,nm7477059
tt10043550,nm7870411
tt10043550,nm8498176
tt10043552,nm14624683
tt10043552,nm7477058
tt10043552,nm7477059
tt10043552,nm7870411
tt10043552,nm8498176
tt10043554,nm14624683
tt10043554,nm7477058
tt10043554,nm7477059
tt10043554,nm7870411
tt10043554,nm8498176
tt10043558,nm14624683
tt10043558,nm7477058
tt10043558,nm7477059
tt10043558,nm7870411
tt10043558,nm8498176
tt10043560,nm14624683
tt10043560,nm7477058
tt10043560,nm7477059
tt10043560,nm7870411
tt10043560,nm8498176
tt10043562,nm14624683
tt10043562,nm7477058
tt10043562,nm7477059
tt10043562,nm7870411
tt10043562,nm8498176
tt10043568,nm7477058
tt10043568,nm7477059
tt10043568,nm7870411
tt10043570,nm7477058
tt10043570,nm7477059
tt10043570,nm7870411
tt10043572,nm7477058
tt10043572,nm7477059
tt10043572,nm7870411
tt10043576,nm7477058
tt10043576,nm7477059
tt10043576,nm7870411
tt10043578,nm7477058
tt10043578,nm7477059
tt10043578,nm7870411
tt10043580,nm7477058
tt10043580,nm7477059
tt10043580,nm7870411
tt10043586,nm7477058
tt10043586,nm7477059
tt10043586,nm7870411
tt10043588,nm7477058
tt10043588,nm7477059
tt10043588,nm7870411
tt10043592,nm7477058
tt10043592,nm7477059
tt10043592,nm7870411
tt10043596,nm7477058
tt10043596,nm7477059
tt10043596,nm7870411
tt10043600,nm7477058
tt10043600,nm7477059
tt10043600,nm7870411
tt10043602,nm7477058
tt10043602,nm7477059
tt10043602,nm7870411
tt10043604,nm7477058
tt10043604,nm7477059
tt10043604,nm7870411
tt10043606,nm7477058
tt10043606,nm7477059
tt10043606,nm7870411
tt10043608,nm7477058
tt10043608,nm7477059
tt10043608,nm7870411
tt10043610,nm7477058
tt10043610,nm7477059
tt10043610,nm7870411
tt10043612,nm7477058
tt10043612,nm7477059
tt10043612,nm7870411
tt10043614,nm7477058
tt10043614,nm7477059
tt10043614,nm7870411
tt10043616,nm7477058
tt10043616,nm7477059
tt10043616,nm7870411
tt10043618,nm7477058
tt10043618,nm7477059
tt10043618,nm7870411
tt10043732,nm2384583
tt10043754,nm7320921
tt10043756,nm0453184
tt10043774,nm9742427
tt10043786,nm7885395
tt10043828,nm7885395
tt10043856,nm4840864
tt10043858,nm10259035
tt10043864,nm4840864
tt10043866,nm4840864
tt10043870,nm4840864
tt10043882,nm4840864
tt10043894,nm4840864
tt10043898,nm4840864
tt10043904,nm4840864
tt10043906,nm4840864
tt10043912,nm4840864
tt10043916,nm4840864
tt10043940,nm7150973
tt10043962,nm10557265
tt10043990,nm1513085
tt10044042,nm10557265
tt10044046,nm10557360
tt10044080,nm10557265
tt10044092,nm10557265
tt10044108,nm10557265
tt10044120,nm10557265
tt10044132,nm10557265
tt10044140,nm10557265
tt10044174,nm5525511
tt10044176,nm5525511
tt10044192,nm10557471
tt10044198,nm0409365
tt10044198,nm0626466
tt10044216,nm9343154
tt10044448,nm0265422
tt10044448,nm0409036
tt10044448,nm0586539
tt10044544,nm1482080
tt10044556,nm1849042
tt10044618,nm6965344
tt10044622,nm10523961
tt10044638,nm9629512
tt10044676,nm10374390
tt10044676,nm6168641
tt10044676,nm6168642
tt10044678,nm10557636
tt10044718,nm5653886
tt10044790,nm3371437
tt10044792,nm10540950
tt10044794,nm10555641
tt10044794,nm6972498
tt10044802,nm6972498
tt10044862,nm6972498
tt10044888,nm10540950
tt10044912,nm10540950
tt10044916,nm9952743
tt10044928,nm10540950
tt10044986,nm10540950
tt10044990,nm7267168
tt10044994,nm4368587
tt10044996,nm2611451
tt10044996,nm2951696
tt10044996,nm7779410
tt10045000,nm2611451
tt10045000,nm2951696
tt10045000,nm7779410
tt10045006,nm2611451
tt10045006,nm2951696
tt10045006,nm7779410
tt10045008,nm9936192
tt10045010,nm9936192
tt10045012,nm2611451
tt10045012,nm2951696
tt10045012,nm7779410
tt10045014,nm10557900
tt10045018,nm2611451
tt10045018,nm2951696
tt10045018,nm7779410
tt10045020,nm2611451
tt10045020,nm2951696
tt10045020,nm7779410
tt10045028,nm2611451
tt10045028,nm2951696
tt10045028,nm7779410
tt10045034,nm2611451
tt10045034,nm2951696
tt10045034,nm7779410
tt10045038,nm2611451
tt10045038,nm2951696
tt10045038,nm7779410
tt10045040,nm2611451
tt10045040,nm2951696
tt10045040,nm7779410
tt10045076,nm3375137
tt10045084,nm10557940
tt10045090,nm7133696
tt10045098,nm7133696
tt10045134,nm13896018
tt10045134,nm8740294
tt10045138,nm6963551
tt10045146,nm6151805
tt10045148,nm3516252
tt10045150,nm6972498
tt10045166,nm6972498
tt10045172,nm7576797
tt10045176,nm6972498
tt10045182,nm6972498
tt10045270,nm9050551
tt10045296,nm0242757
tt10045342,nm10558110
tt10045408,nm6563277
tt10045422,nm10558153
tt10045436,nm8661399
tt10045444,nm10558168
tt10045670,nm10558230
tt10045770,nm3172786
tt10045800,nm6684133
tt10045802,nm6684133
tt10045804,nm6684133
tt10045810,nm6684133
tt10045816,nm6684133
tt10045820,nm6684133
tt10045824,nm6684133
tt10045828,nm3497124
tt10045830,nm6684133
tt10045832,nm3172786
tt10045836,nm6684133
tt10045838,nm6684133
tt10045840,nm6684133
tt10045842,nm6684133
tt10045844,nm3172786
tt10045848,nm6684133
tt10045852,nm6684133
tt10045854,nm6684133
tt10045858,nm1637779
tt10045862,nm3172786
tt10045906,nm3172786
tt10045936,nm8199997
tt10045952,nm3172786
tt10045966,nm3172786
tt10046052,nm9505932
tt10046054,nm9505932
tt10046056,nm9505932
tt10046058,nm9505932
tt10046060,nm9505932
tt10046062,nm9505932
tt10046066,nm9505932
tt10046068,nm9505932
tt10046070,nm9505932
tt10046072,nm9505932
tt10046074,nm9505932
tt10046076,nm9505932
tt10046078,nm9505932
tt10046082,nm9505932
tt10046084,nm9505932
tt10046086,nm9505932
tt10046088,nm9505932
tt10046090,nm9505932
tt10046092,nm9505932
tt10046094,nm9505932
tt10046100,nm10558342
tt10046104,nm9505932
tt10046106,nm9505932
tt10046108,nm9505932
tt10046112,nm9505932
tt10046114,nm9505932
tt10046116,nm9505932
tt10046120,nm9505932
tt10046124,nm9505932
tt10046126,nm9505932
tt10046128,nm9505932
tt10046132,nm9505932
tt10046136,nm9505932
tt10046138,nm9505932
tt10046140,nm9505932
tt10046142,nm9505932
tt10046144,nm9505932
tt10046146,nm9505932
tt10046148,nm9505932
tt10046198,nm5111357
tt10046220,nm10539168
tt10046222,nm10539168
tt10046226,nm10539168
tt10046230,nm10539168
tt10046232,nm10539168
tt10046234,nm10539168
tt10046240,nm10539168
tt10046242,nm10539168
tt10046244,nm10539168
tt10046250,nm10539168
tt10046252,nm10539168
tt10046254,nm10539168
tt10046256,nm10539168
tt10046260,nm10539168
tt10046262,nm10539168
tt10046264,nm10539168
tt10046266,nm10539168
tt10046270,nm10539168
tt10046272,nm10539168
tt10046276,nm10539168
tt10046292,nm1699760
tt10046292,nm2419378
tt10046292,nm4199515
tt10046292,nm6677193
tt10046292,nm7073474
tt10046294,nm1699760
tt10046294,nm2419378
tt10046294,nm4199515
tt10046294,nm6677193
tt10046294,nm7073474
tt10046296,nm1699760
tt10046296,nm2419378
tt10046296,nm4199515
tt10046296,nm6677193
tt10046296,nm7073474
tt10046302,nm1699760
tt10046302,nm2419378
tt10046302,nm4199515
tt10046302,nm6677193
tt10046302,nm7073474
tt10046304,nm1699760
tt10046304,nm2419378
tt10046304,nm4199515
tt10046304,nm6677193
tt10046304,nm7073474
tt10046306,nm1699760
tt10046306,nm2419378
tt10046306,nm4199515
tt10046306,nm6677193
tt10046306,nm7073474
tt10046308,nm1699760
tt10046308,nm2419378
tt10046308,nm4199515
tt10046308,nm6677193
tt10046308,nm7073474
tt10046310,nm1699760
tt10046310,nm2419378
tt10046310,nm4199515
tt10046310,nm6677193
tt10046310,nm7073474
tt10046312,nm1699760
tt10046312,nm2419378
tt10046312,nm4199515
tt10046312,nm6677193
tt10046312,nm7073474
tt10046318,nm1699760
tt10046318,nm2419378
tt10046318,nm4199515
tt10046318,nm6677193
tt10046318,nm7073474
tt10046320,nm1699760
tt10046320,nm2419378
tt10046320,nm4199515
tt10046320,nm6677193
tt10046320,nm7073474
tt10046322,nm1699760
tt10046322,nm2419378
tt10046322,nm4199515
tt10046322,nm6677193
tt10046322,nm7073474
tt10046326,nm1699760
tt10046326,nm2419378
tt10046326,nm4199515
tt10046326,nm6677193
tt10046326,nm7073474
tt10046328,nm1699760
tt10046328,nm2419378
tt10046328,nm4199515
tt10046328,nm6677193
tt10046328,nm7073474
tt10046330,nm1699760
tt10046330,nm2419378
tt10046330,nm4199515
tt10046330,nm6677193
tt10046330,nm7073474
tt10046334,nm1699760
tt10046334,nm2419378
tt10046334,nm4199515
tt10046334,nm6677193
tt10046334,nm7073474
tt10046336,nm1699760
tt10046336,nm2419378
tt10046336,nm4199515
tt10046336,nm6677193
tt10046336,nm7073474
tt10046338,nm1699760
tt10046338,nm2419378
tt10046338,nm4199515
tt10046338,nm6677193
tt10046338,nm7073474
tt10046340,nm1699760
tt10046340,nm2419378
tt10046340,nm4199515
tt10046340,nm6677193
tt10046340,nm7073474
tt10046342,nm1699760
tt10046342,nm2419378
tt10046342,nm4199515
tt10046342,nm6677193
tt10046342,nm7073474
tt10046344,nm1699760
tt10046344,nm2419378
tt10046344,nm4199515
tt10046344,nm6677193
tt10046344,nm7073474
tt10046348,nm1699760
tt10046348,nm2419378
tt10046348,nm4199515
tt10046348,nm6677193
tt10046348,nm7073474
tt10046352,nm1699760
tt10046352,nm2419378
tt10046352,nm4199515
tt10046352,nm6677193
tt10046352,nm7073474
tt10046356,nm1699760
tt10046356,nm2419378
tt10046356,nm4199515
tt10046356,nm6677193
tt10046356,nm7073474
tt10046360,nm1699760
tt10046360,nm2419378
tt10046360,nm4199515
tt10046360,nm6677193
tt10046360,nm7073474
tt10046362,nm1699760
tt10046362,nm2419378
tt10046362,nm4199515
tt10046362,nm6677193
tt10046362,nm7073474
tt10046366,nm1699760
tt10046366,nm2419378
tt10046366,nm4199515
tt10046366,nm6677193
tt10046366,nm7073474
tt10046368,nm1699760
tt10046368,nm2419378
tt10046368,nm4199515
tt10046368,nm6677193
tt10046368,nm7073474
tt10046372,nm1699760
tt10046372,nm2419378
tt10046372,nm4199515
tt10046372,nm6677193
tt10046372,nm7073474
tt10046374,nm1699760
tt10046374,nm2419378
tt10046374,nm4199515
tt10046374,nm6677193
tt10046374,nm7073474
tt10046378,nm1699760
tt10046378,nm2419378
tt10046378,nm4199515
tt10046378,nm6677193
tt10046378,nm7073474
tt10046382,nm1699760
tt10046382,nm2419378
tt10046382,nm4199515
tt10046382,nm6677193
tt10046382,nm7073474
tt10046384,nm1699760
tt10046384,nm2419378
tt10046384,nm4199515
tt10046384,nm6677193
tt10046384,nm7073474
tt10046386,nm1699760
tt10046386,nm2419378
tt10046386,nm4199515
tt10046386,nm6677193
tt10046386,nm7073474
tt10046388,nm1699760
tt10046388,nm2419378
tt10046388,nm4199515
tt10046388,nm6677193
tt10046388,nm7073474
tt10046390,nm1699760
tt10046390,nm2419378
tt10046390,nm4199515
tt10046390,nm6677193
tt10046390,nm7073474
tt10046396,nm1699760
tt10046396,nm2419378
tt10046396,nm4199515
tt10046396,nm6677193
tt10046396,nm7073474
tt10046402,nm1699760
tt10046402,nm2419378
tt10046402,nm4199515
tt10046402,nm6677193
tt10046402,nm7073474
tt10046404,nm1699760
tt10046404,nm2419378
tt10046404,nm4199515
tt10046404,nm6677193
tt10046404,nm7073474
tt10046406,nm1699760
tt10046406,nm2419378
tt10046406,nm4199515
tt10046406,nm6677193
tt10046406,nm7073474
tt10046670,nm10558469
tt10046912,nm10631312
tt10046912,nm11741397
tt10046912,nm4027968
tt10046914,nm10631312
tt10046914,nm11741397
tt10046914,nm4027968
tt10046916,nm10631312
tt10046916,nm11741397
tt10046916,nm4027968
tt10046918,nm10631312
tt10046918,nm11741397
tt10046918,nm4027968
tt10046920,nm10631312
tt10046920,nm11741397
tt10046920,nm4027968
tt10046922,nm10631312
tt10046922,nm11741397
tt10046922,nm4027968
tt10046926,nm10631312
tt10046926,nm11741397
tt10046926,nm4027968
tt10046928,nm10631312
tt10046928,nm11741397
tt10046928,nm4027968
tt10046930,nm10631312
tt10046930,nm11741397
tt10046930,nm4027968
tt10046934,nm10631312
tt10046934,nm11741397
tt10046934,nm4027968
tt10046936,nm10631312
tt10046936,nm11741397
tt10046936,nm4027968
tt10046962,nm2875578
tt10046962,nm4645791
tt10046962,nm8464709
tt10046962,nm9847755
tt10046964,nm2875578
tt10046964,nm4645791
tt10046964,nm8464709
tt10046964,nm9847755
tt10046966,nm2875578
tt10046966,nm4645791
tt10046966,nm8464709
tt10046966,nm9847755
tt10046968,nm2875578
tt10046968,nm4645791
tt10046968,nm8464709
tt10046968,nm9847755
tt10046972,nm2875578
tt10046972,nm4645791
tt10046972,nm8464709
tt10046972,nm9847755
tt10046974,nm2875578
tt10046974,nm4645791
tt10046974,nm8464709
tt10046974,nm9847755
tt10046978,nm2875578
tt10046978,nm4645791
tt10046978,nm8464709
tt10046978,nm9847755
tt10046980,nm2875578
tt10046980,nm4645791
tt10046980,nm8464709
tt10046980,nm9847755
tt10046982,nm2875578
tt10046982,nm4645791
tt10046982,nm8464709
tt10046982,nm9847755
tt10046984,nm2875578
tt10046984,nm4645791
tt10046984,nm8464709
tt10046984,nm9847755
tt10046986,nm2875578
tt10046986,nm4645791
tt10046986,nm8464709
tt10046986,nm9847755
tt10046988,nm2875578
tt10046988,nm4645791
tt10046988,nm8464709
tt10046988,nm9847755
tt10046990,nm2875578
tt10046990,nm4645791
tt10046990,nm8464709
tt10046990,nm9847755
tt10046992,nm2875578
tt10046992,nm4645791
tt10046992,nm8464709
tt10046992,nm9847755
tt10046994,nm2875578
tt10046994,nm4645791
tt10046994,nm8464709
tt10046994,nm9847755
tt10047000,nm2875578
tt10047000,nm4645791
tt10047000,nm8464709
tt10047000,nm9847755
tt10047002,nm2875578
tt10047002,nm4645791
tt10047002,nm8464709
tt10047002,nm9847755
tt10047004,nm2875578
tt10047004,nm4645791
tt10047004,nm8464709
tt10047004,nm9847755
tt10047006,nm2875578
tt10047006,nm4645791
tt10047006,nm8464709
tt10047006,nm9847755
tt10047010,nm2875578
tt10047010,nm4645791
tt10047010,nm8464709
tt10047010,nm9847755
tt10047020,nm2875578
tt10047020,nm4645791
tt10047020,nm8464709
tt10047020,nm9847755
tt10047026,nm2875578
tt10047026,nm4645791
tt10047026,nm8464709
tt10047026,nm9847755
tt10047028,nm10558580
tt10047030,nm2875578
tt10047030,nm4645791
tt10047030,nm8464709
tt10047030,nm9847755
tt10047034,nm2875578
tt10047034,nm4645791
tt10047034,nm8464709
tt10047034,nm9847755
tt10047036,nm2875578
tt10047036,nm4645791
tt10047036,nm8464709
tt10047036,nm9847755
tt10047038,nm2875578
tt10047038,nm4645791
tt10047038,nm8464709
tt10047038,nm9847755
tt10047040,nm2875578
tt10047040,nm4645791
tt10047040,nm8464709
tt10047040,nm9847755
tt10047044,nm2875578
tt10047044,nm4645791
tt10047044,nm8464709
tt10047044,nm9847755
tt10047046,nm2875578
tt10047046,nm4645791
tt10047046,nm8464709
tt10047046,nm9847755
tt10047048,nm2875578
tt10047048,nm4645791
tt10047048,nm8464709
tt10047048,nm9847755
tt10047050,nm2875578
tt10047050,nm4645791
tt10047050,nm8464709
tt10047050,nm9847755
tt10047052,nm2875578
tt10047052,nm4645791
tt10047052,nm8464709
tt10047052,nm9847755
tt10047054,nm2875578
tt10047054,nm4645791
tt10047054,nm8464709
tt10047054,nm9847755
tt10047058,nm2875578
tt10047058,nm4645791
tt10047058,nm8464709
tt10047058,nm9847755
tt10047060,nm2875578
tt10047060,nm4645791
tt10047060,nm8464709
tt10047060,nm9847755
tt10047062,nm2875578
tt10047062,nm4645791
tt10047062,nm8464709
tt10047062,nm9847755
tt10047064,nm2875578
tt10047064,nm4645791
tt10047064,nm8464709
tt10047064,nm9847755
tt10047068,nm2875578
tt10047068,nm4645791
tt10047068,nm8464709
tt10047068,nm9847755
tt10047128,nm4597102
tt10047166,nm9601136
tt10047168,nm9601136
tt10047172,nm9601136
tt10047174,nm9601136
tt10047176,nm9601136
tt10047178,nm9601136
tt10047182,nm9601136
tt10047184,nm9601136
tt10047186,nm9601136
tt10047188,nm9601136
tt10047190,nm9601136
tt10047192,nm9601136
tt10047194,nm9601136
tt10047198,nm9601136
tt10047200,nm9601136
tt10047202,nm9601136
tt10047204,nm9601136
tt10047206,nm9601136
tt10047208,nm9601136
tt10047212,nm9601136
tt10047214,nm9601136
tt10047216,nm10176213
tt10047226,nm9601136
tt10047230,nm9601136
tt10047232,nm9601136
tt10047234,nm9601136
tt10047238,nm9601136
tt10047242,nm9601136
tt10047244,nm9601136
tt10047246,nm9601136
tt10047252,nm9601136
tt10047254,nm9601136
tt10047258,nm9601136
tt10047260,nm9601136
tt10047264,nm9601136
tt10047266,nm9601136
tt10047268,nm9601136
tt10047270,nm9601136
tt10047274,nm9601136
tt10047278,nm9601136
tt10047280,nm9601136
tt10047282,nm9601136
tt10047286,nm0266605
tt10047286,nm0367889
tt10047288,nm0266605
tt10047288,nm0367889
tt10047292,nm0266605
tt10047292,nm0367889
tt10047356,nm10558260
tt10047410,nm4805705
tt10047412,nm4805705
tt10047414,nm4805705
tt10047416,nm4805705
tt10047418,nm4805705
tt10047420,nm4805705
tt10047426,nm5345597
tt10047430,nm10558688
tt10047446,nm7610740
tt10047450,nm10526184
tt10047450,nm4099032
tt10047450,nm4328247
tt10047532,nm10558738
tt10047536,nm7610740
tt10047562,nm10558751
tt10047562,nm12176576
tt10047562,nm12508236
tt10047562,nm3137290
tt10047576,nm10558751
tt10047580,nm10558751
tt10047580,nm12176576
tt10047580,nm12508236
tt10047580,nm3137290
tt10047582,nm10558751
tt10047582,nm12176576
tt10047582,nm12508236
tt10047582,nm3137290
tt10047584,nm10558751
tt10047584,nm12508236
tt10047584,nm3137290
tt10047586,nm10558751
tt10047586,nm12508236
tt10047586,nm3137290
tt10047588,nm10558751
tt10047588,nm12176576
tt10047588,nm12508236
tt10047588,nm3137290
tt10047590,nm10558751
tt10047590,nm12508236
tt10047590,nm3137290
tt10047592,nm10558751
tt10047592,nm12176576
tt10047592,nm12508236
tt10047592,nm3137290
tt10047594,nm10558751
tt10047594,nm12508236
tt10047594,nm3137290
tt10047596,nm10558751
tt10047596,nm12508236
tt10047596,nm3137290
tt10047598,nm10558751
tt10047598,nm3137290
tt10047600,nm10558751
tt10047600,nm12176576
tt10047600,nm3137290
tt10047602,nm10558751
tt10047602,nm3137290
tt10047604,nm10558751
tt10047604,nm3137290
tt10047606,nm10558751
tt10047606,nm12176576
tt10047606,nm3137290
tt10047608,nm10558751
tt10047608,nm3137290
tt10047610,nm10558751
tt10047610,nm3137290
tt10047612,nm10558751
tt10047612,nm12176576
tt10047612,nm3137290
tt10047614,nm10558751
tt10047614,nm3137290
tt10047616,nm10558751
tt10047616,nm12176576
tt10047616,nm3137290
tt10047618,nm10558751
tt10047618,nm3137290
tt10047620,nm10558751
tt10047620,nm3137290
tt10047626,nm10558751
tt10047626,nm3137290
tt10047628,nm10558751
tt10047628,nm3137290
tt10047630,nm10558751
tt10047630,nm3137290
tt10047632,nm10558751
tt10047632,nm3137290
tt10047634,nm10558751
tt10047634,nm3137290
tt10047636,nm10558751
tt10047636,nm3137290
tt10047638,nm10558751
tt10047638,nm3137290
tt10047640,nm10558751
tt10047640,nm3137290
tt10047642,nm10558751
tt10047642,nm3137290
tt10047644,nm10558751
tt10047644,nm3137290
tt10047646,nm10558751
tt10047646,nm3137290
tt10047648,nm10558751
tt10047648,nm3137290
tt10047650,nm10558751
tt10047650,nm3137290
tt10047652,nm10558751
tt10047652,nm3137290
tt10047654,nm10558751
tt10047654,nm3137290
tt10047658,nm10558751
tt10047658,nm3137290
tt10047660,nm10558751
tt10047660,nm3137290
tt10047662,nm10558751
tt10047662,nm3137290
tt10047664,nm10558751
tt10047666,nm10558751
tt10047668,nm10558751
tt10047670,nm10558751
tt10047672,nm10558751
tt10047674,nm10558751
tt10047678,nm10558751
tt10047680,nm10558751
tt10047682,nm10558751
tt10047684,nm10558751
tt10047688,nm10558751
tt10047690,nm10558751
tt10047692,nm10558751
tt10047694,nm10558751
tt10047698,nm10558751
tt10047700,nm10558751
tt10047702,nm10558751
tt10047704,nm10558751
tt10047706,nm10558751
tt10047712,nm10558751
tt10047714,nm10558751
tt10047750,nm7610740
tt10047758,nm3513211
tt10047764,nm0497888
tt10047768,nm1333903
tt10047790,nm7610740
tt10047804,nm4667843
tt10047828,nm2415446
tt10047888,nm2415446
tt10047898,nm2415446
tt10047914,nm7610740
tt10047984,nm10072261
tt10047988,nm0383551
tt10048002,nm7610740
tt10048110,nm10559153
tt10048114,nm10072253
tt10048152,nm7610740
tt10048178,nm6103102
tt10048204,nm4813436
tt10048214,nm0138261
tt10048242,nm4813436
tt10048254,nm5898687
tt10048258,nm4813436
tt10048264,nm4813436
tt10048274,nm7610740
tt10048276,nm4813436
tt10048292,nm4813436
tt10048304,nm4813436
tt10048328,nm7610740
tt10048330,nm8589744
tt10048332,nm10559268
tt10048344,nm9846144
tt10048354,nm3700117
tt10048358,nm10019815
tt10048372,nm3082215
tt10048390,nm9343606
tt10048408,nm5360139
tt10048426,nm7770934
tt10048436,nm7795605
tt10048440,nm7795605
tt10048450,nm7795605
tt10048554,nm4889053
tt10048560,nm7138750
tt10048576,nm7610740
tt10048600,nm6963551
tt10048600,nm6972498
tt10048612,nm7610740
tt10048640,nm7610740
tt10048652,nm0626466
tt10048662,nm7610740
tt10048696,nm0266605
tt10048696,nm0367889
tt10048702,nm0266605
tt10048702,nm0367889
tt10048710,nm0367889
tt10048710,nm0643653
tt10048714,nm0367889
tt10048714,nm0643653
tt10048716,nm2093621
tt10048720,nm0367889
tt10048720,nm0643653
tt10048720,nm2758048
tt10048728,nm0367889
tt10048728,nm0643653
tt10048728,nm2758048
tt10048730,nm10559548
tt10048734,nm0367889
tt10048734,nm0643653
tt10048734,nm2758048
tt10048734,nm2763383
tt10048742,nm0367889
tt10048742,nm0643653
tt10048742,nm2758048
tt10048762,nm6963551
tt10048768,nm6963551
tt10048782,nm6972498
tt10048784,nm0626466
tt10048796,nm6963551
tt10048850,nm9059860
tt10048854,nm2093621
tt10048900,nm10559653
tt10048912,nm7610740
tt10048918,nm2093621
tt10048928,nm1441554
tt10048938,nm2997143
tt10048944,nm7610740
tt10048952,nm1441554
tt10048958,nm1441554
tt10048968,nm7610740
tt10048976,nm10559698
tt10049020,nm7610740
tt10049026,nm5333297
tt10049068,nm10559733
tt10049082,nm7610740
tt10049100,nm6777104
tt10049106,nm6385233
tt10049108,nm10559747
tt10049126,nm10607377
tt10049146,nm7610740
tt10049152,nm10559781
tt10049158,nm2093621
tt10049166,nm6860599
tt10049172,nm10559814
tt10049174,nm0172089
tt10049174,nm1860645
tt10049176,nm10559820
tt10049176,nm10613788
tt10049176,nm3228109
tt10049178,nm2093621
tt10049180,nm7610740
tt10049184,nm0172089
tt10049184,nm1860645
tt10049208,nm2093621
tt10049216,nm7610740
tt10049222,nm3169902
tt10049224,nm2093621
tt10049226,nm3169902
tt10049234,nm7610740
tt10049238,nm2037005
tt10049270,nm5548829
tt10049348,nm8758377
tt10049536,nm2586054
tt10049536,nm3169115
tt10049536,nm4820877
tt10049704,nm10152812
tt10049750,nm9909371
tt10049774,nm10560189
tt10049898,nm10560207
tt10049944,nm8916982
tt10050010,nm9313024
tt10050036,nm9313024
tt10050096,nm9313024
tt10050182,nm10560317
tt10050182,nm10560318
tt10050210,nm1361162
tt10050210,nm5631359
tt10050268,nm10560317
tt10050268,nm10560318
tt10050270,nm8811660
tt10050272,nm7364971
tt10050284,nm1651015
tt10050344,nm10540950
tt10050366,nm10540950
tt10050376,nm10540950
tt10050400,nm10540950
tt10050404,nm10560540
tt10050426,nm8811660
tt10050432,nm10540950
tt10050488,nm3599104
tt10050492,nm3599104
tt10050494,nm3599104
tt10050498,nm3599104
tt10050502,nm3599104
tt10050504,nm3599104
tt10050508,nm3599104
tt10050512,nm3599104
tt10050526,nm10560584
tt10050536,nm3785841
tt10050542,nm10540950
tt10050558,nm10560595
tt10050564,nm10540950
tt10050574,nm5384537
tt10050576,nm10540950
tt10050582,nm12910527
tt10050592,nm10560621
tt10050616,nm10560642
tt10050648,nm9050551
tt10050650,nm10919652
tt10050650,nm8467983
tt10050654,nm6920419
tt10050676,nm12309538
tt10050716,nm10466491
tt10050716,nm5974300
tt10050722,nm7822365
tt10050762,nm10523961
tt10050774,nm10557956
tt10050784,nm10560770
tt10050786,nm5691999
tt10050800,nm3595479
tt10050808,nm6029504
tt10050838,nm1695543
tt10050856,nm6593624
tt10050876,nm6593624
tt10050878,nm1726578
tt10050896,nm7137246
tt10050896,nm8845207
tt10050902,nm1695543
tt10050904,nm3240752
tt10050956,nm3757862
tt10050958,nm3757862
tt10050960,nm3757862
tt10050980,nm0838564
tt10051108,nm7701967
tt10051114,nm10525080
tt10051124,nm10560958
tt10051130,nm10525080
tt10051146,nm10525080
tt10051160,nm6593624
tt10051182,nm3563218
tt10051194,nm10558751
tt10051196,nm10558751
tt10051200,nm10558751
tt10051202,nm10558751
tt10051204,nm10558751
tt10051206,nm10558751
tt10051208,nm10558751
tt10051210,nm10558751
tt10051214,nm10558751
tt10051216,nm10558751
tt10051220,nm10558751
tt10051222,nm10558751
tt10051224,nm10558751
tt10051226,nm10558751
tt10051228,nm10558751
tt10051230,nm10558751
tt10051232,nm10558751
tt10051234,nm10558751
tt10051236,nm10558751
tt10051238,nm10558751
tt10051244,nm10558751
tt10051244,nm3137290
tt10051246,nm10558751
tt10051246,nm3137290
tt10051248,nm10558751
tt10051248,nm3137290
tt10051250,nm10558751
tt10051250,nm3137290
tt10051252,nm10558751
tt10051252,nm12176576
tt10051252,nm3137290
tt10051254,nm10558751
tt10051254,nm3137290
tt10051256,nm10558751
tt10051256,nm3137290
tt10051258,nm10558751
tt10051258,nm3137290
tt10051260,nm10558751
tt10051260,nm3137290
tt10051262,nm10558751
tt10051262,nm3137290
tt10051264,nm10558751
tt10051264,nm3137290
tt10051268,nm10558751
tt10051268,nm3137290
tt10051270,nm10558751
tt10051270,nm3137290
tt10051272,nm10558751
tt10051272,nm3137290
tt10051274,nm10558751
tt10051274,nm3137290
tt10051276,nm10558751
tt10051276,nm3137290
tt10051278,nm10558751
tt10051278,nm3137290
tt10051282,nm10558751
tt10051282,nm3137290
tt10051284,nm10558751
tt10051284,nm3137290
tt10051286,nm10558751
tt10051286,nm3137290
tt10051290,nm10561010
tt10051414,nm8314495
tt10051532,nm9601136
tt10051534,nm9601136
tt10051538,nm9601136
tt10051542,nm9601136
tt10051544,nm9601136
tt10051546,nm9601136
tt10051548,nm9601136
tt10051550,nm9601136
tt10051552,nm9601136
tt10051556,nm9601136
tt10051558,nm9601136
tt10051560,nm9601136
tt10051562,nm9601136
tt10051564,nm9601136
tt10051566,nm9601136
tt10051568,nm9601136
tt10051570,nm9601136
tt10051574,nm9601136
tt10051578,nm9601136
tt10051580,nm9601136
tt10051588,nm9601136
tt10051590,nm9601136
tt10051592,nm9601136
tt10051594,nm9601136
tt10051596,nm9601136
tt10051598,nm14155555
tt10051598,nm1900104
tt10051598,nm3634546
tt10051598,nm5802094
tt10051602,nm9601136
tt10051604,nm9601136
tt10051608,nm9601136
tt10051610,nm9601136
tt10051612,nm9601136
tt10051616,nm9601136
tt10051618,nm9601136
tt10051622,nm9601136
tt10051626,nm9601136
tt10051630,nm9601136
tt10051632,nm9601136
tt10051634,nm9601136
tt10051636,nm9601136
tt10051638,nm9601136
tt10051640,nm9601136
tt10051738,nm2875578
tt10051738,nm4645791
tt10051738,nm8464709
tt10051738,nm9847755
tt10051740,nm2875578
tt10051740,nm4645791
tt10051740,nm8464709
tt10051740,nm9847755
tt10051742,nm2875578
tt10051742,nm4645791
tt10051742,nm8464709
tt10051742,nm9847755
tt10051746,nm2875578
tt10051746,nm4645791
tt10051746,nm8464709
tt10051746,nm9847755
tt10051748,nm2875578
tt10051748,nm4645791
tt10051748,nm8464709
tt10051748,nm9847755
tt10051750,nm2875578
tt10051750,nm4645791
tt10051750,nm8464709
tt10051750,nm9847755
tt10051752,nm2875578
tt10051752,nm4645791
tt10051752,nm8464709
tt10051752,nm9847755
tt10051754,nm2875578
tt10051754,nm4645791
tt10051754,nm8464709
tt10051754,nm9847755
tt10051756,nm2875578
tt10051756,nm4645791
tt10051756,nm8464709
tt10051756,nm9847755
tt10051762,nm2875578
tt10051762,nm4645791
tt10051762,nm8464709
tt10051762,nm9847755
tt10051764,nm2875578
tt10051764,nm4645791
tt10051764,nm8464709
tt10051764,nm9847755
tt10051768,nm2875578
tt10051768,nm4645791
tt10051768,nm8464709
tt10051768,nm9847755
tt10051770,nm2875578
tt10051770,nm4645791
tt10051770,nm8464709
tt10051770,nm9847755
tt10051772,nm2875578
tt10051772,nm4645791
tt10051772,nm8464709
tt10051772,nm9847755
tt10051774,nm2875578
tt10051774,nm4645791
tt10051774,nm8464709
tt10051774,nm9847755
tt10051776,nm2875578
tt10051776,nm4645791
tt10051776,nm8464709
tt10051776,nm9847755
tt10051778,nm2875578
tt10051778,nm4645791
tt10051778,nm8464709
tt10051778,nm9847755
tt10051782,nm2875578
tt10051782,nm4645791
tt10051782,nm8464709
tt10051782,nm9847755
tt10051784,nm2875578
tt10051784,nm4645791
tt10051784,nm8464709
tt10051784,nm9847755
tt10051788,nm2808424
tt10051790,nm2808424
tt10051792,nm2875578
tt10051792,nm4645791
tt10051792,nm8464709
tt10051792,nm9847755
tt10051794,nm2875578
tt10051794,nm4645791
tt10051794,nm8464709
tt10051794,nm9847755
tt10051796,nm2875578
tt10051796,nm4645791
tt10051796,nm8464709
tt10051796,nm9847755
tt10051798,nm2875578
tt10051798,nm4645791
tt10051798,nm8464709
tt10051798,nm9847755
tt10051800,nm2808424
tt10051800,nm8965142
tt10051802,nm2875578
tt10051802,nm4645791
tt10051802,nm8464709
tt10051802,nm9847755
tt10051804,nm2875578
tt10051804,nm4645791
tt10051804,nm8464709
tt10051804,nm9847755
tt10051808,nm2808424
tt10051810,nm2875578
tt10051810,nm4645791
tt10051810,nm8464709
tt10051810,nm9847755
tt10051812,nm2875578
tt10051812,nm4645791
tt10051812,nm8464709
tt10051812,nm9847755
tt10051814,nm2875578
tt10051814,nm4645791
tt10051814,nm8464709
tt10051814,nm9847755
tt10051816,nm2875578
tt10051816,nm4645791
tt10051816,nm8464709
tt10051816,nm9847755
tt10051822,nm2875578
tt10051822,nm4645791
tt10051822,nm8464709
tt10051822,nm9847755
tt10051826,nm2875578
tt10051826,nm4645791
tt10051826,nm8464709
tt10051826,nm9847755
tt10051842,nm2875578
tt10051842,nm4645791
tt10051842,nm8464709
tt10051842,nm9847755
tt10051846,nm2875578
tt10051846,nm4645791
tt10051846,nm8464709
tt10051846,nm9847755
tt10051848,nm2875578
tt10051848,nm4645791
tt10051848,nm8464709
tt10051848,nm9847755
tt10051850,nm2875578
tt10051850,nm4645791
tt10051850,nm8464709
tt10051850,nm9847755
tt10051856,nm2875578
tt10051856,nm4645791
tt10051856,nm8464709
tt10051856,nm9847755
tt10051860,nm2875578
tt10051860,nm4645791
tt10051860,nm8464709
tt10051860,nm9847755
tt10051862,nm2875578
tt10051862,nm4645791
tt10051862,nm8464709
tt10051862,nm9847755
tt10051896,nm10631312
tt10051896,nm11741397
tt10051896,nm4027968
tt10051898,nm10631312
tt10051898,nm11741397
tt10051898,nm4027968
tt10051904,nm10631312
tt10051904,nm11741397
tt10051904,nm4027968
tt10051906,nm10631312
tt10051906,nm11741397
tt10051906,nm4027968
tt10051908,nm10631312
tt10051908,nm11741397
tt10051908,nm4027968
tt10051912,nm10631312
tt10051912,nm11741397
tt10051912,nm4027968
tt10051914,nm10631312
tt10051914,nm11741397
tt10051914,nm4027968
tt10051916,nm10631312
tt10051916,nm11741397
tt10051916,nm4027968
tt10051918,nm10631312
tt10051918,nm11741397
tt10051918,nm4027968
tt10051920,nm10631312
tt10051920,nm11741397
tt10051920,nm4027968
tt10051922,nm10631312
tt10051922,nm11741397
tt10051922,nm4027968
tt10051924,nm10631312
tt10051924,nm11741397
tt10051924,nm4027968
tt10051926,nm10631312
tt10051926,nm11741397
tt10051926,nm4027968
tt10051928,nm10631312
tt10051928,nm11741397
tt10051928,nm4027968
tt10051930,nm10631312
tt10051930,nm11741397
tt10051930,nm4027968
tt10051932,nm10631312
tt10051932,nm11741397
tt10051932,nm4027968
tt10051936,nm10631312
tt10051936,nm11741397
tt10051936,nm4027968
tt10052034,nm10561117
tt10052034,nm10561118
tt10052130,nm10557265
tt10052144,nm0702965
tt10052166,nm11271904
tt10052182,nm4585713
tt10052192,nm2739196
tt10052206,nm4585713
tt10052220,nm2739196
tt10052370,nm3439079
tt10052412,nm8318443
tt10052452,nm10344382
tt10052454,nm1699760
tt10052454,nm2419378
tt10052454,nm4199515
tt10052454,nm6677193
tt10052454,nm7073474
tt10052458,nm1699760
tt10052458,nm2419378
tt10052458,nm4199515
tt10052458,nm6677193
tt10052458,nm7073474
tt10052460,nm1699760
tt10052460,nm2419378
tt10052460,nm4199515
tt10052460,nm6677193
tt10052460,nm7073474
tt10052464,nm1699760
tt10052464,nm2419378
tt10052464,nm4199515
tt10052464,nm6677193
tt10052464,nm7073474
tt10052466,nm1699760
tt10052466,nm2419378
tt10052466,nm4199515
tt10052466,nm6677193
tt10052466,nm7073474
tt10052468,nm1699760
tt10052468,nm2419378
tt10052468,nm4199515
tt10052468,nm6677193
tt10052468,nm7073474
tt10052470,nm1699760
tt10052470,nm2419378
tt10052470,nm4199515
tt10052470,nm6677193
tt10052470,nm7073474
tt10052472,nm1699760
tt10052472,nm2419378
tt10052472,nm4199515
tt10052472,nm6677193
tt10052472,nm7073474
tt10052474,nm1699760
tt10052474,nm2419378
tt10052474,nm4199515
tt10052474,nm6677193
tt10052474,nm7073474
tt10052476,nm1699760
tt10052476,nm2419378
tt10052476,nm4199515
tt10052476,nm6677193
tt10052476,nm7073474
tt10052480,nm1699760
tt10052480,nm2419378
tt10052480,nm4199515
tt10052480,nm6677193
tt10052480,nm7073474
tt10052482,nm1699760
tt10052482,nm2419378
tt10052482,nm4199515
tt10052482,nm6677193
tt10052482,nm7073474
tt10052486,nm1699760
tt10052486,nm2419378
tt10052486,nm4199515
tt10052486,nm6677193
tt10052486,nm7073474
tt10052488,nm1699760
tt10052488,nm2419378
tt10052488,nm4199515
tt10052488,nm6677193
tt10052488,nm7073474
tt10052492,nm1699760
tt10052492,nm2419378
tt10052492,nm4199515
tt10052492,nm6677193
tt10052492,nm7073474
tt10052494,nm1699760
tt10052494,nm2419378
tt10052494,nm4199515
tt10052494,nm6677193
tt10052494,nm7073474
tt10052496,nm1699760
tt10052496,nm2419378
tt10052496,nm4199515
tt10052496,nm6677193
tt10052496,nm7073474
tt10052498,nm1699760
tt10052498,nm2419378
tt10052498,nm4199515
tt10052498,nm6677193
tt10052498,nm7073474
tt10052502,nm1699760
tt10052502,nm2419378
tt10052502,nm4199515
tt10052502,nm6677193
tt10052502,nm7073474
tt10052504,nm1699760
tt10052504,nm2419378
tt10052504,nm4199515
tt10052504,nm6677193
tt10052504,nm7073474
tt10052506,nm1699760
tt10052506,nm2419378
tt10052506,nm4199515
tt10052506,nm6677193
tt10052506,nm7073474
tt10052510,nm1699760
tt10052510,nm2419378
tt10052510,nm4199515
tt10052510,nm6677193
tt10052510,nm7073474
tt10052512,nm1699760
tt10052512,nm2419378
tt10052512,nm4199515
tt10052512,nm6677193
tt10052512,nm7073474
tt10052514,nm1699760
tt10052514,nm2419378
tt10052514,nm4199515
tt10052514,nm6677193
tt10052514,nm7073474
tt10052516,nm1699760
tt10052516,nm2419378
tt10052516,nm4199515
tt10052516,nm6677193
tt10052516,nm7073474
tt10052526,nm1699760
tt10052526,nm2419378
tt10052526,nm4199515
tt10052526,nm6677193
tt10052526,nm7073474
tt10052528,nm1699760
tt10052528,nm2419378
tt10052528,nm4199515
tt10052528,nm6677193
tt10052528,nm7073474
tt10052532,nm1699760
tt10052532,nm2419378
tt10052532,nm4199515
tt10052532,nm6677193
tt10052532,nm7073474
tt10052534,nm1699760
tt10052534,nm2419378
tt10052534,nm4199515
tt10052534,nm6677193
tt10052534,nm7073474
tt10052536,nm1699760
tt10052536,nm2419378
tt10052536,nm4199515
tt10052536,nm6677193
tt10052536,nm7073474
tt10052538,nm1699760
tt10052538,nm2419378
tt10052538,nm4199515
tt10052538,nm6677193
tt10052538,nm7073474
tt10052540,nm1699760
tt10052540,nm2419378
tt10052540,nm4199515
tt10052540,nm6677193
tt10052540,nm7073474
tt10052550,nm10539168
tt10052556,nm10539168
tt10052558,nm10539168
tt10052560,nm10539168
tt10052562,nm10539168
tt10052564,nm10539168
tt10052566,nm10539168
tt10052570,nm10539168
tt10052572,nm10539168
tt10052574,nm10539168
tt10052576,nm10539168
tt10052578,nm10539168
tt10052580,nm10539168
tt10052586,nm10539168
tt10052588,nm10539168
tt10052590,nm10539168
tt10052592,nm10539168
tt10052596,nm10539168
tt10052598,nm10539168
tt10052600,nm10539168
tt10052614,nm9505932
tt10052616,nm9505932
tt10052618,nm9505932
tt10052620,nm9505932
tt10052622,nm9505932
tt10052624,nm9505932
tt10052626,nm9505932
tt10052628,nm9505932
tt10052630,nm9505932
tt10052634,nm9505932
tt10052638,nm9505932
tt10052640,nm9505932
tt10052644,nm9505932
tt10052648,nm9505932
tt10052650,nm9505932
tt10052654,nm9505932
tt10052656,nm9505932
tt10052660,nm9505932
tt10052662,nm9505932
tt10052666,nm9505932
tt10052910,nm10371551
tt10052944,nm10561268
tt10052956,nm7477058
tt10052956,nm7477059
tt10052956,nm7870411
tt10052960,nm7477058
tt10052960,nm7477059
tt10052960,nm7870411
tt10052964,nm7477058
tt10052964,nm7477059
tt10052964,nm7870411
tt10052966,nm7477058
tt10052966,nm7477059
tt10052966,nm7870411
tt10052970,nm7477058
tt10052970,nm7477059
tt10052970,nm7870411
tt10052972,nm7477058
tt10052972,nm7477059
tt10052972,nm7870411
tt10052976,nm7477058
tt10052976,nm7477059
tt10052976,nm7870411
tt10052978,nm7477058
tt10052978,nm7477059
tt10052978,nm7870411
tt10052980,nm7477058
tt10052980,nm7477059
tt10052980,nm7870411
tt10052986,nm7477058
tt10052986,nm7477059
tt10052986,nm7870411
tt10052988,nm7477058
tt10052988,nm7477059
tt10052988,nm7870411
tt10052990,nm7477058
tt10052990,nm7477059
tt10052990,nm7870411
tt10052992,nm7477058
tt10052992,nm7477059
tt10052992,nm7870411
tt10052994,nm7477058
tt10052994,nm7477059
tt10052994,nm7870411
tt10052998,nm7477058
tt10052998,nm7477059
tt10052998,nm7870411
tt10053002,nm7477058
tt10053002,nm7477059
tt10053002,nm7870411
tt10053004,nm7477058
tt10053004,nm7477059
tt10053004,nm7870411
tt10053006,nm7477058
tt10053006,nm7477059
tt10053006,nm7870411
tt10053010,nm9418322
tt10053012,nm7477058
tt10053012,nm7477059
tt10053012,nm7870411
tt10053016,nm3634546
tt10053044,nm0575167
tt10053092,nm10561291
tt10053106,nm1900104
tt10053196,nm3634546
tt10053284,nm3634546
tt10053500,nm10631312
tt10053500,nm11741397
tt10053500,nm4027968
tt10053512,nm10631312
tt10053512,nm11741397
tt10053512,nm4027968
tt10053514,nm10631312
tt10053514,nm11741397
tt10053514,nm4027968
tt10053520,nm10631312
tt10053520,nm11741397
tt10053520,nm4027968
tt10053524,nm10631312
tt10053524,nm11741397
tt10053524,nm4027968
tt10053526,nm10631312
tt10053526,nm11741397
tt10053526,nm4027968
tt10053536,nm10631312
tt10053536,nm11741397
tt10053536,nm4027968
tt10053544,nm10631312
tt10053544,nm11741397
tt10053544,nm4027968
tt10053550,nm10631312
tt10053550,nm11741397
tt10053550,nm4027968
tt10053552,nm10631312
tt10053552,nm11741397
tt10053552,nm4027968
tt10053554,nm10631312
tt10053554,nm11741397
tt10053554,nm4027968
tt10053556,nm10631312
tt10053556,nm11741397
tt10053556,nm4027968
tt10053558,nm10631312
tt10053558,nm11741397
tt10053558,nm4027968
tt10053566,nm10631312
tt10053566,nm11741397
tt10053566,nm4027968
tt10053590,nm10631312
tt10053590,nm11741397
tt10053590,nm4027968
tt10053592,nm10631312
tt10053592,nm11741397
tt10053592,nm4027968
tt10053596,nm10631312
tt10053596,nm11741397
tt10053596,nm4027968
tt10053598,nm10631312
tt10053598,nm11741397
tt10053598,nm4027968
tt10053600,nm10631312
tt10053600,nm11741397
tt10053600,nm4027968
tt10053602,nm10631312
tt10053602,nm11741397
tt10053602,nm4027968
tt10053604,nm10631312
tt10053604,nm11741397
tt10053604,nm4027968
tt10053606,nm10631312
tt10053606,nm11741397
tt10053606,nm4027968
tt10053608,nm10631312
tt10053608,nm11741397
tt10053608,nm4027968
tt10053610,nm10631312
tt10053610,nm11741397
tt10053610,nm4027968
tt10053612,nm10631312
tt10053612,nm11741397
tt10053612,nm4027968
tt10053614,nm10631312
tt10053614,nm11741397
tt10053614,nm4027968
tt10053618,nm10631312
tt10053618,nm11741397
tt10053618,nm4027968
tt10053620,nm10631312
tt10053620,nm11741397
tt10053620,nm4027968
tt10053622,nm10631312
tt10053622,nm11741397
tt10053622,nm4027968
tt10053624,nm10631312
tt10053624,nm11741397
tt10053624,nm4027968
tt10053628,nm10631312
tt10053628,nm11741397
tt10053628,nm4027968
tt10053630,nm10631312
tt10053630,nm11741397
tt10053630,nm4027968
tt10053632,nm10631312
tt10053632,nm11741397
tt10053632,nm4027968
tt10053634,nm10631312
tt10053634,nm11741397
tt10053634,nm4027968
tt10053654,nm2129968
tt10053654,nm4907854
tt10053654,nm4908114
tt10053660,nm2129968
tt10053660,nm4907854
tt10053660,nm4908114
tt10053664,nm2129968
tt10053664,nm4907854
tt10053664,nm4908114
tt10053672,nm2129968
tt10053672,nm4907854
tt10053672,nm4908114
tt10053676,nm2129968
tt10053676,nm4907854
tt10053676,nm4908114
tt10053686,nm2129968
tt10053686,nm4907854
tt10053686,nm4908114
tt10053688,nm2129968
tt10053688,nm4907854
tt10053688,nm4908114
tt10053690,nm2129968
tt10053690,nm4907854
tt10053690,nm4908114
tt10053698,nm2129968
tt10053698,nm4907854
tt10053698,nm4908114
tt10053704,nm2129968
tt10053704,nm4907854
tt10053704,nm4908114
tt10053722,nm2129968
tt10053722,nm4907854
tt10053722,nm4908114
tt10053730,nm2129968
tt10053730,nm4907854
tt10053730,nm4908114
tt10053732,nm2129968
tt10053732,nm4907854
tt10053732,nm4908114
tt10053734,nm2129968
tt10053734,nm4907854
tt10053734,nm4908114
tt10053736,nm2129968
tt10053736,nm4907854
tt10053736,nm4908114
tt10053738,nm2129968
tt10053738,nm4907854
tt10053738,nm4908114
tt10053742,nm2129968
tt10053742,nm4907854
tt10053742,nm4908114
tt10053746,nm2129968
tt10053746,nm4907854
tt10053746,nm4908114
tt10053752,nm2129968
tt10053752,nm4907854
tt10053752,nm4908114
tt10053760,nm2129968
tt10053760,nm4907854
tt10053760,nm4908114
tt10053776,nm2129968
tt10053776,nm4907854
tt10053776,nm4908114
tt10053782,nm2129968
tt10053782,nm4907854
tt10053782,nm4908114
tt10053784,nm2129968
tt10053784,nm4907854
tt10053784,nm4908114
tt10053786,nm2129968
tt10053786,nm4907854
tt10053786,nm4908114
tt10053788,nm2129968
tt10053788,nm4907854
tt10053788,nm4908114
tt10053790,nm2129968
tt10053790,nm4907854
tt10053790,nm4908114
tt10053794,nm2129968
tt10053794,nm4907854
tt10053794,nm4908114
tt10053798,nm2129968
tt10053798,nm4907854
tt10053798,nm4908114
tt10053800,nm2129968
tt10053800,nm4907854
tt10053800,nm4908114
tt10053802,nm2129968
tt10053802,nm4907854
tt10053802,nm4908114
tt10053804,nm2129968
tt10053804,nm4907854
tt10053804,nm4908114
tt10053806,nm2129968
tt10053806,nm4907854
tt10053806,nm4908114
tt10053808,nm2129968
tt10053808,nm4907854
tt10053808,nm4908114
tt10053810,nm2129968
tt10053810,nm4907854
tt10053810,nm4908114
tt10053814,nm2129968
tt10053814,nm4907854
tt10053814,nm4908114
tt10053816,nm2129968
tt10053816,nm4907854
tt10053816,nm4908114
tt10053820,nm2129968
tt10053820,nm4907854
tt10053820,nm4908114
tt10053822,nm2129968
tt10053822,nm4907854
tt10053822,nm4908114
tt10053826,nm2129968
tt10053826,nm4907854
tt10053826,nm4908114
tt10053828,nm2129968
tt10053828,nm4907854
tt10053828,nm4908114
tt10053830,nm2129968
tt10053830,nm4907854
tt10053830,nm4908114
tt10053834,nm2129968
tt10053834,nm4907854
tt10053834,nm4908114
tt10053836,nm2129968
tt10053836,nm4907854
tt10053836,nm4908114
tt10053838,nm2129968
tt10053838,nm4907854
tt10053838,nm4908114
tt10053840,nm2129968
tt10053840,nm4907854
tt10053840,nm4908114
tt10053842,nm2129968
tt10053842,nm4907854
tt10053842,nm4908114
tt10053844,nm2129968
tt10053844,nm4907854
tt10053844,nm4908114
tt10053848,nm2129968
tt10053848,nm4907854
tt10053848,nm4908114
tt10053850,nm2129968
tt10053850,nm4907854
tt10053850,nm4908114
tt10053852,nm2129968
tt10053852,nm4907854
tt10053852,nm4908114
tt10053854,nm2129968
tt10053854,nm4907854
tt10053854,nm4908114
tt10053858,nm2129968
tt10053858,nm4907854
tt10053858,nm4908114
tt10053860,nm2129968
tt10053860,nm4907854
tt10053860,nm4908114
tt10053864,nm2129968
tt10053864,nm4907854
tt10053864,nm4908114
tt10053866,nm2129968
tt10053866,nm4907854
tt10053866,nm4908114
tt10053870,nm2129968
tt10053870,nm4907854
tt10053870,nm4908114
tt10053872,nm2129968
tt10053872,nm4907854
tt10053872,nm4908114
tt10053874,nm2129968
tt10053874,nm4907854
tt10053874,nm4908114
tt10053878,nm2129968
tt10053878,nm4907854
tt10053878,nm4908114
tt10053880,nm2129968
tt10053880,nm4907854
tt10053880,nm4908114
tt10053882,nm2129968
tt10053882,nm4907854
tt10053882,nm4908114
tt10053884,nm2129968
tt10053884,nm4907854
tt10053884,nm4908114
tt10053968,nm7759326
tt10053970,nm7759326
tt10053974,nm7759326
tt10053976,nm7759326
tt10053980,nm7759326
tt10053982,nm7759326
tt10053986,nm7759326
tt10053994,nm4942607
tt10054002,nm6555562
tt10054010,nm4423362
tt10054060,nm4423362
tt10054062,nm4423362
tt10054064,nm4423362
tt10054066,nm4423362
tt10054068,nm4423362
tt10054070,nm4423362
tt10054074,nm10561332
tt10054078,nm4423362
tt10054104,nm4423362
tt10054106,nm4423362
tt10054108,nm4423362
tt10054114,nm4423362
tt10054116,nm4423362
tt10054120,nm4423362
tt10054122,nm4423362
tt10054124,nm4423362
tt10054126,nm4423362
tt10054128,nm4423362
tt10054130,nm4423362
tt10054132,nm4423362
tt10054134,nm4423362
tt10054136,nm4423362
tt10054140,nm4423362
tt10054142,nm4423362
tt10054146,nm1579451
tt10054150,nm1579451
tt10054160,nm1579451
tt10054198,nm0644362
tt10054256,nm8550046
tt10054264,nm3082215
tt10054266,nm3082215
tt10054268,nm6837333
tt10054306,nm7579270
tt10054310,nm8834966
tt10054330,nm8347916
tt10054362,nm10305550
tt10054374,nm8573073
tt10054446,nm10561589
tt10054456,nm3583020
tt10054460,nm8811660
tt10054468,nm8649013
tt10054478,nm8090071
tt10054482,nm5115546
tt10054488,nm8090071
tt10054496,nm10548857
tt10054508,nm3563218
tt10054510,nm10561645
tt10054520,nm8090071
tt10054540,nm8090071
tt10054564,nm5115546
tt10054574,nm0758285
tt10054580,nm1772091
tt10054580,nm5115546
tt10054580,nm5117417
tt10054596,nm5117417
tt10054606,nm9815309
tt10054612,nm0758285
tt10054614,nm9699336
tt10054624,nm0392833
tt10054668,nm9007323
tt10054672,nm8811660
tt10054678,nm0758285
tt10054684,nm6092330
tt10054694,nm5553020
tt10054704,nm5553020
tt10054716,nm5553020
tt10054752,nm10561332
tt10054774,nm6092330
tt10054794,nm5115546
tt10054814,nm5115546
tt10054834,nm0575167
tt10054840,nm0575167
tt10054852,nm0575167
tt10054880,nm0575167
tt10054882,nm5115546
tt10054884,nm0575167
tt10054888,nm8811660
tt10054894,nm6092330
tt10054902,nm6170774
tt10054906,nm8916864
tt10054908,nm6963551
tt10054916,nm5115546
tt10054954,nm7760163
tt10054984,nm2264468
tt10054986,nm0575167
tt10054996,nm10561969
tt10055028,nm0288144
tt10055028,nm0774582
tt10055060,nm5553020
tt10055064,nm5553020
tt10055066,nm5553020
tt10055068,nm10523961
tt10055070,nm5553020
tt10055072,nm5553020
tt10055142,nm8825907
tt10055152,nm8647374
tt10055166,nm0562764
tt10055172,nm9556095
tt10055176,nm7688379
tt10055176,nm8609118
tt10055178,nm9556095
tt10055182,nm5115546
tt10055190,nm9418322
tt10055198,nm10562289
tt10055198,nm10562290
tt10055222,nm5115546
tt10055238,nm5115546
tt10055252,nm6920419
tt10055272,nm0562764
tt10055278,nm5117417
tt10055288,nm3523408
tt10055298,nm5471138
tt10055310,nm5115546
tt10055350,nm5115546
tt10055508,nm10559426
tt10055588,nm2818395
tt10055670,nm1361162
tt10055670,nm5631359
tt10055686,nm8752677
tt10055694,nm10471251
tt10055694,nm10471252
tt10055718,nm0948145
tt10055718,nm11161983
tt10055722,nm10522250
tt10055722,nm7590137
tt10055738,nm6360932
tt10055760,nm3036543
tt10055766,nm6360932
tt10055780,nm3192560
tt10055782,nm3036543
tt10055784,nm3192560
tt10055792,nm3192560
tt10055798,nm10540950
tt10055800,nm3192560
tt10055808,nm3192560
tt10055810,nm3192560
tt10055818,nm10540950
tt10055820,nm3192560
tt10055828,nm3192560
tt10055838,nm10540950
tt10055868,nm10540950
tt10055874,nm10424398
tt10055874,nm7892258
tt10055886,nm10540950
tt10055934,nm10562743
tt10055938,nm10562786
tt10055938,nm6765399
tt10056012,nm2808424
tt10056016,nm2808424
tt10056018,nm10679496
tt10056018,nm2402519
tt10056018,nm2808424
tt10056020,nm2402519
tt10056020,nm2808424
tt10056028,nm1336117
tt10056028,nm3508798
tt10056058,nm10548857
tt10056070,nm9908741
tt10056262,nm10554115
tt10056262,nm10562897
tt10056264,nm5707494
tt10056278,nm10510486
tt10056330,nm1636684
tt10056334,nm10563021
tt10056534,nm10563104
tt10056554,nm4087886
tt10056564,nm10563141
tt10056642,nm4423362
tt10056644,nm4423362
tt10056646,nm4423362
tt10056650,nm4423362
tt10056652,nm4423362
tt10056654,nm4423362
tt10056656,nm4423362
tt10056660,nm4423362
tt10056662,nm4423362
tt10056664,nm4423362
tt10056668,nm4423362
tt10056670,nm4423362
tt10056678,nm4423362
tt10056680,nm4423362
tt10056682,nm4423362
tt10056684,nm4423362
tt10056688,nm4423362
tt10056690,nm4423362
tt10056692,nm4423362
tt10056694,nm4423362
tt10056696,nm4423362
tt10056698,nm4423362
tt10056700,nm4423362
tt10056702,nm4423362
tt10056704,nm4423362
tt10056706,nm4423362
tt10056708,nm4423362
tt10056714,nm4423362
tt10056716,nm4423362
tt10056720,nm4423362
tt10056722,nm4423362
tt10056724,nm4423362
tt10056726,nm4423362
tt10056730,nm4423362
tt10056732,nm4423362
tt10056734,nm4423362
tt10056736,nm4423362
tt10056738,nm4423362
tt10056740,nm4423362
tt10056742,nm4423362
tt10056744,nm4423362
tt10056810,nm0105680
tt10056818,nm2129968
tt10056818,nm4907854
tt10056818,nm4908114
tt10056820,nm2129968
tt10056820,nm4907854
tt10056820,nm4908114
tt10056822,nm2129968
tt10056822,nm4907854
tt10056822,nm4908114
tt10056826,nm2129968
tt10056826,nm4907854
tt10056826,nm4908114
tt10056828,nm2129968
tt10056828,nm4907854
tt10056828,nm4908114
tt10056830,nm2129968
tt10056830,nm4907854
tt10056830,nm4908114
tt10056832,nm2129968
tt10056832,nm4907854
tt10056832,nm4908114
tt10056834,nm2129968
tt10056834,nm4907854
tt10056834,nm4908114
tt10056836,nm2129968
tt10056836,nm4907854
tt10056836,nm4908114
tt10056840,nm2129968
tt10056840,nm4907854
tt10056840,nm4908114
tt10056842,nm2129968
tt10056842,nm4907854
tt10056842,nm4908114
tt10056844,nm2129968
tt10056844,nm4907854
tt10056844,nm4908114
tt10056846,nm2129968
tt10056846,nm4907854
tt10056846,nm4908114
tt10056848,nm2129968
tt10056848,nm4907854
tt10056848,nm4908114
tt10056850,nm2129968
tt10056850,nm4907854
tt10056850,nm4908114
tt10056852,nm2129968
tt10056852,nm4907854
tt10056852,nm4908114
tt10056854,nm2129968
tt10056854,nm4907854
tt10056854,nm4908114
tt10056856,nm2129968
tt10056856,nm4907854
tt10056856,nm4908114
tt10056862,nm2129968
tt10056862,nm4907854
tt10056862,nm4908114
tt10056864,nm2129968
tt10056864,nm4907854
tt10056864,nm4908114
tt10056866,nm2129968
tt10056866,nm4907854
tt10056866,nm4908114
tt10056868,nm2129968
tt10056868,nm4907854
tt10056868,nm4908114
tt10056870,nm2129968
tt10056870,nm4907854
tt10056870,nm4908114
tt10056872,nm2129968
tt10056872,nm4907854
tt10056872,nm4908114
tt10056874,nm2129968
tt10056874,nm4907854
tt10056874,nm4908114
tt10056878,nm2129968
tt10056878,nm4907854
tt10056878,nm4908114
tt10056880,nm2129968
tt10056880,nm4907854
tt10056880,nm4908114
tt10056882,nm2129968
tt10056882,nm4907854
tt10056882,nm4908114
tt10056884,nm2129968
tt10056884,nm4907854
tt10056884,nm4908114
tt10056886,nm2129968
tt10056886,nm4907854
tt10056886,nm4908114
tt10056890,nm2129968
tt10056890,nm4907854
tt10056890,nm4908114
tt10056892,nm2129968
tt10056892,nm4907854
tt10056892,nm4908114
tt10056894,nm2129968
tt10056894,nm4907854
tt10056894,nm4908114
tt10056896,nm2129968
tt10056896,nm4907854
tt10056896,nm4908114
tt10056898,nm2129968
tt10056898,nm4907854
tt10056898,nm4908114
tt10056900,nm2129968
tt10056900,nm4907854
tt10056900,nm4908114
tt10056902,nm2129968
tt10056902,nm4907854
tt10056902,nm4908114
tt10056904,nm2129968
tt10056904,nm4907854
tt10056904,nm4908114
tt10056906,nm2129968
tt10056906,nm4907854
tt10056906,nm4908114
tt10056908,nm2129968
tt10056908,nm4907854
tt10056908,nm4908114
tt10056910,nm2129968
tt10056910,nm4907854
tt10056910,nm4908114
tt10056912,nm2129968
tt10056912,nm4907854
tt10056912,nm4908114
tt10056914,nm2129968
tt10056914,nm4907854
tt10056914,nm4908114
tt10056916,nm2129968
tt10056916,nm4907854
tt10056916,nm4908114
tt10056918,nm2129968
tt10056918,nm4907854
tt10056918,nm4908114
tt10056926,nm2129968
tt10056926,nm4907854
tt10056926,nm4908114
tt10056928,nm2129968
tt10056928,nm4907854
tt10056928,nm4908114
tt10056930,nm2129968
tt10056930,nm4907854
tt10056930,nm4908114
tt10056932,nm2129968
tt10056932,nm4907854
tt10056932,nm4908114
tt10056934,nm2129968
tt10056934,nm4907854
tt10056934,nm4908114
tt10056938,nm2129968
tt10056938,nm4907854
tt10056938,nm4908114
tt10056940,nm2129968
tt10056940,nm4907854
tt10056940,nm4908114
tt10056942,nm2129968
tt10056942,nm4907854
tt10056942,nm4908114
tt10056944,nm2129968
tt10056944,nm4907854
tt10056944,nm4908114
tt10056946,nm2129968
tt10056946,nm4907854
tt10056946,nm4908114
tt10056950,nm2129968
tt10056950,nm4907854
tt10056950,nm4908114
tt10056954,nm2129968
tt10056954,nm4907854
tt10056954,nm4908114
tt10056956,nm2129968
tt10056956,nm4907854
tt10056956,nm4908114
tt10056960,nm2129968
tt10056960,nm4907854
tt10056960,nm4908114
tt10056962,nm2129968
tt10056962,nm4907854
tt10056962,nm4908114
tt10056964,nm2129968
tt10056964,nm4907854
tt10056964,nm4908114
tt10056966,nm2129968
tt10056966,nm4907854
tt10056966,nm4908114
tt10056968,nm2129968
tt10056968,nm4907854
tt10056968,nm4908114
tt10056970,nm2129968
tt10056970,nm4907854
tt10056970,nm4908114
tt10056972,nm2129968
tt10056972,nm4907854
tt10056972,nm4908114
tt10056974,nm2129968
tt10056974,nm4907854
tt10056974,nm4908114
tt10056976,nm2129968
tt10056976,nm4907854
tt10056976,nm4908114
tt10056978,nm2129968
tt10056978,nm4907854
tt10056978,nm4908114
tt10056980,nm2129968
tt10056980,nm4907854
tt10056980,nm4908114
tt10056982,nm2129968
tt10056982,nm4907854
tt10056982,nm4908114
tt10056986,nm2129968
tt10056986,nm4907854
tt10056986,nm4908114
tt10056990,nm2129968
tt10056990,nm4907854
tt10056990,nm4908114
tt10056992,nm2129968
tt10056992,nm4907854
tt10056992,nm4908114
tt10056994,nm10563254
tt10056994,nm10563255
tt10056996,nm2129968
tt10056996,nm4907854
tt10056996,nm4908114
tt10056998,nm2129968
tt10056998,nm4907854
tt10056998,nm4908114
tt10057002,nm10631312
tt10057002,nm11741397
tt10057002,nm4027968
tt10057004,nm10631312
tt10057004,nm11741397
tt10057004,nm4027968
tt10057006,nm10631312
tt10057006,nm11741397
tt10057006,nm4027968
tt10057008,nm10631312
tt10057008,nm11741397
tt10057008,nm4027968
tt10057010,nm10631312
tt10057010,nm11741397
tt10057010,nm4027968
tt10057042,nm10631312
tt10057042,nm11741397
tt10057042,nm4027968
tt10057046,nm10631312
tt10057046,nm11741397
tt10057046,nm4027968
tt10057048,nm10631312
tt10057048,nm11741397
tt10057048,nm4027968
tt10057050,nm10631312
tt10057050,nm11741397
tt10057050,nm4027968
tt10057052,nm10631312
tt10057052,nm11741397
tt10057052,nm4027968
tt10057054,nm10631312
tt10057054,nm11741397
tt10057054,nm4027968
tt10057056,nm10631312
tt10057056,nm11741397
tt10057056,nm4027968
tt10057058,nm10631312
tt10057058,nm11741397
tt10057058,nm4027968
tt10057060,nm10631312
tt10057060,nm11741397
tt10057060,nm4027968
tt10057062,nm10631312
tt10057062,nm11741397
tt10057062,nm4027968
tt10057066,nm10631312
tt10057066,nm11741397
tt10057066,nm4027968
tt10057068,nm10631312
tt10057068,nm11741397
tt10057068,nm4027968
tt10057070,nm10631312
tt10057070,nm11741397
tt10057070,nm4027968
tt10057072,nm10631312
tt10057072,nm11741397
tt10057072,nm4027968
tt10057074,nm10631312
tt10057074,nm11741397
tt10057074,nm4027968
tt10057078,nm10631312
tt10057078,nm11741397
tt10057078,nm4027968
tt10057080,nm10631312
tt10057080,nm11741397
tt10057080,nm4027968
tt10057084,nm10631312
tt10057084,nm11741397
tt10057084,nm4027968
tt10057086,nm10631312
tt10057086,nm11741397
tt10057086,nm4027968
tt10057088,nm10631312
tt10057088,nm11741397
tt10057088,nm4027968
tt10057090,nm10631312
tt10057090,nm11741397
tt10057090,nm4027968
tt10057180,nm7392409
tt10057190,nm10563306
tt10057256,nm0368423
tt10057310,nm5498463
tt10057312,nm7477058
tt10057312,nm7477059
tt10057312,nm7870411
tt10057314,nm7477058
tt10057314,nm7477059
tt10057314,nm7870411
tt10057318,nm3857291
tt10057324,nm7477058
tt10057324,nm7477059
tt10057324,nm7870411
tt10057326,nm7477058
tt10057326,nm7477059
tt10057326,nm7870411
tt10057328,nm7477058
tt10057328,nm7477059
tt10057328,nm7870411
tt10057330,nm7477058
tt10057330,nm7477059
tt10057330,nm7870411
tt10057332,nm7477058
tt10057332,nm7477059
tt10057332,nm7870411
tt10057336,nm7477058
tt10057336,nm7477059
tt10057336,nm7870411
tt10057338,nm7477058
tt10057338,nm7477059
tt10057338,nm7870411
tt10057340,nm7477058
tt10057340,nm7477059
tt10057340,nm7870411
tt10057344,nm7477058
tt10057344,nm7477059
tt10057344,nm7870411
tt10057346,nm7477058
tt10057346,nm7477059
tt10057346,nm7870411
tt10057348,nm7477058
tt10057348,nm7477059
tt10057348,nm7870411
tt10057352,nm7477058
tt10057352,nm7477059
tt10057352,nm7870411
tt10057354,nm7477058
tt10057354,nm7477059
tt10057354,nm7870411
tt10057356,nm7477058
tt10057356,nm7477059
tt10057356,nm7870411
tt10057360,nm7477058
tt10057360,nm7477059
tt10057360,nm7870411
tt10057362,nm7477058
tt10057362,nm7477059
tt10057362,nm7870411
tt10057364,nm7477058
tt10057364,nm7477059
tt10057364,nm7870411
tt10057384,nm0368423
tt10057440,nm0368423
tt10057490,nm7392409
tt10057500,nm9505932
tt10057502,nm9505932
tt10057506,nm9505932
tt10057508,nm9505932
tt10057510,nm9505932
tt10057512,nm9505932
tt10057514,nm9505932
tt10057516,nm9505932
tt10057518,nm9505932
tt10057520,nm9505932
tt10057524,nm9505932
tt10057530,nm9505932
tt10057532,nm9505932
tt10057534,nm9505932
tt10057536,nm9505932
tt10057540,nm9505932
tt10057542,nm9505932
tt10057546,nm9505932
tt10057548,nm9505932
tt10057550,nm9505932
tt10057552,nm10539168
tt10057554,nm10539168
tt10057556,nm10539168
tt10057558,nm10539168
tt10057560,nm10539168
tt10057562,nm10539168
tt10057564,nm10539168
tt10057566,nm10539168
tt10057568,nm10539168
tt10057572,nm10539168
tt10057574,nm10539168
tt10057578,nm10539168
tt10057582,nm10539168
tt10057584,nm10539168
tt10057586,nm10539168
tt10057588,nm10539168
tt10057592,nm10539168
tt10057594,nm10539168
tt10057596,nm10539168
tt10057598,nm10539168
tt10057600,nm10044385
tt10057630,nm2537192
tt10057654,nm2537192
tt10057686,nm0368423
tt10057750,nm0368423
tt10057778,nm0368423
tt10057810,nm0368423
tt10057822,nm2793943
tt10057964,nm3077570
tt10057966,nm10631312
tt10057966,nm11741397
tt10057966,nm4027968
tt10057968,nm10631312
tt10057968,nm11741397
tt10057968,nm4027968
tt10057972,nm10631312
tt10057972,nm11741397
tt10057972,nm4027968
tt10057976,nm10631312
tt10057976,nm11741397
tt10057976,nm4027968
tt10057978,nm10631312
tt10057978,nm11741397
tt10057978,nm4027968
tt10057980,nm10631312
tt10057980,nm11741397
tt10057980,nm4027968
tt10057982,nm10631312
tt10057982,nm11741397
tt10057982,nm4027968
tt10057984,nm10631312
tt10057984,nm11741397
tt10057984,nm4027968
tt10057986,nm10631312
tt10057986,nm11741397
tt10057986,nm4027968
tt10057988,nm10631312
tt10057988,nm11741397
tt10057988,nm4027968
tt10057990,nm10631312
tt10057990,nm11741397
tt10057990,nm4027968
tt10057992,nm10631312
tt10057992,nm11741397
tt10057992,nm4027968
tt10057994,nm10631312
tt10057994,nm11741397
tt10057994,nm4027968
tt10057996,nm10631312
tt10057996,nm11741397
tt10057996,nm4027968
tt10057998,nm10631312
tt10057998,nm11741397
tt10057998,nm4027968
tt10058002,nm10631312
tt10058002,nm11741397
tt10058002,nm4027968
tt10058004,nm10631312
tt10058004,nm11741397
tt10058004,nm4027968
tt10058008,nm10631312
tt10058008,nm11741397
tt10058008,nm4027968
tt10058012,nm10631312
tt10058012,nm11741397
tt10058012,nm4027968
tt10058014,nm10631312
tt10058014,nm11741397
tt10058014,nm4027968
tt10058016,nm0368423
tt10058022,nm2875578
tt10058022,nm4645791
tt10058022,nm8464709
tt10058022,nm9847755
tt10058028,nm2875578
tt10058028,nm4645791
tt10058028,nm8464709
tt10058028,nm9847755
tt10058032,nm2875578
tt10058032,nm4645791
tt10058032,nm8464709
tt10058032,nm9847755
tt10058034,nm2875578
tt10058034,nm4645791
tt10058034,nm8464709
tt10058034,nm9847755
tt10058036,nm2875578
tt10058036,nm4645791
tt10058036,nm8464709
tt10058036,nm9847755
tt10058038,nm2875578
tt10058038,nm4645791
tt10058038,nm8464709
tt10058038,nm9847755
tt10058042,nm2875578
tt10058042,nm4645791
tt10058042,nm8464709
tt10058042,nm9847755
tt10058044,nm2875578
tt10058044,nm4645791
tt10058044,nm8464709
tt10058044,nm9847755
tt10058050,nm2875578
tt10058050,nm4645791
tt10058050,nm8464709
tt10058050,nm9847755
tt10058052,nm1220531
tt10058056,nm2875578
tt10058056,nm4645791
tt10058056,nm8464709
tt10058056,nm9847755
tt10058060,nm2875578
tt10058060,nm4645791
tt10058060,nm8464709
tt10058060,nm9847755
tt10058062,nm2875578
tt10058062,nm4645791
tt10058062,nm8464709
tt10058062,nm9847755
tt10058064,nm2875578
tt10058064,nm4645791
tt10058064,nm8464709
tt10058064,nm9847755
tt10058066,nm2875578
tt10058066,nm4645791
tt10058066,nm8464709
tt10058066,nm9847755
tt10058068,nm2875578
tt10058068,nm4645791
tt10058068,nm8464709
tt10058068,nm9847755
tt10058070,nm2875578
tt10058070,nm4645791
tt10058070,nm8464709
tt10058070,nm9847755
tt10058072,nm2875578
tt10058072,nm4645791
tt10058072,nm8464709
tt10058072,nm9847755
tt10058076,nm10563430
tt10058078,nm2875578
tt10058078,nm4645791
tt10058078,nm8464709
tt10058078,nm9847755
tt10058082,nm2875578
tt10058082,nm4645791
tt10058082,nm8464709
tt10058082,nm9847755
tt10058088,nm2875578
tt10058088,nm4645791
tt10058088,nm8464709
tt10058088,nm9847755
tt10058090,nm2537192
tt10058096,nm2875578
tt10058096,nm4645791
tt10058096,nm8464709
tt10058096,nm9847755
tt10058098,nm2875578
tt10058098,nm4645791
tt10058098,nm8464709
tt10058098,nm9847755
tt10058102,nm2875578
tt10058102,nm4645791
tt10058102,nm8464709
tt10058102,nm9847755
tt10058104,nm2875578
tt10058104,nm4645791
tt10058104,nm8464709
tt10058104,nm9847755
tt10058106,nm2875578
tt10058106,nm4645791
tt10058106,nm8464709
tt10058106,nm9847755
tt10058110,nm2875578
tt10058110,nm4645791
tt10058110,nm8464709
tt10058110,nm9847755
tt10058112,nm2875578
tt10058112,nm4645791
tt10058112,nm8464709
tt10058112,nm9847755
tt10058114,nm2875578
tt10058114,nm4645791
tt10058114,nm8464709
tt10058114,nm9847755
tt10058116,nm2875578
tt10058116,nm4645791
tt10058116,nm8464709
tt10058116,nm9847755
tt10058118,nm2875578
tt10058118,nm4645791
tt10058118,nm8464709
tt10058118,nm9847755
tt10058120,nm0368423
tt10058120,nm7372135
tt10058124,nm2875578
tt10058124,nm4645791
tt10058124,nm8464709
tt10058124,nm9847755
tt10058126,nm2875578
tt10058126,nm4645791
tt10058126,nm8464709
tt10058126,nm9847755
tt10058128,nm2875578
tt10058128,nm4645791
tt10058128,nm8464709
tt10058128,nm9847755
tt10058130,nm2875578
tt10058130,nm4645791
tt10058130,nm8464709
tt10058130,nm9847755
tt10058132,nm2875578
tt10058132,nm4645791
tt10058132,nm8464709
tt10058132,nm9847755
tt10058134,nm2875578
tt10058134,nm4645791
tt10058134,nm8464709
tt10058134,nm9847755
tt10058136,nm2875578
tt10058136,nm4645791
tt10058136,nm8464709
tt10058136,nm9847755
tt10058142,nm2875578
tt10058142,nm4645791
tt10058142,nm8464709
tt10058142,nm9847755
tt10058146,nm2875578
tt10058146,nm4645791
tt10058146,nm8464709
tt10058146,nm9847755
tt10058150,nm0368423
tt10058208,nm0368423
tt10058254,nm4908017
tt10058256,nm9601136
tt10058260,nm9601136
tt10058262,nm9601136
tt10058264,nm9601136
tt10058266,nm9601136
tt10058268,nm9601136
tt10058270,nm9601136
tt10058272,nm9601136
tt10058274,nm9601136
tt10058278,nm9601136
tt10058280,nm9601136
tt10058284,nm9601136
tt10058286,nm9601136
tt10058288,nm9601136
tt10058290,nm9601136
tt10058292,nm9601136
tt10058294,nm9601136
tt10058298,nm9601136
tt10058304,nm9601136
tt10058306,nm9601136
tt10058308,nm9601136
tt10058310,nm9601136
tt10058312,nm9601136
tt10058314,nm9601136
tt10058316,nm9601136
tt10058318,nm9601136
tt10058320,nm9601136
tt10058322,nm9601136
tt10058324,nm9601136
tt10058326,nm9601136
tt10058328,nm0368423
tt10058330,nm9601136
tt10058332,nm9601136
tt10058334,nm9601136
tt10058338,nm9601136
tt10058340,nm9601136
tt10058342,nm9601136
tt10058348,nm9601136
tt10058350,nm9601136
tt10058352,nm9601136
tt10058354,nm9601136
tt10058570,nm10558751
tt10058570,nm3137290
tt10058572,nm10558751
tt10058572,nm3137290
tt10058574,nm10558751
tt10058574,nm3137290
tt10058576,nm10558751
tt10058576,nm3137290
tt10058578,nm10558751
tt10058578,nm3137290
tt10058580,nm10558751
tt10058580,nm3137290
tt10058582,nm10558751
tt10058582,nm3137290
tt10058584,nm10558751
tt10058584,nm3137290
tt10058586,nm10558751
tt10058586,nm3137290
tt10058590,nm10558751
tt10058590,nm3137290
tt10058592,nm10558751
tt10058592,nm3137290
tt10058594,nm10558751
tt10058594,nm3137290
tt10058596,nm10558751
tt10058596,nm3137290
tt10058598,nm10558751
tt10058598,nm3137290
tt10058600,nm10558751
tt10058600,nm3137290
tt10058602,nm10558751
tt10058602,nm3137290
tt10058606,nm10558751
tt10058606,nm3137290
tt10058608,nm10558751
tt10058608,nm3137290
tt10058610,nm10558751
tt10058610,nm3137290
tt10058614,nm10558751
tt10058614,nm3137290
tt10058616,nm3192560
tt10058616,nm3987860
tt10058616,nm4034275
tt10058616,nm5920123
tt10058616,nm5920126
tt10058616,nm7057918
tt10058616,nm7070018
tt10058616,nm7070019
tt10058620,nm10558751
tt10058622,nm10558751
tt10058624,nm10558751
tt10058626,nm10558751
tt10058628,nm10558751
tt10058630,nm10558751
tt10058632,nm10558751
tt10058636,nm10558751
tt10058638,nm10558751
tt10058640,nm10558751
tt10058642,nm10558751
tt10058644,nm10558751
tt10058646,nm10558751
tt10058648,nm10558751
tt10058650,nm10558751
tt10058652,nm10558751
tt10058654,nm10558751
tt10058656,nm10558751
tt10058658,nm10558751
tt10058660,nm10558751
tt10058664,nm5060431
tt10058686,nm5884424
tt10058692,nm1337648
tt10058694,nm4443289
tt10058722,nm0368423
tt10058722,nm0911722
tt10058722,nm1911479
tt10058722,nm2339501
tt10058722,nm2728605
tt10058722,nm2759557
tt10058722,nm3307823
tt10058722,nm4751807
tt10058722,nm5144185
tt10058722,nm9767737
tt10058744,nm8803964
tt10058814,nm4443289
tt10058820,nm4443289
tt10058822,nm4443289
tt10058824,nm4443289
tt10058826,nm4443289
tt10058828,nm4443289
tt10058832,nm4443289
tt10058834,nm4443289
tt10058836,nm4443289
tt10058838,nm4443289
tt10058840,nm4443289
tt10058846,nm4443289
tt10058848,nm4443289
tt10058850,nm4443289
tt10058852,nm4443289
tt10058854,nm6040729
tt10058856,nm10563566
tt10058938,nm9398904
tt10059168,nm2172473
tt10059168,nm2420940
tt10059174,nm2420940
tt10059174,nm7118505
tt10059188,nm1992300
tt10059188,nm2420940
tt10059192,nm2172473
tt10059192,nm2420940
tt10059200,nm2172473
tt10059200,nm2420940
tt10059208,nm2420940
tt10059214,nm2420940
tt10059214,nm4368122
tt10059226,nm10563737
tt10059240,nm10563249
tt10059264,nm10563760
tt10059270,nm7070018
tt10059270,nm7070019
tt10059328,nm4034275
tt10059328,nm5920123
tt10059346,nm5920126
tt10059346,nm7057918
tt10059360,nm7070019
tt10059380,nm3192560
tt10059380,nm3987860
tt10059388,nm3192560
tt10059388,nm3987860
tt10059406,nm7070019
tt10059418,nm5920126
tt10059418,nm7057918
tt10059428,nm5186251
tt10059452,nm10409827
tt10059454,nm9699336
tt10059458,nm10424398
tt10059458,nm9699336
tt10059466,nm1329868
tt10059478,nm6159005
tt10059502,nm5234119
tt10059504,nm6457325
tt10059510,nm5193004
tt10059514,nm2820724
tt10059526,nm2093621
tt10059528,nm2820724
tt10059538,nm2820724
tt10059550,nm2820724
tt10059556,nm2093621
tt10059590,nm0049744
tt10059600,nm2093621
tt10059624,nm0472248
tt10059630,nm10564051
tt10059632,nm5517346
tt10059648,nm0025316
tt10059648,nm0039407
tt10059650,nm2163736
tt10059658,nm2163736
tt10059662,nm2163736
tt10059666,nm2163736
tt10059672,nm2163736
tt10059702,nm10564108
tt10059728,nm9579324
tt10059774,nm2163736
tt10059778,nm2163736
tt10059782,nm2600333
tt10059784,nm2163736
tt10059792,nm2600333
tt10059804,nm2600333
tt10059810,nm2600333
tt10059818,nm2600333
tt10059854,nm2016174
tt10059882,nm4443289
tt10059884,nm4443289
tt10059886,nm4443289
tt10059888,nm4443289
tt10059892,nm4443289
tt10059894,nm4443289
tt10059896,nm4443289
tt10059900,nm4443289
tt10059902,nm4443289
tt10059904,nm4443289
tt10059906,nm3143004
tt10059912,nm4443289
tt10059914,nm4443289
tt10059916,nm4443289
tt10059918,nm4443289
tt10059920,nm4443289
tt10059922,nm4443289
tt10059924,nm4443289
tt10059926,nm4443289
tt10059930,nm4443289
tt10059932,nm4443289
tt10059980,nm3143004
tt10060072,nm10564227
tt10060096,nm10558751
tt10060098,nm10558751
tt10060102,nm10558751
tt10060104,nm10558751
tt10060106,nm10558751
tt10060108,nm10558751
tt10060110,nm10558751
tt10060112,nm10558751
tt10060114,nm10558751
tt10060116,nm10558751
tt10060118,nm10558751
tt10060120,nm10558751
tt10060122,nm10558751
tt10060124,nm10558751
tt10060126,nm10558751
tt10060126,nm12176576
tt10060128,nm10558751
tt10060130,nm10558751
tt10060130,nm12176576
tt10060132,nm10558751
tt10060134,nm10558751
tt10060136,nm10558751
tt10060138,nm10558751
tt10060138,nm3137290
tt10060140,nm10558751
tt10060140,nm3137290
tt10060142,nm10558751
tt10060142,nm3137290
tt10060144,nm10558751
tt10060144,nm3137290
tt10060146,nm10558751
tt10060146,nm3137290
tt10060148,nm10558751
tt10060148,nm3137290
tt10060150,nm10558751
tt10060150,nm3137290
tt10060152,nm10558751
tt10060152,nm3137290
tt10060154,nm10558751
tt10060154,nm3137290
tt10060156,nm10558751
tt10060156,nm3137290
tt10060160,nm10558751
tt10060160,nm3137290
tt10060162,nm10558751
tt10060162,nm3137290
tt10060164,nm10558751
tt10060164,nm3137290
tt10060166,nm10558751
tt10060166,nm3137290
tt10060168,nm10558751
tt10060168,nm3137290
tt10060170,nm10558751
tt10060170,nm3137290
tt10060172,nm10558751
tt10060172,nm12176576
tt10060172,nm3137290
tt10060174,nm10558751
tt10060174,nm3137290
tt10060176,nm10558751
tt10060176,nm3137290
tt10060178,nm10558751
tt10060178,nm3137290
tt10060288,nm3385451
tt10060338,nm9601136
tt10060344,nm9601136
tt10060346,nm9601136
tt10060348,nm9601136
tt10060352,nm9601136
tt10060356,nm9601136
tt10060368,nm9601136
tt10060370,nm9601136
tt10060374,nm9601136
tt10060376,nm9601136
tt10060382,nm9601136
tt10060384,nm9601136
tt10060388,nm9601136
tt10060390,nm9601136
tt10060392,nm9601136
tt10060396,nm9601136
tt10060398,nm9601136
tt10060400,nm9601136
tt10060402,nm9601136
tt10060404,nm9601136
tt10060406,nm9601136
tt10060410,nm9601136
tt10060412,nm9601136
tt10060416,nm9601136
tt10060418,nm9601136
tt10060420,nm2163736
tt10060422,nm9601136
tt10060424,nm9601136
tt10060428,nm9601136
tt10060430,nm9601136
tt10060432,nm9601136
tt10060434,nm9601136
tt10060438,nm9601136
tt10060440,nm9601136
tt10060442,nm9601136
tt10060444,nm9601136
tt10060446,nm9601136
tt10060450,nm9601136
tt10060452,nm9601136
tt10060454,nm9601136
tt10060456,nm9601136
tt10060460,nm6995604
tt10060464,nm5201730
tt10060478,nm9760897
tt10060590,nm5201730
tt10060592,nm2875578
tt10060592,nm4645791
tt10060592,nm8464709
tt10060592,nm9847755
tt10060594,nm2875578
tt10060594,nm4645791
tt10060594,nm8464709
tt10060594,nm9847755
tt10060596,nm5201730
tt10060598,nm2875578
tt10060598,nm4645791
tt10060598,nm8464709
tt10060598,nm9847755
tt10060602,nm2875578
tt10060602,nm4645791
tt10060602,nm8464709
tt10060602,nm9847755
tt10060606,nm2875578
tt10060606,nm4645791
tt10060606,nm8464709
tt10060606,nm9847755
tt10060608,nm2875578
tt10060608,nm4645791
tt10060608,nm8464709
tt10060608,nm9847755
tt10060610,nm2875578
tt10060610,nm4645791
tt10060610,nm8464709
tt10060610,nm9847755
tt10060614,nm5201730
tt10060616,nm2875578
tt10060616,nm4645791
tt10060616,nm8464709
tt10060616,nm9847755
tt10060618,nm2875578
tt10060618,nm4645791
tt10060618,nm8464709
tt10060618,nm9847755
tt10060620,nm2875578
tt10060620,nm4645791
tt10060620,nm8464709
tt10060620,nm9847755
tt10060622,nm2875578
tt10060622,nm4645791
tt10060622,nm8464709
tt10060622,nm9847755
tt10060624,nm2875578
tt10060624,nm4645791
tt10060624,nm8464709
tt10060624,nm9847755
tt10060626,nm2875578
tt10060626,nm4645791
tt10060626,nm8464709
tt10060626,nm9847755
tt10060628,nm2875578
tt10060628,nm4645791
tt10060628,nm8464709
tt10060628,nm9847755
tt10060630,nm2875578
tt10060630,nm4645791
tt10060630,nm8464709
tt10060630,nm9847755
tt10060632,nm5201730
tt10060634,nm2875578
tt10060634,nm4645791
tt10060634,nm8464709
tt10060634,nm9847755
tt10060638,nm2875578
tt10060638,nm4645791
tt10060638,nm8464709
tt10060638,nm9847755
tt10060640,nm2875578
tt10060640,nm4645791
tt10060640,nm8464709
tt10060640,nm9847755
tt10060642,nm2163736
tt10060644,nm2875578
tt10060644,nm4645791
tt10060644,nm8464709
tt10060644,nm9847755
tt10060648,nm2875578
tt10060648,nm4645791
tt10060648,nm8464709
tt10060648,nm9847755
tt10060650,nm5201730
tt10060654,nm5201730
tt10060656,nm2875578
tt10060656,nm4645791
tt10060656,nm8464709
tt10060656,nm9847755
tt10060658,nm2875578
tt10060658,nm4645791
tt10060658,nm8464709
tt10060658,nm9847755
tt10060660,nm2875578
tt10060660,nm4645791
tt10060660,nm8464709
tt10060660,nm9847755
tt10060662,nm2163736
tt10060664,nm5201730
tt10060666,nm2875578
tt10060666,nm4645791
tt10060666,nm8464709
tt10060666,nm9847755
tt10060668,nm2875578
tt10060668,nm4645791
tt10060668,nm8464709
tt10060668,nm9847755
tt10060670,nm2875578
tt10060670,nm4645791
tt10060670,nm8464709
tt10060670,nm9847755
tt10060672,nm2875578
tt10060672,nm4645791
tt10060672,nm8464709
tt10060672,nm9847755
tt10060676,nm5201730
tt10060680,nm2875578
tt10060680,nm4645791
tt10060680,nm8464709
tt10060680,nm9847755
tt10060682,nm2875578
tt10060682,nm4645791
tt10060682,nm8464709
tt10060682,nm9847755
tt10060684,nm2875578
tt10060684,nm4645791
tt10060684,nm8464709
tt10060684,nm9847755
tt10060686,nm2875578
tt10060686,nm4645791
tt10060686,nm8464709
tt10060686,nm9847755
tt10060688,nm5201730
tt10060690,nm2875578
tt10060690,nm4645791
tt10060690,nm8464709
tt10060690,nm9847755
tt10060692,nm2875578
tt10060692,nm4645791
tt10060692,nm8464709
tt10060692,nm9847755
tt10060694,nm2875578
tt10060694,nm4645791
tt10060694,nm8464709
tt10060694,nm9847755
tt10060696,nm2163736
tt10060700,nm2875578
tt10060700,nm4645791
tt10060700,nm8464709
tt10060700,nm9847755
tt10060702,nm2875578
tt10060702,nm4645791
tt10060702,nm8464709
tt10060702,nm9847755
tt10060704,nm2875578
tt10060704,nm4645791
tt10060704,nm8464709
tt10060704,nm9847755
tt10060706,nm2875578
tt10060706,nm4645791
tt10060706,nm8464709
tt10060706,nm9847755
tt10060708,nm2875578
tt10060708,nm4645791
tt10060708,nm8464709
tt10060708,nm9847755
tt10060710,nm2875578
tt10060710,nm4645791
tt10060710,nm8464709
tt10060710,nm9847755
tt10060714,nm2163736
tt10060718,nm10631312
tt10060718,nm11741397
tt10060718,nm4027968
tt10060720,nm10631312
tt10060720,nm11741397
tt10060720,nm4027968
tt10060722,nm10631312
tt10060722,nm11741397
tt10060722,nm4027968
tt10060724,nm10631312
tt10060724,nm11741397
tt10060724,nm4027968
tt10060726,nm10631312
tt10060726,nm11741397
tt10060726,nm4027968
tt10060728,nm10631312
tt10060728,nm11741397
tt10060728,nm4027968
tt10060730,nm2163736
tt10060732,nm10631312
tt10060732,nm11741397
tt10060732,nm4027968
tt10060734,nm10631312
tt10060734,nm11741397
tt10060734,nm4027968
tt10060736,nm10631312
tt10060736,nm11741397
tt10060736,nm4027968
tt10060738,nm10631312
tt10060738,nm11741397
tt10060738,nm4027968
tt10060740,nm10631312
tt10060740,nm11741397
tt10060740,nm4027968
tt10060742,nm10631312
tt10060742,nm11741397
tt10060742,nm4027968
tt10060744,nm10631312
tt10060744,nm11741397
tt10060744,nm4027968
tt10060746,nm10631312
tt10060746,nm11741397
tt10060746,nm4027968
tt10060748,nm5201730
tt10060752,nm10631312
tt10060752,nm11741397
tt10060752,nm4027968
tt10060754,nm10631312
tt10060754,nm11741397
tt10060754,nm4027968
tt10060756,nm10631312
tt10060756,nm11741397
tt10060756,nm4027968
tt10060758,nm10631312
tt10060758,nm11741397
tt10060758,nm4027968
tt10060762,nm10631312
tt10060762,nm11741397
tt10060762,nm4027968
tt10060764,nm5201730
tt10060766,nm5201730
tt10060776,nm10564326
tt10060806,nm5201730
tt10060824,nm5201730
tt10060842,nm5201730
tt10060866,nm5201730
tt10060868,nm5201730
tt10060880,nm5201730
tt10060902,nm10193497
tt10060912,nm7492355
tt10060912,nm8649952
tt10060918,nm5201730
tt10060926,nm5201730
tt10061076,nm10539168
tt10061078,nm10539168
tt10061080,nm10539168
tt10061082,nm10539168
tt10061084,nm10539168
tt10061086,nm10539168
tt10061088,nm10539168
tt10061090,nm10539168
tt10061092,nm10539168
tt10061094,nm10539168
tt10061098,nm10539168
tt10061102,nm10539168
tt10061104,nm10539168
tt10061108,nm9505932
tt10061110,nm9505932
tt10061112,nm9505932
tt10061114,nm9505932
tt10061116,nm9505932
tt10061118,nm9505932
tt10061120,nm9505932
tt10061122,nm9505932
tt10061124,nm9505932
tt10061126,nm9505932
tt10061130,nm9505932
tt10061132,nm9505932
tt10061134,nm9505932
tt10061136,nm9505932
tt10061138,nm9505932
tt10061140,nm9505932
tt10061142,nm9505932
tt10061144,nm9505932
tt10061146,nm9505932
tt10061148,nm9505932
tt10061150,nm9505932
tt10061152,nm9505932
tt10061154,nm9505932
tt10061156,nm9505932
tt10061400,nm0881053
tt10061400,nm3619255
tt10061402,nm1285620
tt10061446,nm5193004
tt10061454,nm5193004
tt10061574,nm10562627
tt10061588,nm6481080
tt10061690,nm5015212
tt10061726,nm10559426
tt10061758,nm2023647
tt10061778,nm2285654
tt10061778,nm2344556
tt10061800,nm3379059
tt10061802,nm1555270
tt10061808,nm8189822
tt10061814,nm0207775
tt10061818,nm3358108
tt10062030,nm10562543
tt10062030,nm3036543
tt10062058,nm8731247
tt10062102,nm10564783
tt10062150,nm10564794
tt10062152,nm1165228
tt10062152,nm5614448
tt10062204,nm5713693
tt10062210,nm3365641
tt10062286,nm4170979
tt10062296,nm10253482
tt10062296,nm1998257
tt10062316,nm10253482
tt10062316,nm1998257
tt10062324,nm10253482
tt10062324,nm1998257
tt10062326,nm10253482
tt10062326,nm1998257
tt10062336,nm10253482
tt10062336,nm1998257
tt10062526,nm4308825
tt10062540,nm10564968
tt10062546,nm10564971
tt10062562,nm10564992
tt10062566,nm4087886
tt10062606,nm2520229
tt10062606,nm4188116
tt10062606,nm7406954
tt10062658,nm4795170
tt10062660,nm2336581
tt10062668,nm0368423
tt10062674,nm0368423
tt10062680,nm0368423
tt10062682,nm0368423
tt10062684,nm0368423
tt10062688,nm8122004
tt10062690,nm0368423
tt10062720,nm10180684
tt10062720,nm10180685
tt10062722,nm10180684
tt10062722,nm10180685
tt10062724,nm10180684
tt10062724,nm10180685
tt10062726,nm10180684
tt10062726,nm10180685
tt10062728,nm10180684
tt10062728,nm10180685
tt10062730,nm10180684
tt10062730,nm10180685
tt10062732,nm10180684
tt10062732,nm10180685
tt10062734,nm10180684
tt10062734,nm10180685
tt10062736,nm10180684
tt10062736,nm10180685
tt10062738,nm10180684
tt10062738,nm10180685
tt10062740,nm10180684
tt10062740,nm10180685
tt10062742,nm10180684
tt10062742,nm10180685
tt10062744,nm10180684
tt10062744,nm10180685
tt10062746,nm10180684
tt10062746,nm10180685
tt10062748,nm10180684
tt10062748,nm10180685
tt10062782,nm6963551
tt10062782,nm9988426
tt10062872,nm7477058
tt10062872,nm7477059
tt10062872,nm7870411
tt10062874,nm7477058
tt10062874,nm7477059
tt10062874,nm7870411
tt10062876,nm7477058
tt10062876,nm7477059
tt10062876,nm7870411
tt10062878,nm7477058
tt10062878,nm7477059
tt10062878,nm7870411
tt10062880,nm7477058
tt10062880,nm7477059
tt10062880,nm7870411
tt10062882,nm7477058
tt10062882,nm7477059
tt10062882,nm7870411
tt10062884,nm7477058
tt10062884,nm7477059
tt10062884,nm7870411
tt10062886,nm7477058
tt10062886,nm7477059
tt10062886,nm7870411
tt10062892,nm7477058
tt10062892,nm7477059
tt10062892,nm7870411
tt10062894,nm7477058
tt10062894,nm7477059
tt10062894,nm7870411
tt10062896,nm7477058
tt10062896,nm7477059
tt10062896,nm7870411
tt10062900,nm7477058
tt10062900,nm7477059
tt10062900,nm7870411
tt10062902,nm7477058
tt10062902,nm7477059
tt10062902,nm7870411
tt10062906,nm7477058
tt10062906,nm7477059
tt10062906,nm7870411
tt10062908,nm7477058
tt10062908,nm7477059
tt10062908,nm7870411
tt10062910,nm7477058
tt10062910,nm7477059
tt10062910,nm7870411
tt10062914,nm7477058
tt10062914,nm7477059
tt10062914,nm7870411
tt10062916,nm7477058
tt10062916,nm7477059
tt10062916,nm7870411
tt10062918,nm7477058
tt10062918,nm7477059
tt10062918,nm7870411
tt10062920,nm7477058
tt10062920,nm7477059
tt10062920,nm7870411
tt10062940,nm10631312
tt10062940,nm11741397
tt10062940,nm4027968
tt10062946,nm10631312
tt10062946,nm11741397
tt10062946,nm4027968
tt10062948,nm10631312
tt10062948,nm11741397
tt10062948,nm4027968
tt10062952,nm10631312
tt10062952,nm11741397
tt10062952,nm4027968
tt10062956,nm10631312
tt10062956,nm11741397
tt10062956,nm4027968
tt10062958,nm10631312
tt10062958,nm11741397
tt10062958,nm4027968
tt10062960,nm10631312
tt10062960,nm11741397
tt10062960,nm4027968
tt10062968,nm10631312
tt10062968,nm11741397
tt10062968,nm4027968
tt10062970,nm10631312
tt10062970,nm11741397
tt10062970,nm4027968
tt10062978,nm10631312
tt10062978,nm11741397
tt10062978,nm4027968
tt10062980,nm10631312
tt10062980,nm11741397
tt10062980,nm4027968
tt10062986,nm10631312
tt10062986,nm11741397
tt10062986,nm4027968
tt10062988,nm10631312
tt10062988,nm11741397
tt10062988,nm4027968
tt10062990,nm10631312
tt10062990,nm11741397
tt10062990,nm4027968
tt10062994,nm10631312
tt10062994,nm11741397
tt10062994,nm4027968
tt10062996,nm10631312
tt10062996,nm11741397
tt10062996,nm4027968
tt10062998,nm10631312
tt10062998,nm11741397
tt10062998,nm4027968
tt10063002,nm10631312
tt10063002,nm11741397
tt10063002,nm4027968
tt10063004,nm10631312
tt10063004,nm11741397
tt10063004,nm4027968
tt10063008,nm10631312
tt10063008,nm11741397
tt10063008,nm4027968
tt10063052,nm10631312
tt10063052,nm11741397
tt10063052,nm4027968
tt10063056,nm10631312
tt10063056,nm11741397
tt10063056,nm4027968
tt10063058,nm10631312
tt10063058,nm11741397
tt10063058,nm4027968
tt10063060,nm10631312
tt10063060,nm11741397
tt10063060,nm4027968
tt10063062,nm10631312
tt10063062,nm11741397
tt10063062,nm4027968
tt10063064,nm10631312
tt10063064,nm11741397
tt10063064,nm4027968
tt10063066,nm10631312
tt10063066,nm11741397
tt10063066,nm4027968
tt10063068,nm10565333
tt10063070,nm10631312
tt10063070,nm11741397
tt10063070,nm4027968
tt10063076,nm10631312
tt10063076,nm11741397
tt10063076,nm4027968
tt10063078,nm0553417
tt10063080,nm10631312
tt10063080,nm11741397
tt10063080,nm4027968
tt10063082,nm10631312
tt10063082,nm11741397
tt10063082,nm4027968
tt10063084,nm10631312
tt10063084,nm11741397
tt10063084,nm4027968
tt10063086,nm10631312
tt10063086,nm11741397
tt10063086,nm4027968
tt10063088,nm10631312
tt10063088,nm11741397
tt10063088,nm4027968
tt10063090,nm10631312
tt10063090,nm11741397
tt10063090,nm4027968
tt10063092,nm10631312
tt10063092,nm11741397
tt10063092,nm4027968
tt10063094,nm10631312
tt10063094,nm11741397
tt10063094,nm4027968
tt10063116,nm9276066
tt10063288,nm10631312
tt10063288,nm11741397
tt10063288,nm4027968
tt10063290,nm10631312
tt10063290,nm11741397
tt10063290,nm4027968
tt10063292,nm10631312
tt10063292,nm11741397
tt10063292,nm4027968
tt10063294,nm10631312
tt10063294,nm11741397
tt10063294,nm4027968
tt10063300,nm10631312
tt10063300,nm11741397
tt10063300,nm4027968
tt10063302,nm10631312
tt10063302,nm11741397
tt10063302,nm4027968
tt10063306,nm10631312
tt10063306,nm11741397
tt10063306,nm4027968
tt10063308,nm10565399
tt10063314,nm10631312
tt10063314,nm11741397
tt10063314,nm4027968
tt10063316,nm10631312
tt10063316,nm11741397
tt10063316,nm4027968
tt10063318,nm10631312
tt10063318,nm11741397
tt10063318,nm4027968
tt10063322,nm2129968
tt10063322,nm4907854
tt10063322,nm4908114
tt10063324,nm2129968
tt10063324,nm4907854
tt10063324,nm4908114
tt10063326,nm2129968
tt10063326,nm4907854
tt10063326,nm4908114
tt10063328,nm2129968
tt10063328,nm4907854
tt10063328,nm4908114
tt10063330,nm2129968
tt10063330,nm4907854
tt10063330,nm4908114
tt10063332,nm2129968
tt10063332,nm4907854
tt10063332,nm4908114
tt10063334,nm2129968
tt10063334,nm4907854
tt10063334,nm4908114
tt10063336,nm2129968
tt10063336,nm4907854
tt10063336,nm4908114
tt10063338,nm2129968
tt10063338,nm4907854
tt10063338,nm4908114
tt10063340,nm2129968
tt10063340,nm4907854
tt10063340,nm4908114
tt10063342,nm2129968
tt10063342,nm4907854
tt10063342,nm4908114
tt10063344,nm2129968
tt10063344,nm4907854
tt10063344,nm4908114
tt10063346,nm2129968
tt10063346,nm4907854
tt10063346,nm4908114
tt10063348,nm2129968
tt10063348,nm4907854
tt10063348,nm4908114
tt10063350,nm6860759
tt10063354,nm2129968
tt10063354,nm4907854
tt10063354,nm4908114
tt10063356,nm2129968
tt10063356,nm4907854
tt10063356,nm4908114
tt10063358,nm2129968
tt10063358,nm4907854
tt10063358,nm4908114
tt10063360,nm2129968
tt10063360,nm4907854
tt10063360,nm4908114
tt10063364,nm2129968
tt10063364,nm4907854
tt10063364,nm4908114
tt10063368,nm2129968
tt10063368,nm4907854
tt10063368,nm4908114
tt10063370,nm2129968
tt10063370,nm4907854
tt10063370,nm4908114
tt10063374,nm2129968
tt10063374,nm4907854
tt10063374,nm4908114
tt10063376,nm2129968
tt10063376,nm4907854
tt10063376,nm4908114
tt10063378,nm2129968
tt10063378,nm4907854
tt10063378,nm4908114
tt10063382,nm2129968
tt10063382,nm4907854
tt10063382,nm4908114
tt10063384,nm2129968
tt10063384,nm4907854
tt10063384,nm4908114
tt10063386,nm2129968
tt10063386,nm4907854
tt10063386,nm4908114
tt10063388,nm2129968
tt10063388,nm4907854
tt10063388,nm4908114
tt10063390,nm2129968
tt10063390,nm4907854
tt10063390,nm4908114
tt10063392,nm2129968
tt10063392,nm4907854
tt10063392,nm4908114
tt10063394,nm2129968
tt10063394,nm4907854
tt10063394,nm4908114
tt10063396,nm2129968
tt10063396,nm4907854
tt10063396,nm4908114
tt10063398,nm2129968
tt10063398,nm4907854
tt10063398,nm4908114
tt10063400,nm2129968
tt10063400,nm4907854
tt10063400,nm4908114
tt10063402,nm2129968
tt10063402,nm4907854
tt10063402,nm4908114
tt10063404,nm2129968
tt10063404,nm4907854
tt10063404,nm4908114
tt10063406,nm2129968
tt10063406,nm4907854
tt10063406,nm4908114
tt10063408,nm2129968
tt10063408,nm4907854
tt10063408,nm4908114
tt10063410,nm2129968
tt10063410,nm4907854
tt10063410,nm4908114
tt10063412,nm2129968
tt10063412,nm4907854
tt10063412,nm4908114
tt10063416,nm2129968
tt10063416,nm4907854
tt10063416,nm4908114
tt10063420,nm2129968
tt10063420,nm4907854
tt10063420,nm4908114
tt10063422,nm2129968
tt10063422,nm4907854
tt10063422,nm4908114
tt10063424,nm2129968
tt10063424,nm4907854
tt10063424,nm4908114
tt10063426,nm2129968
tt10063426,nm4907854
tt10063426,nm4908114
tt10063428,nm2129968
tt10063428,nm4907854
tt10063428,nm4908114
tt10063430,nm2129968
tt10063430,nm4907854
tt10063430,nm4908114
tt10063432,nm2129968
tt10063432,nm4907854
tt10063432,nm4908114
tt10063434,nm2129968
tt10063434,nm4907854
tt10063434,nm4908114
tt10063436,nm2129968
tt10063436,nm4907854
tt10063436,nm4908114
tt10063438,nm2129968
tt10063438,nm4907854
tt10063438,nm4908114
tt10063440,nm2129968
tt10063440,nm4907854
tt10063440,nm4908114
tt10063442,nm2129968
tt10063442,nm4907854
tt10063442,nm4908114
tt10063444,nm2129968
tt10063444,nm4907854
tt10063444,nm4908114
tt10063446,nm2129968
tt10063446,nm4907854
tt10063446,nm4908114
tt10063448,nm2129968
tt10063448,nm4907854
tt10063448,nm4908114
tt10063450,nm2129968
tt10063450,nm4907854
tt10063450,nm4908114
tt10063452,nm2129968
tt10063452,nm4907854
tt10063452,nm4908114
tt10063454,nm2129968
tt10063454,nm4907854
tt10063454,nm4908114
tt10063456,nm2129968
tt10063456,nm4907854
tt10063456,nm4908114
tt10063460,nm2129968
tt10063460,nm4907854
tt10063460,nm4908114
tt10063500,nm10565509
tt10063500,nm6373332
tt10063514,nm9932451
tt10063518,nm0049744
tt10063584,nm4423362
tt10063586,nm4423362
tt10063588,nm4423362
tt10063590,nm4423362
tt10063592,nm4423362
tt10063596,nm4423362
tt10063598,nm4423362
tt10063600,nm4423362
tt10063602,nm4423362
tt10063604,nm4423362
tt10063606,nm4423362
tt10063608,nm4423362
tt10063610,nm4423362
tt10063612,nm4423362
tt10063614,nm4423362
tt10063616,nm4423362
tt10063618,nm4423362
tt10063620,nm4423362
tt10063622,nm4423362
tt10063624,nm4423362
tt10063626,nm0049744
tt10063626,nm10565544
tt10063628,nm4423362
tt10063634,nm4423362
tt10063636,nm4423362
tt10063638,nm4423362
tt10063640,nm4423362
tt10063684,nm4423362
tt10063686,nm4423362
tt10063694,nm4423362
tt10063698,nm4423362
tt10063702,nm4423362
tt10063704,nm4423362
tt10063706,nm4423362
tt10063710,nm4423362
tt10063712,nm4423362
tt10063714,nm4423362
tt10063716,nm4423362
tt10063718,nm4423362
tt10063722,nm4423362
tt10063724,nm4423362
tt10063726,nm4423362
tt10063728,nm4423362
tt10063732,nm4423362
tt10063734,nm4423362
tt10063736,nm4423362
tt10063740,nm4423362
tt10063750,nm10565399
tt10063750,nm5840091
tt10063752,nm10565584
tt10063770,nm10631312
tt10063770,nm11741397
tt10063770,nm4027968
tt10063774,nm10631312
tt10063774,nm11741397
tt10063774,nm4027968
tt10063776,nm10631312
tt10063776,nm11741397
tt10063776,nm4027968
tt10063778,nm10631312
tt10063778,nm11741397
tt10063778,nm4027968
tt10063780,nm10631312
tt10063780,nm11741397
tt10063780,nm4027968
tt10063782,nm10631312
tt10063782,nm11741397
tt10063782,nm4027968
tt10063784,nm10631312
tt10063784,nm11741397
tt10063784,nm4027968
tt10063786,nm10631312
tt10063786,nm11741397
tt10063786,nm4027968
tt10063788,nm10631312
tt10063788,nm11741397
tt10063788,nm4027968
tt10063814,nm9176892
tt10063816,nm7477668
tt10063820,nm8105786
tt10063830,nm8718707
tt10063872,nm10565626
tt10063886,nm5977285
tt10063886,nm9492054
tt10063908,nm2339819
tt10063910,nm10565653
tt10063910,nm7318031
tt10063912,nm2339819
tt10063914,nm2339819
tt10063918,nm5066295
tt10063920,nm2339819
tt10063922,nm2339819
tt10063924,nm2339819
tt10063926,nm2339819
tt10063928,nm2339819
tt10063930,nm2339819
tt10063932,nm10431109
tt10063938,nm10565653
tt10063938,nm7318031
tt10063942,nm10565653
tt10063942,nm7318031
tt10063944,nm10565653
tt10063944,nm7318031
tt10063946,nm10565653
tt10063946,nm7318031
tt10063950,nm10565653
tt10063950,nm7318031
tt10063952,nm10565653
tt10063952,nm7318031
tt10063954,nm10565653
tt10063954,nm7318031
tt10063956,nm10565653
tt10063956,nm7318031
tt10063958,nm10565653
tt10063958,nm7318031
tt10063960,nm10565653
tt10063960,nm7318031
tt10063962,nm10565653
tt10063962,nm7318031
tt10063974,nm9251879
tt10063976,nm6373332
tt10063988,nm9251879
tt10064000,nm10565700
tt10064004,nm5890083
tt10064126,nm10565800
tt10064144,nm10115884
tt10064144,nm9016605
tt10064162,nm0881053
tt10064168,nm0881053
tt10064180,nm0881053
tt10064252,nm0881053
tt10064276,nm11068936
tt10064348,nm0881053
tt10064464,nm6793414
tt10064476,nm9404814
tt10064500,nm4008212
tt10064516,nm4008212
tt10064524,nm6874955
tt10064530,nm4008212
tt10064534,nm0685289
tt10064538,nm7610740
tt10064550,nm5401355
tt10064550,nm5402510
tt10064552,nm7610740
tt10064560,nm5401355
tt10064560,nm5402510
tt10064566,nm9176892
tt10064588,nm5401355
tt10064588,nm5402510
tt10064600,nm7610740
tt10064610,nm10566107
tt10064610,nm2651030
tt10064610,nm6599354
tt10064612,nm7610740
tt10064628,nm3229079
tt10064650,nm4286844
tt10064670,nm5517346
tt10064672,nm4286844
tt10064680,nm1479528
tt10064692,nm4286844
tt10064702,nm8785583
tt10064708,nm4286844
tt10064712,nm10539608
tt10064720,nm10539608
tt10064736,nm4286844
tt10064744,nm4286844
tt10064756,nm4286844
tt10064962,nm5092778
tt10064974,nm10566096
tt10064986,nm4286844
tt10064992,nm5092778
tt10065002,nm4286844
tt10065006,nm5742487
tt10065024,nm4286844
tt10065064,nm4866218
tt10065068,nm5241339
tt10065074,nm5241339
tt10065076,nm2581572
tt10065082,nm5241339
tt10065086,nm5241339
tt10065090,nm5241339
tt10065096,nm5241339
tt10065102,nm0575167
tt10065114,nm2163736
tt10065116,nm2163736
tt10065122,nm3923860
tt10065126,nm5241339
tt10065132,nm5241339
tt10065144,nm0575167
tt10065150,nm7610740
tt10065198,nm7610740
tt10065210,nm3597657
tt10065210,nm3766090
tt10065214,nm7610740
tt10065228,nm8177811
tt10065228,nm8177816
tt10065230,nm8177811
tt10065230,nm8177816
tt10065244,nm7610740
tt10065248,nm4144238
tt10065264,nm0526092
tt10065264,nm10566541
tt10065264,nm10566542
tt10065264,nm5871297
tt10065270,nm7610740
tt10065286,nm7610740
tt10065288,nm1590061
tt10065288,nm5669267
tt10065334,nm10565584
tt10065356,nm10374390
tt10065356,nm6168641
tt10065356,nm6168642
tt10065412,nm10566592
tt10065412,nm5449206
tt10065440,nm1680266
tt10065480,nm10565584
tt10065524,nm8034493
tt10065568,nm10566619
tt10065612,nm3229079
tt10065614,nm10257135
tt10065720,nm2525903
tt10065744,nm8639441
tt10065800,nm10566619
tt10065810,nm10566619
tt10065826,nm10566619
tt10065858,nm10566619
tt10065868,nm4866218
tt10065874,nm4008212
tt10065886,nm4866218
tt10065904,nm4866218
tt10065960,nm10566844
tt10066026,nm1375928
tt10066026,nm3021588
tt10066102,nm10566922
tt10066160,nm10566937
tt10066160,nm4121341
tt10066166,nm4584168
tt10066186,nm9546689
tt10066188,nm0095871
tt10066296,nm0095871
tt10066300,nm0095871
tt10066302,nm0095871
tt10066304,nm0095871
tt10066306,nm0095871
tt10066308,nm0095871
tt10066312,nm0095871
tt10066316,nm0095871
tt10066318,nm0095871
tt10066320,nm0095871
tt10066324,nm0095871
tt10066370,nm9220570
tt10066376,nm10567038
tt10066390,nm10180268
tt10066396,nm10567047
tt10066406,nm0327576
tt10066406,nm1676357
tt10066406,nm2524367
tt10066406,nm3482198
tt10066406,nm3623757
tt10066406,nm5496908
tt10066406,nm8278503
tt10066468,nm0266605
tt10066468,nm0643653
tt10066468,nm2758048
tt10066468,nm2763383
tt10066474,nm0266605
tt10066474,nm0643653
tt10066476,nm0266605
tt10066476,nm0367889
tt10066476,nm0643653
tt10066478,nm0266605
tt10066478,nm0367889
tt10066478,nm0643653
tt10066478,nm2758048
tt10066480,nm0367889
tt10066480,nm0643653
tt10066480,nm2758048
tt10066482,nm2431707
tt10066486,nm0643653
tt10066486,nm2758048
tt10066488,nm2431707
tt10066490,nm1500874
tt10066494,nm2431707
tt10066496,nm2431707
tt10066518,nm9578205
tt10066568,nm10272667
tt10066572,nm4148153
tt10066576,nm4148153
tt10066582,nm4148153
tt10066646,nm8606300
tt10066650,nm3730427
tt10066686,nm9829784
tt10066690,nm9829784
tt10066692,nm1676357
tt10066692,nm3623757
tt10066696,nm5496908
tt10066700,nm5496908
tt10066772,nm6417223
tt10066788,nm3403456
tt10066788,nm4887898
tt10066842,nm10565653
tt10066842,nm7318031
tt10066844,nm10565653
tt10066844,nm7318031
tt10066846,nm10565653
tt10066846,nm7318031
tt10066848,nm10565653
tt10066848,nm7318031
tt10066850,nm10565653
tt10066850,nm7318031
tt10066852,nm10565653
tt10066852,nm7318031
tt10066856,nm10565653
tt10066856,nm7318031
tt10066858,nm10565653
tt10066858,nm7318031
tt10066860,nm10565653
tt10066860,nm7318031
tt10066862,nm10565653
tt10066862,nm7318031
tt10066956,nm10631312
tt10066956,nm11741397
tt10066956,nm4027968
tt10066958,nm10631312
tt10066958,nm11741397
tt10066958,nm4027968
tt10066960,nm10631312
tt10066960,nm11741397
tt10066960,nm4027968
tt10066962,nm10631312
tt10066962,nm11741397
tt10066962,nm4027968
tt10066964,nm10631312
tt10066964,nm11741397
tt10066964,nm4027968
tt10066966,nm10631312
tt10066966,nm11741397
tt10066966,nm4027968
tt10066968,nm10631312
tt10066968,nm11741397
tt10066968,nm4027968
tt10066970,nm10631312
tt10066970,nm11741397
tt10066970,nm4027968
tt10066972,nm10631312
tt10066972,nm11741397
tt10066972,nm4027968
tt10066976,nm10631312
tt10066976,nm11741397
tt10066976,nm4027968
tt10066978,nm10631312
tt10066978,nm11741397
tt10066978,nm4027968
tt10066980,nm10631312
tt10066980,nm11741397
tt10066980,nm4027968
tt10066982,nm10631312
tt10066982,nm11741397
tt10066982,nm4027968
tt10066984,nm10631312
tt10066984,nm11741397
tt10066984,nm4027968
tt10066986,nm10631312
tt10066986,nm11741397
tt10066986,nm4027968
tt10066988,nm10631312
tt10066988,nm11741397
tt10066988,nm4027968
tt10066990,nm10631312
tt10066990,nm11741397
tt10066990,nm4027968
tt10066992,nm10631312
tt10066992,nm11741397
tt10066992,nm4027968
tt10066994,nm10631312
tt10066994,nm11741397
tt10066994,nm4027968
tt10066996,nm10631312
tt10066996,nm11741397
tt10066996,nm4027968
tt10067002,nm4423362
tt10067004,nm4423362
tt10067006,nm4423362
tt10067008,nm4423362
tt10067010,nm4423362
tt10067012,nm4423362
tt10067014,nm4423362
tt10067016,nm4423362
tt10067018,nm4423362
tt10067022,nm4423362
tt10067024,nm4423362
tt10067026,nm4423362
tt10067028,nm4423362
tt10067030,nm4423362
tt10067032,nm4423362
tt10067034,nm4423362
tt10067036,nm4423362
tt10067038,nm4423362
tt10067040,nm4423362
tt10067044,nm4423362
tt10067046,nm4423362
tt10067048,nm4423362
tt10067052,nm4423362
tt10067054,nm4423362
tt10067056,nm4423362
tt10067058,nm4423362
tt10067062,nm4423362
tt10067064,nm4423362
tt10067066,nm4423362
tt10067068,nm4423362
tt10067070,nm4423362
tt10067072,nm4423362
tt10067074,nm4423362
tt10067076,nm4423362
tt10067078,nm4423362
tt10067080,nm4423362
tt10067082,nm4423362
tt10067084,nm4423362
tt10067086,nm4423362
tt10067090,nm4423362
tt10067092,nm4423362
tt10067094,nm4423362
tt10067096,nm4423362
tt10067098,nm4423362
tt10067100,nm4423362
tt10067102,nm4423362
tt10067104,nm4423362
tt10067106,nm4423362
tt10067108,nm4423362
tt10067110,nm4423362
tt10067112,nm4423362
tt10067114,nm4423362
tt10067116,nm4423362
tt10067118,nm4423362
tt10067122,nm4423362
tt10067124,nm4423362
tt10067126,nm4423362
tt10067130,nm4423362
tt10067178,nm2129968
tt10067178,nm4907854
tt10067178,nm4908114
tt10067180,nm2129968
tt10067180,nm4907854
tt10067180,nm4908114
tt10067182,nm2129968
tt10067182,nm4907854
tt10067182,nm4908114
tt10067184,nm2129968
tt10067184,nm4907854
tt10067184,nm4908114
tt10067186,nm2129968
tt10067186,nm4907854
tt10067186,nm4908114
tt10067188,nm2129968
tt10067188,nm4907854
tt10067188,nm4908114
tt10067190,nm2129968
tt10067190,nm4907854
tt10067190,nm4908114
tt10067192,nm2129968
tt10067192,nm4907854
tt10067192,nm4908114
tt10067194,nm2129968
tt10067194,nm4907854
tt10067194,nm4908114
tt10067196,nm2129968
tt10067196,nm4907854
tt10067196,nm4908114
tt10067198,nm2129968
tt10067198,nm4907854
tt10067198,nm4908114
tt10067200,nm2129968
tt10067200,nm4907854
tt10067200,nm4908114
tt10067202,nm2129968
tt10067202,nm4907854
tt10067202,nm4908114
tt10067204,nm2129968
tt10067204,nm4907854
tt10067204,nm4908114
tt10067206,nm2129968
tt10067206,nm4907854
tt10067206,nm4908114
tt10067208,nm2129968
tt10067208,nm4907854
tt10067208,nm4908114
tt10067212,nm2129968
tt10067212,nm4907854
tt10067212,nm4908114
tt10067214,nm2129968
tt10067214,nm4907854
tt10067214,nm4908114
tt10067216,nm2129968
tt10067216,nm4907854
tt10067216,nm4908114
tt10067218,nm2129968
tt10067218,nm4907854
tt10067218,nm4908114
tt10067220,nm2129968
tt10067220,nm4907854
tt10067220,nm4908114
tt10067222,nm2129968
tt10067222,nm4907854
tt10067222,nm4908114
tt10067224,nm2129968
tt10067224,nm4907854
tt10067224,nm4908114
tt10067226,nm2129968
tt10067226,nm4907854
tt10067226,nm4908114
tt10067228,nm2129968
tt10067228,nm4907854
tt10067228,nm4908114
tt10067230,nm2129968
tt10067230,nm4907854
tt10067230,nm4908114
tt10067232,nm2129968
tt10067232,nm4907854
tt10067232,nm4908114
tt10067234,nm2129968
tt10067234,nm4907854
tt10067234,nm4908114
tt10067236,nm2129968
tt10067236,nm4907854
tt10067236,nm4908114
tt10067238,nm2129968
tt10067238,nm4907854
tt10067238,nm4908114
tt10067240,nm2129968
tt10067240,nm4907854
tt10067240,nm4908114
tt10067242,nm2129968
tt10067242,nm4907854
tt10067242,nm4908114
tt10067244,nm2129968
tt10067244,nm4907854
tt10067244,nm4908114
tt10067246,nm2129968
tt10067246,nm4907854
tt10067246,nm4908114
tt10067248,nm2129968
tt10067248,nm4907854
tt10067248,nm4908114
tt10067250,nm2129968
tt10067250,nm4907854
tt10067250,nm4908114
tt10067252,nm2129968
tt10067252,nm4907854
tt10067252,nm4908114
tt10067254,nm2129968
tt10067254,nm4907854
tt10067254,nm4908114
tt10067256,nm2129968
tt10067256,nm4907854
tt10067256,nm4908114
tt10067258,nm2129968
tt10067258,nm4907854
tt10067258,nm4908114
tt10067260,nm2129968
tt10067260,nm4907854
tt10067260,nm4908114
tt10067262,nm2129968
tt10067262,nm4907854
tt10067262,nm4908114
tt10067264,nm2129968
tt10067264,nm4907854
tt10067264,nm4908114
tt10067266,nm2129968
tt10067266,nm4907854
tt10067266,nm4908114
tt10067270,nm2129968
tt10067270,nm4907854
tt10067270,nm4908114
tt10067272,nm2129968
tt10067272,nm4907854
tt10067272,nm4908114
tt10067274,nm2129968
tt10067274,nm4907854
tt10067274,nm4908114
tt10067276,nm2129968
tt10067276,nm4907854
tt10067276,nm4908114
tt10067278,nm2129968
tt10067278,nm4907854
tt10067278,nm4908114
tt10067280,nm2129968
tt10067280,nm4907854
tt10067280,nm4908114
tt10067282,nm2129968
tt10067282,nm4907854
tt10067282,nm4908114
tt10067284,nm2129968
tt10067284,nm4907854
tt10067284,nm4908114
tt10067286,nm2129968
tt10067286,nm4907854
tt10067286,nm4908114
tt10067288,nm2129968
tt10067288,nm4907854
tt10067288,nm4908114
tt10067290,nm2129968
tt10067290,nm4907854
tt10067290,nm4908114
tt10067292,nm2129968
tt10067292,nm4907854
tt10067292,nm4908114
tt10067294,nm2129968
tt10067294,nm4907854
tt10067294,nm4908114
tt10067296,nm2129968
tt10067296,nm4907854
tt10067296,nm4908114
tt10067298,nm2129968
tt10067298,nm4907854
tt10067298,nm4908114
tt10067300,nm10631312
tt10067300,nm11741397
tt10067300,nm4027968
tt10067302,nm10631312
tt10067302,nm11741397
tt10067302,nm4027968
tt10067304,nm10631312
tt10067304,nm11741397
tt10067304,nm4027968
tt10067306,nm10631312
tt10067306,nm11741397
tt10067306,nm4027968
tt10067308,nm10631312
tt10067308,nm11741397
tt10067308,nm4027968
tt10067310,nm10631312
tt10067310,nm11741397
tt10067310,nm4027968
tt10067312,nm10631312
tt10067312,nm11741397
tt10067312,nm4027968
tt10067314,nm10631312
tt10067314,nm11741397
tt10067314,nm4027968
tt10067318,nm10631312
tt10067318,nm11741397
tt10067318,nm4027968
tt10067320,nm10631312
tt10067320,nm11741397
tt10067320,nm4027968
tt10067322,nm10631312
tt10067322,nm11741397
tt10067322,nm4027968
tt10067324,nm10631312
tt10067324,nm11741397
tt10067324,nm4027968
tt10067326,nm10631312
tt10067326,nm11741397
tt10067326,nm4027968
tt10067328,nm10631312
tt10067328,nm11741397
tt10067328,nm4027968
tt10067330,nm10631312
tt10067330,nm11741397
tt10067330,nm4027968
tt10067332,nm10631312
tt10067332,nm11741397
tt10067332,nm4027968
tt10067338,nm10631312
tt10067338,nm11741397
tt10067338,nm4027968
tt10067340,nm10631312
tt10067340,nm11741397
tt10067340,nm4027968
tt10067342,nm10631312
tt10067342,nm11741397
tt10067342,nm4027968
tt10067344,nm10631312
tt10067344,nm11741397
tt10067344,nm4027968
tt10067346,nm10631312
tt10067346,nm11741397
tt10067346,nm4027968
tt10067348,nm10631312
tt10067348,nm11741397
tt10067348,nm4027968
tt10067350,nm10631312
tt10067350,nm11741397
tt10067350,nm4027968
tt10067352,nm10631312
tt10067352,nm11741397
tt10067352,nm4027968
tt10067356,nm10631312
tt10067356,nm11741397
tt10067356,nm4027968
tt10067358,nm10631312
tt10067358,nm11741397
tt10067358,nm4027968
tt10067360,nm10631312
tt10067360,nm11741397
tt10067360,nm4027968
tt10067362,nm10631312
tt10067362,nm11741397
tt10067362,nm4027968
tt10067364,nm10631312
tt10067364,nm11741397
tt10067364,nm4027968
tt10067366,nm10631312
tt10067366,nm11741397
tt10067366,nm4027968
tt10067382,nm2129968
tt10067382,nm4907854
tt10067382,nm4908114
tt10067384,nm2129968
tt10067384,nm4907854
tt10067384,nm4908114
tt10067386,nm2129968
tt10067386,nm4907854
tt10067386,nm4908114
tt10067388,nm2129968
tt10067388,nm4907854
tt10067388,nm4908114
tt10067390,nm2129968
tt10067390,nm4907854
tt10067390,nm4908114
tt10067392,nm2129968
tt10067392,nm4907854
tt10067392,nm4908114
tt10067394,nm2129968
tt10067394,nm4907854
tt10067394,nm4908114
tt10067396,nm2129968
tt10067396,nm4907854
tt10067396,nm4908114
tt10067398,nm2129968
tt10067398,nm4907854
tt10067398,nm4908114
tt10067400,nm2129968
tt10067400,nm4907854
tt10067400,nm4908114
tt10067402,nm2129968
tt10067402,nm4907854
tt10067402,nm4908114
tt10067404,nm2129968
tt10067404,nm4907854
tt10067404,nm4908114
tt10067406,nm2129968
tt10067406,nm4907854
tt10067406,nm4908114
tt10067408,nm2129968
tt10067408,nm4907854
tt10067408,nm4908114
tt10067410,nm2129968
tt10067410,nm4907854
tt10067410,nm4908114
tt10067412,nm2129968
tt10067412,nm4907854
tt10067412,nm4908114
tt10067414,nm2129968
tt10067414,nm4907854
tt10067414,nm4908114
tt10067416,nm2129968
tt10067416,nm4907854
tt10067416,nm4908114
tt10067418,nm2129968
tt10067418,nm4907854
tt10067418,nm4908114
tt10067420,nm2129968
tt10067420,nm4907854
tt10067420,nm4908114
tt10067482,nm1467975
tt10067502,nm0418797
tt10067584,nm7477058
tt10067584,nm7477059
tt10067584,nm7870411
tt10067586,nm7477058
tt10067586,nm7477059
tt10067586,nm7870411
tt10067588,nm7477058
tt10067588,nm7477059
tt10067588,nm7870411
tt10067590,nm7477058
tt10067590,nm7477059
tt10067590,nm7870411
tt10067592,nm7477058
tt10067592,nm7477059
tt10067592,nm7870411
tt10067594,nm7477058
tt10067594,nm7477059
tt10067594,nm7870411
tt10067596,nm7477058
tt10067596,nm7477059
tt10067596,nm7870411
tt10067600,nm7477058
tt10067600,nm7477059
tt10067600,nm7870411
tt10067602,nm7477058
tt10067602,nm7477059
tt10067602,nm7870411
tt10067604,nm7477058
tt10067604,nm7477059
tt10067604,nm7870411
tt10067606,nm6605433
tt10067606,nm6605434
tt10067608,nm7477058
tt10067608,nm7477059
tt10067608,nm7870411
tt10067610,nm7477058
tt10067610,nm7477059
tt10067610,nm7870411
tt10067612,nm7477058
tt10067612,nm7477059
tt10067612,nm7870411
tt10067614,nm7477058
tt10067614,nm7477059
tt10067614,nm7870411
tt10067616,nm7477058
tt10067616,nm7477059
tt10067616,nm7870411
tt10067618,nm7477058
tt10067618,nm7477059
tt10067618,nm7870411
tt10067620,nm7477058
tt10067620,nm7477059
tt10067620,nm7870411
tt10067622,nm7477058
tt10067622,nm7477059
tt10067622,nm7870411
tt10067624,nm7477058
tt10067624,nm7477059
tt10067624,nm7870411
tt10067628,nm7477058
tt10067628,nm7477059
tt10067628,nm7870411
tt10067680,nm6605433
tt10067680,nm6605434
tt10067700,nm10567429
tt10067700,nm10569501
tt10067700,nm7465781
tt10067758,nm6605433
tt10067758,nm6605434
tt10067806,nm6605433
tt10067806,nm6605434
tt10067854,nm6605433
tt10067854,nm6605434
tt10067910,nm6605433
tt10067910,nm6605434
tt10067988,nm6605433
tt10067988,nm6605434
tt10068010,nm10631312
tt10068010,nm11741397
tt10068010,nm4027968
tt10068012,nm10631312
tt10068012,nm11741397
tt10068012,nm4027968
tt10068016,nm10631312
tt10068016,nm11741397
tt10068016,nm4027968
tt10068018,nm1467975
tt10068020,nm10631312
tt10068020,nm11741397
tt10068020,nm4027968
tt10068022,nm10631312
tt10068022,nm11741397
tt10068022,nm4027968
tt10068024,nm10631312
tt10068024,nm11741397
tt10068024,nm4027968
tt10068026,nm10631312
tt10068026,nm11741397
tt10068026,nm4027968
tt10068028,nm10631312
tt10068028,nm11741397
tt10068028,nm4027968
tt10068030,nm10631312
tt10068030,nm11741397
tt10068030,nm4027968
tt10068032,nm10631312
tt10068032,nm11741397
tt10068032,nm4027968
tt10068034,nm10631312
tt10068034,nm11741397
tt10068034,nm4027968
tt10068038,nm10631312
tt10068038,nm11741397
tt10068038,nm4027968
tt10068040,nm6605433
tt10068040,nm6605434
tt10068042,nm10631312
tt10068042,nm11741397
tt10068042,nm4027968
tt10068044,nm10631312
tt10068044,nm11741397
tt10068044,nm4027968
tt10068046,nm10631312
tt10068046,nm11741397
tt10068046,nm4027968
tt10068048,nm10631312
tt10068048,nm11741397
tt10068048,nm4027968
tt10068050,nm10631312
tt10068050,nm11741397
tt10068050,nm4027968
tt10068052,nm10631312
tt10068052,nm11741397
tt10068052,nm4027968
tt10068054,nm10631312
tt10068054,nm11741397
tt10068054,nm4027968
tt10068058,nm10631312
tt10068058,nm11741397
tt10068058,nm4027968
tt10068062,nm2875578
tt10068062,nm4645791
tt10068062,nm8464709
tt10068062,nm9847755
tt10068064,nm2875578
tt10068064,nm4645791
tt10068064,nm8464709
tt10068064,nm9847755
tt10068066,nm2875578
tt10068066,nm4645791
tt10068066,nm8464709
tt10068066,nm9847755
tt10068068,nm2875578
tt10068068,nm4645791
tt10068068,nm8464709
tt10068068,nm9847755
tt10068070,nm2875578
tt10068070,nm4645791
tt10068070,nm8464709
tt10068070,nm9847755
tt10068072,nm2875578
tt10068072,nm4645791
tt10068072,nm8464709
tt10068072,nm9847755
tt10068074,nm2875578
tt10068074,nm4645791
tt10068074,nm8464709
tt10068074,nm9847755
tt10068076,nm2875578
tt10068076,nm4645791
tt10068076,nm8464709
tt10068076,nm9847755
tt10068078,nm2875578
tt10068078,nm4645791
tt10068078,nm8464709
tt10068078,nm9847755
tt10068082,nm2875578
tt10068082,nm4645791
tt10068082,nm8464709
tt10068082,nm9847755
tt10068084,nm2875578
tt10068084,nm4645791
tt10068084,nm8464709
tt10068084,nm9847755
tt10068088,nm2875578
tt10068088,nm4645791
tt10068088,nm8464709
tt10068088,nm9847755
tt10068090,nm6605433
tt10068090,nm6605434
tt10068092,nm2875578
tt10068092,nm4645791
tt10068092,nm8464709
tt10068092,nm9847755
tt10068094,nm2875578
tt10068094,nm4645791
tt10068094,nm8464709
tt10068094,nm9847755
tt10068098,nm2875578
tt10068098,nm4645791
tt10068098,nm8464709
tt10068098,nm9847755
tt10068100,nm2875578
tt10068100,nm4645791
tt10068100,nm8464709
tt10068100,nm9847755
tt10068102,nm2875578
tt10068102,nm4645791
tt10068102,nm8464709
tt10068102,nm9847755
tt10068104,nm2875578
tt10068104,nm4645791
tt10068104,nm8464709
tt10068104,nm9847755
tt10068106,nm2875578
tt10068106,nm4645791
tt10068106,nm8464709
tt10068106,nm9847755
tt10068108,nm2875578
tt10068108,nm4645791
tt10068108,nm8464709
tt10068108,nm9847755
tt10068110,nm5994206
tt10068112,nm2875578
tt10068112,nm4645791
tt10068112,nm8464709
tt10068112,nm9847755
tt10068114,nm2875578
tt10068114,nm4645791
tt10068114,nm8464709
tt10068114,nm9847755
tt10068116,nm2875578
tt10068116,nm4645791
tt10068116,nm8464709
tt10068116,nm9847755
tt10068120,nm2875578
tt10068120,nm4645791
tt10068120,nm8464709
tt10068120,nm9847755
tt10068122,nm2875578
tt10068122,nm4645791
tt10068122,nm8464709
tt10068122,nm9847755
tt10068124,nm2875578
tt10068124,nm4645791
tt10068124,nm8464709
tt10068124,nm9847755
tt10068126,nm2875578
tt10068126,nm4645791
tt10068126,nm8464709
tt10068126,nm9847755
tt10068128,nm2875578
tt10068128,nm4645791
tt10068128,nm8464709
tt10068128,nm9847755
tt10068130,nm2875578
tt10068130,nm4645791
tt10068130,nm8464709
tt10068130,nm9847755
tt10068132,nm2875578
tt10068132,nm4645791
tt10068132,nm8464709
tt10068132,nm9847755
tt10068134,nm6605433
tt10068134,nm6605434
tt10068136,nm2875578
tt10068136,nm4645791
tt10068136,nm8464709
tt10068136,nm9847755
tt10068138,nm2875578
tt10068138,nm4645791
tt10068138,nm8464709
tt10068138,nm9847755
tt10068142,nm10567390
tt10068144,nm2875578
tt10068144,nm4645791
tt10068144,nm8464709
tt10068144,nm9847755
tt10068146,nm2875578
tt10068146,nm4645791
tt10068146,nm8464709
tt10068146,nm9847755
tt10068150,nm2875578
tt10068150,nm4645791
tt10068150,nm8464709
tt10068150,nm9847755
tt10068152,nm2875578
tt10068152,nm4645791
tt10068152,nm8464709
tt10068152,nm9847755
tt10068154,nm2875578
tt10068154,nm4645791
tt10068154,nm8464709
tt10068154,nm9847755
tt10068160,nm2875578
tt10068160,nm4645791
tt10068160,nm8464709
tt10068160,nm9847755
tt10068162,nm2875578
tt10068162,nm4645791
tt10068162,nm8464709
tt10068162,nm9847755
tt10068164,nm2875578
tt10068164,nm4645791
tt10068164,nm8464709
tt10068164,nm9847755
tt10068168,nm6605433
tt10068168,nm6605434
tt10068190,nm5994206
tt10068232,nm9601136
tt10068234,nm9601136
tt10068238,nm9601136
tt10068240,nm9601136
tt10068242,nm9601136
tt10068244,nm9601136
tt10068246,nm9601136
tt10068250,nm9601136
tt10068252,nm9601136
tt10068254,nm9601136
tt10068256,nm9601136
tt10068258,nm9601136
tt10068260,nm9601136
tt10068262,nm9601136
tt10068264,nm9601136
tt10068266,nm9601136
tt10068268,nm9601136
tt10068270,nm9601136
tt10068272,nm9601136
tt10068274,nm9601136
tt10068280,nm9601136
tt10068282,nm9601136
tt10068284,nm9601136
tt10068286,nm9601136
tt10068290,nm9601136
tt10068292,nm9601136
tt10068294,nm9601136
tt10068296,nm9601136
tt10068300,nm9601136
tt10068302,nm9601136
tt10068304,nm9601136
tt10068306,nm9601136
tt10068308,nm9601136
tt10068310,nm9601136
tt10068314,nm9601136
tt10068316,nm9601136
tt10068318,nm9601136
tt10068320,nm9601136
tt10068322,nm9601136
tt10068324,nm9601136
tt10068428,nm10558751
tt10068428,nm3137290
tt10068430,nm10558751
tt10068430,nm3137290
tt10068434,nm10558751
tt10068434,nm3137290
tt10068436,nm10558751
tt10068436,nm3137290
tt10068438,nm10558751
tt10068438,nm3137290
tt10068440,nm10558751
tt10068440,nm3137290
tt10068444,nm10558751
tt10068444,nm3137290
tt10068446,nm1467975
tt10068448,nm10558751
tt10068448,nm3137290
tt10068450,nm10558751
tt10068450,nm3137290
tt10068452,nm10558751
tt10068452,nm3137290
tt10068454,nm10558751
tt10068454,nm3137290
tt10068458,nm10558751
tt10068458,nm3137290
tt10068460,nm5994206
tt10068462,nm10558751
tt10068462,nm3137290
tt10068464,nm10558751
tt10068464,nm3137290
tt10068468,nm10558751
tt10068468,nm3137290
tt10068470,nm10558751
tt10068470,nm3137290
tt10068472,nm10558751
tt10068472,nm3137290
tt10068476,nm10558751
tt10068476,nm3137290
tt10068478,nm10558751
tt10068478,nm3137290
tt10068480,nm10558751
tt10068480,nm3137290
tt10068484,nm10558751
tt10068486,nm10558751
tt10068486,nm12176576
tt10068488,nm10558751
tt10068492,nm10558751
tt10068494,nm10558751
tt10068496,nm10558751
tt10068498,nm10558751
tt10068500,nm10558751
tt10068504,nm10558751
tt10068506,nm10558751
tt10068508,nm10558751
tt10068510,nm10558751
tt10068512,nm10558751
tt10068514,nm10558751
tt10068518,nm10558751
tt10068522,nm10558751
tt10068524,nm10558751
tt10068526,nm10558751
tt10068528,nm10558751
tt10068530,nm10558751
tt10068644,nm5994206
tt10068664,nm4443289
tt10068666,nm4443289
tt10068668,nm4443289
tt10068670,nm4443289
tt10068672,nm4443289
tt10068674,nm4443289
tt10068676,nm4443289
tt10068678,nm4443289
tt10068680,nm4443289
tt10068682,nm4443289
tt10068684,nm4443289
tt10068686,nm4443289
tt10068688,nm4443289
tt10068690,nm4443289
tt10068692,nm4443289
tt10068694,nm9848685
tt10068698,nm4443289
tt10068700,nm4443289
tt10068702,nm4443289
tt10068704,nm4443289
tt10068706,nm4443289
tt10068734,nm4331196
tt10068860,nm0362686
tt10068922,nm8593699
tt10068928,nm0362686
tt10069082,nm9283546
tt10069148,nm6650957
tt10069164,nm10567807
tt10069170,nm5188826
tt10069172,nm8995629
tt10069200,nm1298267
tt10069204,nm4709633
tt10069216,nm0025316
tt10069220,nm6060193
tt10069242,nm0039407
tt10069254,nm10517648
tt10069264,nm0039407
tt10069270,nm7817011
tt10069274,nm0039407
tt10069312,nm5300163
tt10069372,nm2510631
tt10069372,nm6135995
tt10069456,nm7910568
tt10069482,nm12806710
tt10069544,nm3684674
tt10069590,nm7080744
tt10069606,nm7403503
tt10069728,nm4443289
tt10069732,nm8740801
tt10069738,nm4443289
tt10069740,nm10190799
tt10069742,nm4443289
tt10069744,nm4443289
tt10069746,nm4443289
tt10069748,nm4443289
tt10069750,nm4443289
tt10069752,nm4443289
tt10069754,nm4443289
tt10069756,nm4443289
tt10069758,nm4443289
tt10069762,nm4443289
tt10069764,nm4443289
tt10069766,nm4443289
tt10069768,nm4443289
tt10069770,nm4443289
tt10069772,nm4443289
tt10069774,nm4443289
tt10069776,nm4443289
tt10069778,nm4443289
tt10069808,nm9221087
tt10069810,nm1570721
tt10069812,nm2154877
tt10069814,nm6876763
tt10069826,nm8136226
tt10069836,nm10330880
tt10069838,nm8762107
tt10069972,nm7141642
tt10069976,nm10558751
tt10069978,nm10558751
tt10069980,nm10558751
tt10069982,nm10558751
tt10069984,nm10558751
tt10069986,nm10558751
tt10069988,nm10558751
tt10069990,nm10558751
tt10069992,nm10558751
tt10069994,nm10558751
tt10069998,nm10558751
tt10070000,nm10558751
tt10070002,nm10558751
tt10070004,nm10558751
tt10070006,nm10558751
tt10070008,nm10558751
tt10070010,nm10558751
tt10070012,nm10558751
tt10070014,nm10558751
tt10070016,nm10558751
tt10070018,nm10558751
tt10070018,nm3137290
tt10070024,nm1177914
tt10070028,nm10558751
tt10070028,nm3137290
tt10070030,nm10558751
tt10070030,nm3137290
tt10070032,nm10558751
tt10070032,nm3137290
tt10070034,nm10558751
tt10070034,nm3137290
tt10070036,nm10558751
tt10070036,nm3137290
tt10070038,nm10558751
tt10070038,nm3137290
tt10070040,nm10558751
tt10070040,nm3137290
tt10070042,nm10558751
tt10070042,nm3137290
tt10070044,nm10558751
tt10070044,nm3137290
tt10070046,nm10558751
tt10070046,nm3137290
tt10070048,nm10558751
tt10070048,nm3137290
tt10070050,nm10558751
tt10070050,nm3137290
tt10070052,nm10558751
tt10070052,nm3137290
tt10070054,nm10558751
tt10070054,nm3137290
tt10070056,nm10558751
tt10070056,nm3137290
tt10070058,nm10558751
tt10070058,nm3137290
tt10070060,nm10558751
tt10070060,nm3137290
tt10070062,nm10558751
tt10070062,nm3137290
tt10070064,nm10558751
tt10070064,nm3137290
tt10070102,nm1177914
tt10070116,nm10568281
tt10070178,nm9601136
tt10070180,nm9601136
tt10070184,nm9601136
tt10070186,nm9601136
tt10070188,nm9601136
tt10070190,nm9601136
tt10070192,nm9601136
tt10070194,nm9601136
tt10070196,nm9601136
tt10070198,nm9601136
tt10070200,nm9601136
tt10070202,nm9601136
tt10070204,nm9601136
tt10070206,nm9601136
tt10070208,nm9601136
tt10070210,nm9601136
tt10070212,nm9601136
tt10070214,nm9601136
tt10070216,nm9601136
tt10070218,nm9601136
tt10070220,nm9601136
tt10070222,nm9601136
tt10070224,nm9601136
tt10070226,nm9601136
tt10070228,nm9601136
tt10070230,nm9601136
tt10070232,nm9601136
tt10070234,nm9601136
tt10070236,nm1177914
tt10070238,nm9601136
tt10070240,nm9601136
tt10070242,nm9601136
tt10070246,nm9601136
tt10070248,nm9601136
tt10070250,nm9601136
tt10070252,nm9601136
tt10070256,nm9601136
tt10070258,nm9601136
tt10070260,nm9601136
tt10070262,nm9601136
tt10070264,nm2875578
tt10070264,nm4645791
tt10070264,nm8464709
tt10070264,nm9847755
tt10070266,nm2875578
tt10070266,nm4645791
tt10070266,nm8464709
tt10070266,nm9847755
tt10070268,nm2875578
tt10070268,nm4645791
tt10070268,nm8464709
tt10070268,nm9847755
tt10070270,nm2875578
tt10070270,nm4645791
tt10070270,nm8464709
tt10070270,nm9847755
tt10070272,nm2875578
tt10070272,nm4645791
tt10070272,nm8464709
tt10070272,nm9847755
tt10070276,nm2875578
tt10070276,nm4645791
tt10070276,nm8464709
tt10070276,nm9847755
tt10070278,nm2875578
tt10070278,nm4645791
tt10070278,nm8464709
tt10070278,nm9847755
tt10070280,nm2875578
tt10070280,nm4645791
tt10070280,nm8464709
tt10070280,nm9847755
tt10070284,nm2875578
tt10070284,nm4645791
tt10070284,nm8464709
tt10070284,nm9847755
tt10070286,nm2875578
tt10070286,nm4645791
tt10070286,nm8464709
tt10070286,nm9847755
tt10070288,nm2875578
tt10070288,nm4645791
tt10070288,nm8464709
tt10070288,nm9847755
tt10070290,nm2875578
tt10070290,nm4645791
tt10070290,nm8464709
tt10070290,nm9847755
tt10070292,nm2875578
tt10070292,nm4645791
tt10070292,nm8464709
tt10070292,nm9847755
tt10070294,nm2875578
tt10070294,nm4645791
tt10070294,nm8464709
tt10070294,nm9847755
tt10070296,nm2875578
tt10070296,nm4645791
tt10070296,nm8464709
tt10070296,nm9847755
tt10070298,nm2875578
tt10070298,nm4645791
tt10070298,nm8464709
tt10070298,nm9847755
tt10070300,nm2875578
tt10070300,nm4645791
tt10070300,nm8464709
tt10070300,nm9847755
tt10070302,nm2875578
tt10070302,nm4645791
tt10070302,nm8464709
tt10070302,nm9847755
tt10070304,nm2875578
tt10070304,nm4645791
tt10070304,nm8464709
tt10070304,nm9847755
tt10070308,nm2875578
tt10070308,nm4645791
tt10070308,nm8464709
tt10070308,nm9847755
tt10070312,nm2875578
tt10070312,nm4645791
tt10070312,nm8464709
tt10070312,nm9847755
tt10070314,nm2875578
tt10070314,nm4645791
tt10070314,nm8464709
tt10070314,nm9847755
tt10070320,nm2875578
tt10070320,nm4645791
tt10070320,nm8464709
tt10070320,nm9847755
tt10070322,nm2875578
tt10070322,nm4645791
tt10070322,nm8464709
tt10070322,nm9847755
tt10070324,nm3155462
tt10070324,nm9121755
tt10070328,nm2875578
tt10070328,nm4645791
tt10070328,nm8464709
tt10070328,nm9847755
tt10070330,nm2875578
tt10070330,nm4645791
tt10070330,nm8464709
tt10070330,nm9847755
tt10070332,nm2875578
tt10070332,nm4645791
tt10070332,nm8464709
tt10070332,nm9847755
tt10070334,nm2875578
tt10070334,nm4645791
tt10070334,nm8464709
tt10070334,nm9847755
tt10070336,nm2875578
tt10070336,nm4645791
tt10070336,nm8464709
tt10070336,nm9847755
tt10070338,nm2875578
tt10070338,nm4645791
tt10070338,nm8464709
tt10070338,nm9847755
tt10070340,nm2875578
tt10070340,nm4645791
tt10070340,nm8464709
tt10070340,nm9847755
tt10070342,nm2875578
tt10070342,nm4645791
tt10070342,nm8464709
tt10070342,nm9847755
tt10070344,nm2875578
tt10070344,nm4645791
tt10070344,nm8464709
tt10070344,nm9847755
tt10070346,nm2875578
tt10070346,nm4645791
tt10070346,nm8464709
tt10070346,nm9847755
tt10070350,nm2875578
tt10070350,nm4645791
tt10070350,nm8464709
tt10070350,nm9847755
tt10070352,nm2875578
tt10070352,nm4645791
tt10070352,nm8464709
tt10070352,nm9847755
tt10070354,nm2875578
tt10070354,nm4645791
tt10070354,nm8464709
tt10070354,nm9847755
tt10070358,nm2875578
tt10070358,nm4645791
tt10070358,nm8464709
tt10070358,nm9847755
tt10070360,nm2875578
tt10070360,nm4645791
tt10070360,nm8464709
tt10070360,nm9847755
tt10070364,nm1177914
tt10070370,nm10631312
tt10070370,nm11741397
tt10070370,nm4027968
tt10070372,nm10631312
tt10070372,nm11741397
tt10070372,nm4027968
tt10070374,nm10631312
tt10070374,nm11741397
tt10070374,nm4027968
tt10070376,nm10631312
tt10070376,nm11741397
tt10070376,nm4027968
tt10070378,nm10631312
tt10070378,nm11741397
tt10070378,nm4027968
tt10070380,nm10631312
tt10070380,nm11741397
tt10070380,nm4027968
tt10070382,nm10631312
tt10070382,nm11741397
tt10070382,nm4027968
tt10070384,nm10631312
tt10070384,nm11741397
tt10070384,nm4027968
tt10070386,nm10631312
tt10070386,nm11741397
tt10070386,nm4027968
tt10070388,nm10631312
tt10070388,nm11741397
tt10070388,nm4027968
tt10070390,nm10631312
tt10070390,nm11741397
tt10070390,nm4027968
tt10070392,nm10631312
tt10070392,nm11741397
tt10070392,nm4027968
tt10070394,nm10631312
tt10070394,nm11741397
tt10070394,nm4027968
tt10070396,nm10631312
tt10070396,nm11741397
tt10070396,nm4027968
tt10070398,nm10631312
tt10070398,nm11741397
tt10070398,nm4027968
tt10070400,nm10631312
tt10070400,nm11741397
tt10070400,nm4027968
tt10070402,nm10631312
tt10070402,nm11741397
tt10070402,nm4027968
tt10070404,nm10631312
tt10070404,nm11741397
tt10070404,nm4027968
tt10070406,nm10631312
tt10070406,nm11741397
tt10070406,nm4027968
tt10070408,nm10631312
tt10070408,nm11741397
tt10070408,nm4027968
tt10070452,nm3751775
tt10070462,nm1177914
tt10070612,nm6244015
tt10070672,nm9134957
tt10070674,nm6244015
tt10070688,nm6244015
tt10070724,nm9134958
tt10070732,nm6244015
tt10070746,nm10330880
tt10070750,nm3855434
tt10070756,nm3766090
tt10070924,nm0526092
tt10071088,nm6777104
tt10071118,nm3934302
tt10071160,nm2194035
tt10071200,nm10568695
tt10071236,nm10568738
tt10071238,nm11872507
tt10071240,nm2194035
tt10071242,nm9449517
tt10071248,nm5489677
tt10071250,nm2194035
tt10071258,nm2194035
tt10071394,nm2568646
tt10071402,nm2568646
tt10071406,nm10568797
tt10071406,nm6489933
tt10071408,nm10568815
tt10071440,nm7465781
tt10071442,nm7465781
tt10071450,nm10567429
tt10071450,nm7465781
tt10071460,nm10567429
tt10071460,nm7465781
tt10071582,nm10568975
tt10071586,nm10568978
tt10071592,nm6852645
tt10071592,nm6852646
tt10071600,nm9228432
tt10071712,nm0887153
tt10071770,nm9228432
tt10071782,nm10569134
tt10071942,nm10569235
tt10071946,nm10568975
tt10071966,nm10568975
tt10071968,nm10569257
tt10072014,nm10568976
tt10072074,nm8472995
tt10072132,nm7477058
tt10072132,nm7477059
tt10072132,nm7870411
tt10072134,nm7477058
tt10072134,nm7477059
tt10072134,nm7870411
tt10072136,nm7477058
tt10072136,nm7477059
tt10072136,nm7870411
tt10072140,nm7477058
tt10072140,nm7477059
tt10072140,nm7870411
tt10072142,nm7477058
tt10072142,nm7477059
tt10072142,nm7870411
tt10072144,nm7477058
tt10072144,nm7477059
tt10072144,nm7870411
tt10072146,nm7477058
tt10072146,nm7477059
tt10072146,nm7870411
tt10072148,nm7477058
tt10072148,nm7477059
tt10072148,nm7870411
tt10072150,nm7477058
tt10072150,nm7477059
tt10072150,nm7870411
tt10072152,nm7477058
tt10072152,nm7477059
tt10072152,nm7870411
tt10072154,nm7477058
tt10072154,nm7477059
tt10072154,nm7870411
tt10072156,nm7477058
tt10072156,nm7477059
tt10072156,nm7870411
tt10072158,nm7477058
tt10072158,nm7477059
tt10072158,nm7870411
tt10072164,nm7477058
tt10072164,nm7477059
tt10072164,nm7870411
tt10072168,nm7477058
tt10072168,nm7477059
tt10072168,nm7870411
tt10072170,nm7477058
tt10072170,nm7477059
tt10072170,nm7870411
tt10072172,nm7477058
tt10072172,nm7477059
tt10072172,nm7870411
tt10072174,nm7477058
tt10072174,nm7477059
tt10072174,nm7870411
tt10072176,nm7477058
tt10072176,nm7477059
tt10072176,nm7870411
tt10072178,nm7477058
tt10072178,nm7477059
tt10072178,nm7870411
tt10072378,nm2129968
tt10072378,nm4907854
tt10072378,nm4908114
tt10072380,nm2129968
tt10072380,nm4907854
tt10072380,nm4908114
tt10072382,nm2129968
tt10072382,nm4907854
tt10072382,nm4908114
tt10072384,nm2129968
tt10072384,nm4907854
tt10072384,nm4908114
tt10072386,nm2129968
tt10072386,nm4907854
tt10072386,nm4908114
tt10072390,nm2129968
tt10072390,nm4907854
tt10072390,nm4908114
tt10072394,nm2129968
tt10072394,nm4907854
tt10072394,nm4908114
tt10072396,nm2129968
tt10072396,nm4907854
tt10072396,nm4908114
tt10072398,nm2129968
tt10072398,nm4907854
tt10072398,nm4908114
tt10072400,nm2129968
tt10072400,nm4907854
tt10072400,nm4908114
tt10072402,nm2129968
tt10072402,nm4907854
tt10072402,nm4908114
tt10072404,nm2129968
tt10072404,nm4907854
tt10072404,nm4908114
tt10072406,nm2129968
tt10072406,nm4907854
tt10072406,nm4908114
tt10072410,nm2129968
tt10072410,nm4907854
tt10072410,nm4908114
tt10072412,nm2129968
tt10072412,nm4907854
tt10072412,nm4908114
tt10072414,nm2129968
tt10072414,nm4907854
tt10072414,nm4908114
tt10072416,nm2129968
tt10072416,nm4907854
tt10072416,nm4908114
tt10072418,nm2129968
tt10072418,nm4907854
tt10072418,nm4908114
tt10072420,nm2129968
tt10072420,nm4907854
tt10072420,nm4908114
tt10072422,nm2129968
tt10072422,nm4907854
tt10072422,nm4908114
tt10072426,nm10631312
tt10072426,nm11741397
tt10072426,nm4027968
tt10072428,nm10631312
tt10072428,nm11741397
tt10072428,nm4027968
tt10072430,nm10631312
tt10072430,nm11741397
tt10072430,nm4027968
tt10072432,nm10631312
tt10072432,nm11741397
tt10072432,nm4027968
tt10072434,nm10631312
tt10072434,nm11741397
tt10072434,nm4027968
tt10072436,nm10631312
tt10072436,nm11741397
tt10072436,nm4027968
tt10072438,nm10631312
tt10072438,nm11741397
tt10072438,nm4027968
tt10072474,nm10631312
tt10072474,nm11741397
tt10072474,nm4027968
tt10072480,nm10631312
tt10072480,nm11741397
tt10072480,nm4027968
tt10072482,nm10631312
tt10072482,nm11741397
tt10072482,nm4027968
tt10072484,nm10631312
tt10072484,nm11741397
tt10072484,nm4027968
tt10072494,nm10631312
tt10072494,nm11741397
tt10072494,nm4027968
tt10072498,nm10631312
tt10072498,nm11741397
tt10072498,nm4027968
tt10072500,nm10631312
tt10072500,nm11741397
tt10072500,nm4027968
tt10072504,nm10631312
tt10072504,nm11741397
tt10072504,nm4027968
tt10072506,nm10631312
tt10072506,nm11741397
tt10072506,nm4027968
tt10072508,nm10631312
tt10072508,nm11741397
tt10072508,nm4027968
tt10072510,nm10631312
tt10072510,nm11741397
tt10072510,nm4027968
tt10072512,nm10631312
tt10072512,nm11741397
tt10072512,nm4027968
tt10072514,nm10631312
tt10072514,nm11741397
tt10072514,nm4027968
tt10072516,nm10631312
tt10072516,nm11741397
tt10072516,nm4027968
tt10072518,nm10631312
tt10072518,nm11741397
tt10072518,nm4027968
tt10072520,nm10631312
tt10072520,nm11741397
tt10072520,nm4027968
tt10072522,nm10631312
tt10072522,nm11741397
tt10072522,nm4027968
tt10072524,nm10631312
tt10072524,nm11741397
tt10072524,nm4027968
tt10072526,nm10631312
tt10072526,nm11741397
tt10072526,nm4027968
tt10072528,nm2129968
tt10072528,nm4907854
tt10072528,nm4908114
tt10072532,nm2129968
tt10072532,nm4907854
tt10072532,nm4908114
tt10072534,nm2129968
tt10072534,nm4907854
tt10072534,nm4908114
tt10072536,nm2129968
tt10072536,nm4907854
tt10072536,nm4908114
tt10072538,nm2129968
tt10072538,nm4907854
tt10072538,nm4908114
tt10072540,nm2129968
tt10072540,nm4907854
tt10072540,nm4908114
tt10072542,nm2129968
tt10072542,nm4907854
tt10072542,nm4908114
tt10072546,nm2129968
tt10072546,nm4907854
tt10072546,nm4908114
tt10072548,nm2129968
tt10072548,nm4907854
tt10072548,nm4908114
tt10072550,nm2129968
tt10072550,nm4907854
tt10072550,nm4908114
tt10072552,nm2129968
tt10072552,nm4907854
tt10072552,nm4908114
tt10072554,nm2129968
tt10072554,nm4907854
tt10072554,nm4908114
tt10072556,nm2129968
tt10072556,nm4907854
tt10072556,nm4908114
tt10072558,nm2129968
tt10072558,nm4907854
tt10072558,nm4908114
tt10072560,nm2129968
tt10072560,nm4907854
tt10072560,nm4908114
tt10072562,nm2129968
tt10072562,nm4907854
tt10072562,nm4908114
tt10072564,nm2129968
tt10072564,nm4907854
tt10072564,nm4908114
tt10072566,nm2129968
tt10072566,nm4907854
tt10072566,nm4908114
tt10072568,nm2129968
tt10072568,nm4907854
tt10072568,nm4908114
tt10072572,nm2129968
tt10072572,nm4907854
tt10072572,nm4908114
tt10072574,nm2129968
tt10072574,nm4907854
tt10072574,nm4908114
tt10072576,nm2129968
tt10072576,nm4907854
tt10072576,nm4908114
tt10072578,nm2129968
tt10072578,nm4907854
tt10072578,nm4908114
tt10072580,nm2129968
tt10072580,nm4907854
tt10072580,nm4908114
tt10072582,nm2129968
tt10072582,nm4907854
tt10072582,nm4908114
tt10072584,nm2129968
tt10072584,nm4907854
tt10072584,nm4908114
tt10072586,nm2129968
tt10072586,nm4907854
tt10072586,nm4908114
tt10072588,nm2129968
tt10072588,nm4907854
tt10072588,nm4908114
tt10072592,nm2129968
tt10072592,nm4907854
tt10072592,nm4908114
tt10072596,nm2129968
tt10072596,nm4907854
tt10072596,nm4908114
tt10072598,nm2129968
tt10072598,nm4907854
tt10072598,nm4908114
tt10072600,nm2129968
tt10072600,nm4907854
tt10072600,nm4908114
tt10072602,nm2129968
tt10072602,nm4907854
tt10072602,nm4908114
tt10072604,nm2129968
tt10072604,nm4907854
tt10072604,nm4908114
tt10072606,nm2129968
tt10072606,nm4907854
tt10072606,nm4908114
tt10072608,nm2129968
tt10072608,nm4907854
tt10072608,nm4908114
tt10072610,nm2129968
tt10072610,nm4907854
tt10072610,nm4908114
tt10072612,nm2129968
tt10072612,nm4907854
tt10072612,nm4908114
tt10072614,nm2129968
tt10072614,nm4907854
tt10072614,nm4908114
tt10072618,nm2129968
tt10072618,nm4907854
tt10072618,nm4908114
tt10072620,nm2129968
tt10072620,nm4907854
tt10072620,nm4908114
tt10072622,nm2129968
tt10072622,nm4907854
tt10072622,nm4908114
tt10072626,nm2129968
tt10072626,nm4907854
tt10072626,nm4908114
tt10072628,nm2129968
tt10072628,nm4907854
tt10072628,nm4908114
tt10072630,nm2129968
tt10072630,nm4907854
tt10072630,nm4908114
tt10072632,nm2129968
tt10072632,nm4907854
tt10072632,nm4908114
tt10072634,nm2129968
tt10072634,nm4907854
tt10072634,nm4908114
tt10072636,nm2129968
tt10072636,nm4907854
tt10072636,nm4908114
tt10072638,nm2129968
tt10072638,nm4907854
tt10072638,nm4908114
tt10072640,nm2129968
tt10072640,nm4907854
tt10072640,nm4908114
tt10072642,nm2129968
tt10072642,nm4907854
tt10072642,nm4908114
tt10072644,nm2129968
tt10072644,nm4907854
tt10072644,nm4908114
tt10072646,nm2129968
tt10072646,nm4907854
tt10072646,nm4908114
tt10072648,nm2129968
tt10072648,nm4907854
tt10072648,nm4908114
tt10072650,nm2129968
tt10072650,nm4907854
tt10072650,nm4908114
tt10072652,nm2129968
tt10072652,nm4907854
tt10072652,nm4908114
tt10072654,nm2129968
tt10072654,nm4907854
tt10072654,nm4908114
tt10072656,nm4284115
tt10072658,nm2129968
tt10072658,nm4907854
tt10072658,nm4908114
tt10072660,nm2129968
tt10072660,nm4907854
tt10072660,nm4908114
tt10072706,nm4423362
tt10072708,nm4423362
tt10072710,nm4423362
tt10072716,nm4423362
tt10072718,nm4423362
tt10072720,nm4423362
tt10072722,nm4423362
tt10072724,nm4423362
tt10072726,nm4423362
tt10072728,nm4423362
tt10072730,nm4423362
tt10072732,nm4423362
tt10072736,nm4423362
tt10072738,nm4423362
tt10072740,nm4423362
tt10072742,nm4423362
tt10072744,nm4423362
tt10072746,nm4423362
tt10072748,nm4423362
tt10072750,nm4423362
tt10072752,nm4423362
tt10072754,nm4423362
tt10072756,nm4423362
tt10072762,nm4423362
tt10072764,nm4423362
tt10072766,nm4423362
tt10072768,nm4423362
tt10072770,nm4423362
tt10072772,nm4423362
tt10072774,nm4423362
tt10072776,nm4423362
tt10072778,nm4423362
tt10072780,nm4423362
tt10072782,nm4423362
tt10072784,nm4423362
tt10072786,nm4423362
tt10072788,nm4423362
tt10072790,nm4423362
tt10072794,nm4423362
tt10072796,nm4423362
tt10072800,nm10631312
tt10072800,nm11741397
tt10072800,nm4027968
tt10072802,nm2659931
tt10072804,nm10631312
tt10072804,nm11741397
tt10072804,nm4027968
tt10072806,nm10631312
tt10072806,nm11741397
tt10072806,nm4027968
tt10072808,nm10631312
tt10072808,nm11741397
tt10072808,nm4027968
tt10072810,nm10631312
tt10072810,nm11741397
tt10072810,nm4027968
tt10072812,nm10631312
tt10072812,nm11741397
tt10072812,nm4027968
tt10072814,nm10631312
tt10072814,nm11741397
tt10072814,nm4027968
tt10072816,nm10631312
tt10072816,nm11741397
tt10072816,nm4027968
tt10072818,nm10631312
tt10072818,nm11741397
tt10072818,nm4027968
tt10072822,nm10631312
tt10072822,nm11741397
tt10072822,nm4027968
tt10072824,nm10631312
tt10072824,nm11741397
tt10072824,nm4027968
tt10072826,nm10631312
tt10072826,nm11741397
tt10072826,nm4027968
tt10072828,nm10631312
tt10072828,nm11741397
tt10072828,nm4027968
tt10072830,nm10631312
tt10072830,nm11741397
tt10072830,nm4027968
tt10072832,nm10631312
tt10072832,nm11741397
tt10072832,nm4027968
tt10072834,nm10631312
tt10072834,nm11741397
tt10072834,nm4027968
tt10072836,nm10631312
tt10072836,nm11741397
tt10072836,nm4027968
tt10072838,nm10631312
tt10072838,nm11741397
tt10072838,nm4027968
tt10072840,nm10631312
tt10072840,nm11741397
tt10072840,nm4027968
tt10072842,nm10631312
tt10072842,nm11741397
tt10072842,nm4027968
tt10072844,nm0311059
tt10072916,nm5721132
tt10072948,nm1141845
tt10072962,nm10565653
tt10072962,nm7318031
tt10072964,nm10565653
tt10072964,nm7318031
tt10072966,nm10565653
tt10072966,nm7318031
tt10072968,nm10565653
tt10072968,nm7318031
tt10072970,nm10565653
tt10072970,nm7318031
tt10072972,nm10565653
tt10072972,nm7318031
tt10072974,nm10565653
tt10072974,nm7318031
tt10072976,nm10565653
tt10072976,nm7318031
tt10072978,nm10565653
tt10072978,nm7318031
tt10072980,nm10565653
tt10072980,nm7318031
tt10072982,nm10565653
tt10072982,nm7318031
tt10072986,nm10565653
tt10072986,nm7318031
tt10072988,nm4178007
tt10072992,nm10565653
tt10072992,nm7318031
tt10072994,nm10565653
tt10072994,nm7318031
tt10072996,nm10565653
tt10072996,nm7318031
tt10072998,nm10565653
tt10072998,nm7318031
tt10073000,nm10565653
tt10073000,nm7318031
tt10073002,nm10565653
tt10073002,nm7318031
tt10073004,nm10565653
tt10073004,nm7318031
tt10073006,nm10565653
tt10073006,nm7318031
tt10073082,nm1590021
tt10073082,nm7412669
tt10073084,nm1590021
tt10073084,nm7412669
tt10073086,nm1590021
tt10073086,nm7412669
tt10073088,nm1590021
tt10073088,nm7412669
tt10073090,nm1590021
tt10073090,nm7412669
tt10073092,nm1590021
tt10073092,nm7412669
tt10073094,nm1590021
tt10073094,nm7412669
tt10073096,nm1590021
tt10073096,nm7412669
tt10073098,nm1590021
tt10073098,nm7412669
tt10073100,nm1590021
tt10073100,nm7412669
tt10073102,nm1590021
tt10073102,nm7412669
tt10073104,nm1590021
tt10073104,nm7412669
tt10073106,nm1590021
tt10073106,nm7412669
tt10073108,nm1590021
tt10073108,nm7412669
tt10073118,nm10569467
tt10073122,nm12974587
tt10073122,nm5211249
tt10073122,nm6560572
tt10073134,nm10569501
tt10073150,nm10567429
tt10073182,nm3058377
tt10073208,nm1008324
tt10073252,nm8983104
tt10073400,nm7660830
tt10073442,nm3788723
tt10073442,nm3813028
tt10073458,nm10204389
tt10073466,nm10569757
tt10073512,nm0357628
tt10073516,nm10569757
tt10073524,nm10569810
tt10073532,nm10540115
tt10073532,nm10540126
tt10073532,nm10548615
tt10073580,nm5507338
tt10073590,nm2202684
tt10073606,nm8662122
tt10073612,nm10569914
tt10073612,nm10569915
tt10073612,nm2202684
tt10073612,nm4255572
tt10073618,nm8662122
tt10073642,nm5509762
tt10073656,nm10569991
tt10073658,nm6543584
tt10073660,nm10570269
tt10073660,nm3649519
tt10073660,nm6446396
tt10073672,nm1768705
tt10073694,nm1688464
tt10073694,nm5733872
tt10073694,nm6446396
tt10073702,nm10570034
tt10073706,nm1177914
tt10073746,nm1468739
tt10073812,nm3779137
tt10073818,nm10567525
tt10073822,nm3779137
tt10073924,nm9729594
tt10073934,nm3045847
tt10073936,nm2255842
tt10073936,nm8860199
tt10073942,nm10570154
tt10073946,nm6516891
tt10073988,nm8658195
tt10074022,nm4255572
tt10074036,nm4255572
tt10074046,nm4255572
tt10074050,nm10570224
tt10074068,nm4823418
tt10074090,nm7972263
tt10074118,nm5549426
tt10074162,nm8550830
tt10074198,nm1583515
tt10074248,nm7827448
tt10074300,nm0237236
tt10074312,nm10570427
tt10074422,nm3950939
tt10074450,nm10570565
tt10074506,nm4357528
tt10074506,nm4852639
tt10074520,nm4855597
tt10074532,nm1507448
tt10074540,nm10063768
tt10074554,nm4357528
tt10074554,nm4852639
tt10074568,nm6039167
tt10074652,nm5590268
tt10074652,nm6039167
tt10074654,nm10570641
tt10074682,nm5590268
tt10074788,nm1528924
tt10074844,nm2778997
tt10074884,nm9359762
tt10074924,nm1361162
tt10074924,nm3761723
tt10074924,nm5631359
tt10074948,nm1786349
tt10075010,nm7976140
tt10075018,nm10570870
tt10075034,nm10570942
tt10075046,nm6805344
tt10075048,nm10571000
tt10075062,nm4098170
tt10075070,nm8508470
tt10075248,nm0666021
tt10075266,nm10540950
tt10075288,nm10540950
tt10075300,nm10540950
tt10075304,nm10540950
tt10075316,nm0266605
tt10075334,nm10540950
tt10075366,nm10540950
tt10075404,nm10571180
tt10075408,nm10571186
tt10075416,nm10564695
tt10075436,nm10571190
tt10075438,nm5298325
tt10075460,nm7329048
tt10075460,nm9529323
tt10075476,nm10571246
tt10075504,nm10571260
tt10075508,nm10571265
tt10075512,nm0464398
tt10075534,nm10571260
tt10075540,nm5345703
tt10075562,nm10571323
tt10075574,nm4482729
tt10075590,nm9884409
tt10075604,nm7570226
tt10075604,nm8710980
tt10075662,nm10571237
tt10075662,nm7329048
tt10075662,nm9529323
tt10075692,nm2043837
tt10075752,nm1505638
tt10075752,nm5655906
tt10075758,nm9251879
tt10075764,nm2043837
tt10075774,nm10568738
tt10075798,nm3920601
tt10075808,nm10525080
tt10075838,nm10525080
tt10075860,nm0464398
tt10075862,nm0464398
tt10075874,nm10525080
tt10075924,nm10525080
tt10075950,nm10525080
tt10075968,nm0215003
tt10075968,nm0773115
tt10075968,nm3017465
tt10075972,nm10525080
tt10075974,nm0215003
tt10075974,nm0773115
tt10075974,nm3017465
tt10076026,nm4200653
tt10076030,nm1625750
tt10076046,nm4310384
tt10076048,nm4310384
tt10076050,nm4310384
tt10076052,nm4310384
tt10076054,nm4310384
tt10076056,nm4310384
tt10076058,nm4310384
tt10076060,nm4310384
tt10076062,nm4310384
tt10076064,nm4310384
tt10076066,nm4310384
tt10076068,nm4310384
tt10076070,nm4310384
tt10076072,nm4310384
tt10076074,nm4310384
tt10076076,nm4310384
tt10076078,nm10525080
tt10076080,nm10571601
tt10076092,nm10525080
tt10076104,nm10525080
tt10076112,nm10525080
tt10076172,nm10525080
tt10076182,nm10525080
tt10076184,nm2090825
tt10076288,nm10565653
tt10076288,nm7318031
tt10076290,nm10565653
tt10076290,nm7318031
tt10076292,nm10565653
tt10076292,nm7318031
tt10076296,nm10565653
tt10076296,nm7318031
tt10076298,nm10565653
tt10076298,nm7318031
tt10076300,nm10565653
tt10076300,nm7318031
tt10076302,nm10565653
tt10076302,nm7318031
tt10076304,nm10565653
tt10076304,nm7318031
tt10076306,nm10565653
tt10076306,nm7318031
tt10076314,nm10565653
tt10076314,nm7318031
tt10076316,nm10565653
tt10076316,nm7318031
tt10076318,nm10565653
tt10076318,nm7318031
tt10076320,nm10565653
tt10076320,nm7318031
tt10076322,nm10565653
tt10076322,nm7318031
tt10076324,nm10565653
tt10076324,nm7318031
tt10076326,nm10565653
tt10076326,nm7318031
tt10076328,nm10565653
tt10076328,nm7318031
tt10076330,nm10565653
tt10076330,nm7318031
tt10076332,nm10565653
tt10076332,nm7318031
tt10076434,nm10631312
tt10076434,nm11741397
tt10076434,nm4027968
tt10076438,nm10631312
tt10076438,nm11741397
tt10076438,nm4027968
tt10076442,nm10631312
tt10076442,nm11741397
tt10076442,nm4027968
tt10076444,nm10631312
tt10076444,nm11741397
tt10076444,nm4027968
tt10076446,nm10631312
tt10076446,nm11741397
tt10076446,nm4027968
tt10076450,nm10631312
tt10076450,nm11741397
tt10076450,nm4027968
tt10076452,nm10631312
tt10076452,nm11741397
tt10076452,nm4027968
tt10076454,nm10631312
tt10076454,nm11741397
tt10076454,nm4027968
tt10076458,nm10631312
tt10076458,nm11741397
tt10076458,nm4027968
tt10076460,nm10631312
tt10076460,nm11741397
tt10076460,nm4027968
tt10076462,nm10631312
tt10076462,nm11741397
tt10076462,nm4027968
tt10076464,nm10631312
tt10076464,nm11741397
tt10076464,nm4027968
tt10076466,nm10631312
tt10076466,nm11741397
tt10076466,nm4027968
tt10076468,nm10631312
tt10076468,nm11741397
tt10076468,nm4027968
tt10076470,nm10631312
tt10076470,nm11741397
tt10076470,nm4027968
tt10076472,nm10631312
tt10076472,nm11741397
tt10076472,nm4027968
tt10076474,nm10631312
tt10076474,nm11741397
tt10076474,nm4027968
tt10076476,nm10631312
tt10076476,nm11741397
tt10076476,nm4027968
tt10076478,nm10631312
tt10076478,nm11741397
tt10076478,nm4027968
tt10076480,nm4423362
tt10076484,nm4423362
tt10076486,nm4423362
tt10076488,nm4423362
tt10076490,nm4423362
tt10076492,nm4423362
tt10076494,nm4423362
tt10076496,nm4423362
tt10076498,nm4423362
tt10076500,nm4423362
tt10076502,nm4423362
tt10076504,nm4423362
tt10076506,nm4423362
tt10076508,nm4423362
tt10076510,nm4423362
tt10076512,nm4423362
tt10076514,nm4423362
tt10076516,nm4423362
tt10076518,nm4423362
tt10076524,nm4423362
tt10076526,nm4423362
tt10076528,nm4423362
tt10076530,nm4423362
tt10076532,nm4423362
tt10076534,nm4423362
tt10076536,nm4423362
tt10076538,nm4423362
tt10076540,nm4423362
tt10076542,nm4423362
tt10076544,nm4423362
tt10076546,nm4423362
tt10076548,nm4423362
tt10076550,nm4423362
tt10076552,nm4423362
tt10076554,nm4423362
tt10076556,nm4423362
tt10076558,nm4423362
tt10076560,nm4423362
tt10076562,nm4423362
tt10076564,nm4423362
tt10076566,nm4423362
tt10076568,nm4423362
tt10076570,nm4423362
tt10076572,nm4423362
tt10076574,nm4423362
tt10076576,nm4423362
tt10076578,nm4423362
tt10076582,nm4423362
tt10076584,nm4423362
tt10076586,nm4423362
tt10076588,nm4423362
tt10076592,nm4423362
tt10076624,nm12974587
tt10076624,nm6560572
tt10076646,nm2129968
tt10076646,nm4907854
tt10076646,nm4908114
tt10076648,nm2129968
tt10076648,nm4907854
tt10076648,nm4908114
tt10076650,nm2129968
tt10076650,nm4907854
tt10076650,nm4908114
tt10076652,nm2129968
tt10076652,nm4907854
tt10076652,nm4908114
tt10076654,nm2129968
tt10076654,nm4907854
tt10076654,nm4908114
tt10076656,nm2129968
tt10076656,nm4907854
tt10076656,nm4908114
tt10076658,nm2129968
tt10076658,nm4907854
tt10076658,nm4908114
tt10076660,nm2129968
tt10076660,nm4907854
tt10076660,nm4908114
tt10076662,nm2129968
tt10076662,nm4907854
tt10076662,nm4908114
tt10076664,nm2129968
tt10076664,nm4907854
tt10076664,nm4908114
tt10076666,nm2129968
tt10076666,nm4907854
tt10076666,nm4908114
tt10076668,nm2129968
tt10076668,nm4907854
tt10076668,nm4908114
tt10076670,nm2129968
tt10076670,nm4907854
tt10076670,nm4908114
tt10076672,nm2129968
tt10076672,nm4907854
tt10076672,nm4908114
tt10076674,nm2129968
tt10076674,nm4907854
tt10076674,nm4908114
tt10076676,nm2129968
tt10076676,nm4907854
tt10076676,nm4908114
tt10076678,nm2129968
tt10076678,nm4907854
tt10076678,nm4908114
tt10076680,nm2129968
tt10076680,nm4907854
tt10076680,nm4908114
tt10076682,nm2129968
tt10076682,nm4907854
tt10076682,nm4908114
tt10076684,nm2129968
tt10076684,nm4907854
tt10076684,nm4908114
tt10076686,nm2129968
tt10076686,nm4907854
tt10076686,nm4908114
tt10076688,nm2129968
tt10076688,nm4907854
tt10076688,nm4908114
tt10076690,nm2129968
tt10076690,nm4907854
tt10076690,nm4908114
tt10076692,nm2129968
tt10076692,nm4907854
tt10076692,nm4908114
tt10076694,nm2129968
tt10076694,nm4907854
tt10076694,nm4908114
tt10076696,nm2129968
tt10076696,nm4907854
tt10076696,nm4908114
tt10076698,nm2129968
tt10076698,nm4907854
tt10076698,nm4908114
tt10076700,nm2129968
tt10076700,nm4907854
tt10076700,nm4908114
tt10076702,nm2129968
tt10076702,nm4907854
tt10076702,nm4908114
tt10076704,nm2129968
tt10076704,nm4907854
tt10076704,nm4908114
tt10076706,nm2129968
tt10076706,nm4907854
tt10076706,nm4908114
tt10076708,nm2129968
tt10076708,nm4907854
tt10076708,nm4908114
tt10076710,nm2129968
tt10076710,nm4907854
tt10076710,nm4908114
tt10076712,nm2129968
tt10076712,nm4907854
tt10076712,nm4908114
tt10076714,nm2129968
tt10076714,nm4907854
tt10076714,nm4908114
tt10076716,nm2129968
tt10076716,nm4907854
tt10076716,nm4908114
tt10076718,nm2129968
tt10076718,nm4907854
tt10076718,nm4908114
tt10076720,nm2129968
tt10076720,nm4907854
tt10076720,nm4908114
tt10076724,nm2129968
tt10076724,nm4907854
tt10076724,nm4908114
tt10076726,nm2129968
tt10076726,nm4907854
tt10076726,nm4908114
tt10076728,nm2129968
tt10076728,nm4907854
tt10076728,nm4908114
tt10076730,nm2129968
tt10076730,nm4907854
tt10076730,nm4908114
tt10076732,nm2129968
tt10076732,nm4907854
tt10076732,nm4908114
tt10076734,nm2129968
tt10076734,nm4907854
tt10076734,nm4908114
tt10076736,nm2129968
tt10076736,nm4907854
tt10076736,nm4908114
tt10076738,nm2129968
tt10076738,nm4907854
tt10076738,nm4908114
tt10076740,nm2129968
tt10076740,nm4907854
tt10076740,nm4908114
tt10076742,nm2129968
tt10076742,nm4907854
tt10076742,nm4908114
tt10076744,nm2129968
tt10076744,nm4907854
tt10076744,nm4908114
tt10076746,nm2129968
tt10076746,nm4907854
tt10076746,nm4908114
tt10076748,nm2129968
tt10076748,nm4907854
tt10076748,nm4908114
tt10076750,nm2129968
tt10076750,nm4907854
tt10076750,nm4908114
tt10076752,nm2129968
tt10076752,nm4907854
tt10076752,nm4908114
tt10076754,nm2129968
tt10076754,nm4907854
tt10076754,nm4908114
tt10076756,nm2129968
tt10076756,nm4907854
tt10076756,nm4908114
tt10076758,nm2129968
tt10076758,nm4907854
tt10076758,nm4908114
tt10076762,nm2129968
tt10076762,nm4907854
tt10076762,nm4908114
tt10076764,nm2129968
tt10076764,nm4907854
tt10076764,nm4908114
tt10076766,nm6814088
tt10076768,nm2129968
tt10076768,nm4907854
tt10076768,nm4908114
tt10076770,nm2129968
tt10076770,nm4907854
tt10076770,nm4908114
tt10076772,nm10631312
tt10076772,nm11741397
tt10076772,nm4027968
tt10076774,nm10631312
tt10076774,nm11741397
tt10076774,nm4027968
tt10076776,nm10631312
tt10076776,nm11741397
tt10076776,nm4027968
tt10076778,nm12974587
tt10076778,nm6560572
tt10076780,nm10631312
tt10076780,nm11741397
tt10076780,nm4027968
tt10076782,nm10631312
tt10076782,nm11741397
tt10076782,nm4027968
tt10076784,nm10631312
tt10076784,nm11741397
tt10076784,nm4027968
tt10076786,nm10631312
tt10076786,nm11741397
tt10076786,nm4027968
tt10076788,nm10631312
tt10076788,nm11741397
tt10076788,nm4027968
tt10076790,nm10631312
tt10076790,nm11741397
tt10076790,nm4027968
tt10076792,nm10631312
tt10076792,nm11741397
tt10076792,nm4027968
tt10076794,nm10631312
tt10076794,nm11741397
tt10076794,nm4027968
tt10076796,nm10631312
tt10076796,nm11741397
tt10076796,nm4027968
tt10076798,nm10631312
tt10076798,nm11741397
tt10076798,nm4027968
tt10076800,nm10631312
tt10076800,nm11741397
tt10076800,nm4027968
tt10076802,nm10631312
tt10076802,nm11741397
tt10076802,nm4027968
tt10076804,nm10631312
tt10076804,nm11741397
tt10076804,nm4027968
tt10076806,nm10631312
tt10076806,nm11741397
tt10076806,nm4027968
tt10076808,nm10631312
tt10076808,nm11741397
tt10076808,nm4027968
tt10076810,nm10631312
tt10076810,nm11741397
tt10076810,nm4027968
tt10076812,nm10631312
tt10076812,nm11741397
tt10076812,nm4027968
tt10076822,nm10631312
tt10076822,nm11741397
tt10076822,nm4027968
tt10076824,nm10631312
tt10076824,nm11741397
tt10076824,nm4027968
tt10076826,nm10631312
tt10076826,nm11741397
tt10076826,nm4027968
tt10076828,nm10631312
tt10076828,nm11741397
tt10076828,nm4027968
tt10076830,nm10631312
tt10076830,nm11741397
tt10076830,nm4027968
tt10076834,nm10631312
tt10076834,nm11741397
tt10076834,nm4027968
tt10076836,nm10631312
tt10076836,nm11741397
tt10076836,nm4027968
tt10076838,nm10631312
tt10076838,nm11741397
tt10076838,nm4027968
tt10076840,nm10631312
tt10076840,nm11741397
tt10076840,nm4027968
tt10076842,nm10631312
tt10076842,nm11741397
tt10076842,nm4027968
tt10076844,nm10631312
tt10076844,nm11741397
tt10076844,nm4027968
tt10076846,nm10631312
tt10076846,nm11741397
tt10076846,nm4027968
tt10076848,nm10631312
tt10076848,nm11741397
tt10076848,nm4027968
tt10076850,nm10631312
tt10076850,nm11741397
tt10076850,nm4027968
tt10076854,nm6652715
tt10076856,nm10631312
tt10076856,nm11741397
tt10076856,nm4027968
tt10076860,nm10631312
tt10076860,nm11741397
tt10076860,nm4027968
tt10076862,nm10631312
tt10076862,nm11741397
tt10076862,nm4027968
tt10076864,nm10631312
tt10076864,nm11741397
tt10076864,nm4027968
tt10076868,nm2129968
tt10076868,nm4907854
tt10076868,nm4908114
tt10076870,nm2129968
tt10076870,nm4907854
tt10076870,nm4908114
tt10076872,nm2129968
tt10076872,nm4907854
tt10076872,nm4908114
tt10076874,nm2129968
tt10076874,nm4907854
tt10076874,nm4908114
tt10076876,nm2129968
tt10076876,nm4907854
tt10076876,nm4908114
tt10076878,nm2129968
tt10076878,nm4907854
tt10076878,nm4908114
tt10076880,nm2129968
tt10076880,nm4907854
tt10076880,nm4908114
tt10076882,nm2129968
tt10076882,nm4907854
tt10076882,nm4908114
tt10076884,nm2129968
tt10076884,nm4907854
tt10076884,nm4908114
tt10076886,nm2129968
tt10076886,nm4907854
tt10076886,nm4908114
tt10076888,nm2129968
tt10076888,nm4907854
tt10076888,nm4908114
tt10076890,nm2129968
tt10076890,nm4907854
tt10076890,nm4908114
tt10076892,nm2129968
tt10076892,nm4907854
tt10076892,nm4908114
tt10076894,nm2129968
tt10076894,nm4907854
tt10076894,nm4908114
tt10076896,nm2129968
tt10076896,nm4907854
tt10076896,nm4908114
tt10076902,nm2129968
tt10076902,nm4907854
tt10076902,nm4908114
tt10076904,nm2129968
tt10076904,nm4907854
tt10076904,nm4908114
tt10076906,nm2129968
tt10076906,nm4907854
tt10076906,nm4908114
tt10076908,nm4006097
tt10076910,nm2129968
tt10076910,nm4907854
tt10076910,nm4908114
tt10076912,nm2129968
tt10076912,nm4907854
tt10076912,nm4908114
tt10076914,nm2129968
tt10076914,nm4907854
tt10076914,nm4908114
tt10076916,nm2129968
tt10076916,nm4907854
tt10076916,nm4908114
tt10077030,nm7477058
tt10077030,nm7477059
tt10077030,nm7870411
tt10077036,nm7477058
tt10077036,nm7477059
tt10077036,nm7870411
tt10077038,nm0690940
tt10077090,nm10560071
tt10077092,nm7477058
tt10077092,nm7477059
tt10077092,nm7870411
tt10077094,nm7477058
tt10077094,nm7477059
tt10077094,nm7870411
tt10077096,nm7477058
tt10077096,nm7477059
tt10077096,nm7870411
tt10077100,nm7477058
tt10077100,nm7477059
tt10077100,nm7870411
tt10077102,nm7477058
tt10077102,nm7477059
tt10077102,nm7870411
tt10077104,nm7477058
tt10077104,nm7477059
tt10077104,nm7870411
tt10077106,nm7477058
tt10077106,nm7477059
tt10077106,nm7870411
tt10077108,nm7477058
tt10077108,nm7477059
tt10077108,nm7870411
tt10077110,nm7477058
tt10077110,nm7477059
tt10077110,nm7870411
tt10077112,nm7477058
tt10077112,nm7477059
tt10077112,nm7870411
tt10077114,nm7477058
tt10077114,nm7477059
tt10077114,nm7870411
tt10077116,nm7477058
tt10077116,nm7477059
tt10077116,nm7870411
tt10077120,nm7477058
tt10077120,nm7477059
tt10077120,nm7870411
tt10077122,nm7477058
tt10077122,nm7477059
tt10077122,nm7870411
tt10077124,nm7477058
tt10077124,nm7477059
tt10077124,nm7870411
tt10077128,nm7477058
tt10077128,nm7477059
tt10077128,nm7870411
tt10077130,nm7477058
tt10077130,nm7477059
tt10077130,nm7870411
tt10077132,nm7477058
tt10077132,nm7477059
tt10077132,nm7870411
tt10077134,nm10571809
tt10077302,nm1536389
tt10077302,nm9367400
tt10077312,nm1536389
tt10077312,nm9367400
tt10077330,nm1536389
tt10077330,nm9367400
tt10077356,nm1536389
tt10077356,nm9367400
tt10077430,nm2906682
tt10077432,nm10631312
tt10077432,nm11741397
tt10077432,nm4027968
tt10077434,nm1536389
tt10077434,nm9367400
tt10077436,nm10631312
tt10077436,nm11741397
tt10077436,nm4027968
tt10077438,nm10631312
tt10077438,nm11741397
tt10077438,nm4027968
tt10077440,nm10631312
tt10077440,nm11741397
tt10077440,nm4027968
tt10077442,nm10631312
tt10077442,nm11741397
tt10077442,nm4027968
tt10077444,nm10631312
tt10077444,nm11741397
tt10077444,nm4027968
tt10077446,nm10631312
tt10077446,nm11741397
tt10077446,nm4027968
tt10077448,nm10631312
tt10077448,nm11741397
tt10077448,nm4027968
tt10077450,nm10631312
tt10077450,nm11741397
tt10077450,nm4027968
tt10077452,nm10631312
tt10077452,nm11741397
tt10077452,nm4027968
tt10077460,nm10631312
tt10077460,nm11741397
tt10077460,nm4027968
tt10077462,nm10631312
tt10077462,nm11741397
tt10077462,nm4027968
tt10077466,nm10631312
tt10077466,nm11741397
tt10077466,nm4027968
tt10077468,nm10631312
tt10077468,nm11741397
tt10077468,nm4027968
tt10077470,nm10631312
tt10077470,nm11741397
tt10077470,nm4027968
tt10077474,nm10631312
tt10077474,nm11741397
tt10077474,nm4027968
tt10077476,nm10631312
tt10077476,nm11741397
tt10077476,nm4027968
tt10077478,nm10631312
tt10077478,nm11741397
tt10077478,nm4027968
tt10077482,nm10631312
tt10077482,nm11741397
tt10077482,nm4027968
tt10077484,nm10631312
tt10077484,nm11741397
tt10077484,nm4027968
tt10077486,nm9546691
tt10077488,nm2875578
tt10077488,nm4645791
tt10077488,nm8464709
tt10077488,nm9847755
tt10077496,nm2875578
tt10077496,nm4645791
tt10077496,nm8464709
tt10077496,nm9847755
tt10077498,nm2875578
tt10077498,nm4645791
tt10077498,nm8464709
tt10077498,nm9847755
tt10077500,nm2875578
tt10077500,nm4645791
tt10077500,nm8464709
tt10077500,nm9847755
tt10077504,nm2875578
tt10077504,nm4645791
tt10077504,nm8464709
tt10077504,nm9847755
tt10077506,nm2875578
tt10077506,nm4645791
tt10077506,nm8464709
tt10077506,nm9847755
tt10077508,nm2875578
tt10077508,nm4645791
tt10077508,nm8464709
tt10077508,nm9847755
tt10077510,nm2875578
tt10077510,nm4645791
tt10077510,nm8464709
tt10077510,nm9847755
tt10077512,nm2875578
tt10077512,nm4645791
tt10077512,nm8464709
tt10077512,nm9847755
tt10077516,nm2875578
tt10077516,nm4645791
tt10077516,nm8464709
tt10077516,nm9847755
tt10077520,nm2875578
tt10077520,nm4645791
tt10077520,nm8464709
tt10077520,nm9847755
tt10077522,nm2875578
tt10077522,nm4645791
tt10077522,nm8464709
tt10077522,nm9847755
tt10077526,nm2875578
tt10077526,nm4645791
tt10077526,nm8464709
tt10077526,nm9847755
tt10077528,nm2875578
tt10077528,nm4645791
tt10077528,nm8464709
tt10077528,nm9847755
tt10077530,nm2875578
tt10077530,nm4645791
tt10077530,nm8464709
tt10077530,nm9847755
tt10077532,nm2875578
tt10077532,nm4645791
tt10077532,nm8464709
tt10077532,nm9847755
tt10077534,nm2875578
tt10077534,nm4645791
tt10077534,nm8464709
tt10077534,nm9847755
tt10077538,nm2875578
tt10077538,nm4645791
tt10077538,nm8464709
tt10077538,nm9847755
tt10077540,nm2875578
tt10077540,nm4645791
tt10077540,nm8464709
tt10077540,nm9847755
tt10077542,nm2875578
tt10077542,nm4645791
tt10077542,nm8464709
tt10077542,nm9847755
tt10077570,nm2202163
tt10077596,nm10571894
tt10077598,nm10571895
tt10077600,nm1729147
tt10077616,nm10571927
tt10077616,nm1853557
tt10077618,nm10571904
tt10077702,nm9601136
tt10077704,nm9601136
tt10077708,nm9601136
tt10077710,nm9601136
tt10077712,nm9601136
tt10077714,nm9601136
tt10077716,nm9601136
tt10077718,nm9601136
tt10077720,nm9601136
tt10077722,nm9601136
tt10077724,nm9601136
tt10077726,nm9601136
tt10077728,nm9601136
tt10077732,nm9601136
tt10077734,nm2202163
tt10077736,nm9601136
tt10077738,nm9601136
tt10077740,nm9601136
tt10077742,nm9601136
tt10077744,nm9601136
tt10077746,nm9601136
tt10077750,nm9601136
tt10077752,nm9601136
tt10077820,nm6560572
tt10077844,nm10558751
tt10077844,nm3137290
tt10077846,nm10558751
tt10077846,nm3137290
tt10077848,nm10558751
tt10077848,nm3137290
tt10077862,nm10558751
tt10077862,nm3137290
tt10077864,nm10558751
tt10077864,nm3137290
tt10077866,nm10558751
tt10077866,nm3137290
tt10077868,nm10558751
tt10077868,nm3137290
tt10077870,nm10558751
tt10077870,nm3137290
tt10077872,nm10558751
tt10077872,nm3137290
tt10077874,nm10558751
tt10077874,nm3137290
tt10077876,nm10558751
tt10077876,nm3137290
tt10077878,nm10558751
tt10077878,nm3137290
tt10077880,nm10558751
tt10077880,nm3137290
tt10077882,nm10558751
tt10077882,nm3137290
tt10077884,nm10558751
tt10077884,nm3137290
tt10077886,nm10558751
tt10077886,nm12176576
tt10077886,nm3137290
tt10077890,nm10558751
tt10077890,nm3137290
tt10077892,nm10558751
tt10077892,nm3137290
tt10077894,nm10558751
tt10077894,nm3137290
tt10077898,nm10558751
tt10077898,nm3137290
tt10077900,nm6560572
tt10077902,nm10558751
tt10077904,nm10558751
tt10077906,nm10558751
tt10077908,nm10558751
tt10077910,nm10558751
tt10077912,nm10558751
tt10077914,nm10558751
tt10077914,nm12176576
tt10077916,nm10558751
tt10077918,nm10558751
tt10077920,nm10558751
tt10077922,nm10558751
tt10077924,nm10558751
tt10077926,nm10558751
tt10077930,nm10558751
tt10077932,nm10558751
tt10077934,nm10558751
tt10077936,nm10558751
tt10077938,nm10558751
tt10077940,nm4013407
tt10077942,nm10558751
tt10077944,nm10558751
tt10078034,nm4443289
tt10078036,nm4443289
tt10078038,nm4443289
tt10078040,nm4443289
tt10078042,nm4443289
tt10078044,nm4443289
tt10078046,nm4443289
tt10078048,nm4443289
tt10078050,nm4443289
tt10078052,nm4443289
tt10078054,nm4443289
tt10078056,nm4443289
tt10078058,nm4443289
tt10078062,nm4443289
tt10078064,nm4443289
tt10078066,nm4443289
tt10078068,nm4443289
tt10078070,nm4443289
tt10078072,nm4443289
tt10078074,nm4443289
tt10078136,nm5211249
tt10078138,nm10571979
tt10078300,nm8706928
tt10078308,nm5211249
tt10078314,nm9987936
tt10078318,nm8706928
tt10078320,nm8706928
tt10078324,nm8706928
tt10078328,nm8706928
tt10078330,nm8706928
tt10078332,nm8706928
tt10078334,nm8706928
tt10078338,nm8706928
tt10078340,nm8706928
tt10078342,nm8706928
tt10078344,nm8706928
tt10078346,nm8706928
tt10078348,nm8706928
tt10078350,nm8706928
tt10078352,nm8706928
tt10078354,nm8706928
tt10078356,nm8706928
tt10078358,nm8706928
tt10078360,nm8706928
tt10078362,nm8706928
tt10078364,nm8706928
tt10078366,nm8706928
tt10078368,nm8706928
tt10078370,nm8706928
tt10078372,nm8706928
tt10078374,nm8706928
tt10078376,nm8706928
tt10078378,nm8706928
tt10078380,nm8706928
tt10078382,nm8706928
tt10078384,nm8706928
tt10078386,nm8706928
tt10078388,nm8706928
tt10078390,nm8706928
tt10078392,nm8706928
tt10078396,nm8706928
tt10078398,nm8706928
tt10078400,nm8706928
tt10078402,nm8706928
tt10078404,nm8706928
tt10078406,nm8706928
tt10078408,nm8706928
tt10078410,nm8706928
tt10078428,nm12143373
tt10078432,nm12143373
tt10078436,nm12143373
tt10078446,nm12143373
tt10078486,nm10572110
tt10078486,nm11291784
tt10078486,nm11408641
tt10078486,nm6167221
tt10078486,nm8706006
tt10078502,nm4215605
tt10078518,nm10567525
tt10078522,nm10572166
tt10078522,nm10572167
tt10078528,nm10572176
tt10078560,nm10567525
tt10078676,nm10572289
tt10078676,nm9822506
tt10078710,nm8208341
tt10078722,nm0170896
tt10078764,nm7570226
tt10078768,nm8115819
tt10078770,nm6175273
tt10078790,nm4906548
tt10078792,nm10572409
tt10078792,nm3453482
tt10078804,nm4499586
tt10078812,nm4674266
tt10078822,nm10572434
tt10078836,nm3362657
tt10078838,nm5073759
tt10078874,nm9332039
tt10078900,nm9318085
tt10078990,nm8748194
tt10079056,nm8748194
tt10079276,nm1903155
tt10079276,nm8008441
tt10079382,nm3754244
tt10079382,nm8191750
tt10079398,nm9908599
tt10079528,nm7178210
tt10079572,nm0608262
tt10079572,nm1144108
tt10079572,nm1228151
tt10079572,nm2557098
tt10079626,nm7178210
tt10079660,nm10572724
tt10079670,nm10572726
tt10079670,nm10572727
tt10079670,nm10572728
tt10079670,nm10605740
tt10079670,nm11933864
tt10079670,nm12171926
tt10079670,nm12427325
tt10079670,nm8801326
tt10079698,nm0274842
tt10079728,nm2581572
tt10079754,nm6656791
tt10079788,nm10084024
tt10079788,nm10572799
tt10079788,nm10572800
tt10079788,nm6167221
tt10079788,nm8798399
tt10079798,nm7151014
tt10079808,nm3451453
tt10079838,nm7326028
tt10079842,nm4775054
tt10079878,nm3451453
tt10079912,nm10572854
tt10079916,nm10572858
tt10079946,nm3451453
tt10079976,nm10169318
tt10079986,nm10572890
tt10080114,nm2626956
tt10080132,nm10489714
tt10080152,nm9619726
tt10080156,nm10489714
tt10080182,nm2753184
tt10080202,nm10573059
tt10080258,nm0172089
tt10080258,nm1860645
tt10080262,nm10320722
tt10080266,nm0172089
tt10080266,nm1860645
tt10080276,nm0937646
tt10080286,nm4709633
tt10080362,nm4775054
tt10080516,nm2257017
tt10080590,nm5590268
tt10080590,nm6039167
tt10080758,nm10573237
tt10080778,nm1659656
tt10080778,nm3641538
tt10080834,nm7125504
tt10080940,nm6355249
tt10081028,nm9215737
tt10081030,nm10369955
tt10081124,nm0361779
tt10081136,nm1008324
tt10081138,nm5913139
tt10081184,nm7240329
tt10081192,nm7240329
tt10081240,nm10573718
tt10081240,nm10573720
tt10081252,nm0344230
tt10081296,nm10573721
tt10081370,nm3106951
tt10081380,nm10573777
tt10081444,nm4315221
tt10081528,nm10573896
tt10081580,nm10564992
tt10081592,nm10573935
tt10081754,nm2473172
tt10081754,nm8516322
tt10081812,nm9987936
tt10081814,nm9987936
tt10081818,nm9987936
tt10081820,nm9987936
tt10081822,nm9987936
tt10081824,nm9987936
tt10081826,nm9987936
tt10081828,nm9987936
tt10081832,nm9987936
tt10081834,nm9987936
tt10081836,nm9987936
tt10081838,nm9987936
tt10081840,nm9987936
tt10081844,nm9987936
tt10081846,nm9987936
tt10081848,nm9987936
tt10081850,nm9987936
tt10081852,nm9987936
tt10081854,nm9987936
tt10081858,nm9987936
tt10081862,nm8706928
tt10081864,nm8706928
tt10081866,nm8706928
tt10081868,nm8706928
tt10081870,nm8706928
tt10081874,nm8706928
tt10081876,nm8706928
tt10081878,nm8706928
tt10081880,nm8706928
tt10081882,nm8706928
tt10081886,nm8706928
tt10081888,nm8706928
tt10081892,nm8706928
tt10081894,nm8706928
tt10081896,nm8706928
tt10081902,nm8706928
tt10081904,nm8706928
tt10081906,nm8706928
tt10081908,nm8706928
tt10081912,nm8706928
tt10081916,nm8706928
tt10081920,nm8706928
tt10081922,nm8706928
tt10081926,nm8706928
tt10081928,nm8706928
tt10081932,nm8706928
tt10081936,nm8706928
tt10081938,nm8706928
tt10081946,nm8706928
tt10081948,nm8706928
tt10081950,nm8706928
tt10081952,nm8706928
tt10081954,nm8706928
tt10081956,nm8706928
tt10081958,nm8706928
tt10081960,nm8706928
tt10081962,nm8706928
tt10081964,nm8706928
tt10081968,nm8706928
tt10081970,nm8706928
tt10081990,nm3072894
tt10081992,nm4775054
tt10082028,nm4775054
tt10082072,nm4775054
tt10082124,nm4775054
tt10082152,nm4775054
tt10082184,nm4775054
tt10082192,nm4443289
tt10082194,nm4443289
tt10082196,nm4443289
tt10082198,nm4443289
tt10082200,nm4443289
tt10082202,nm4443289
tt10082212,nm4443289
tt10082214,nm4443289
tt10082216,nm4443289
tt10082218,nm4443289
tt10082220,nm4443289
tt10082222,nm4443289
tt10082224,nm4443289
tt10082226,nm4443289
tt10082228,nm4443289
tt10082230,nm4443289
tt10082234,nm4443289
tt10082238,nm3072894
tt10082240,nm4443289
tt10082242,nm4443289
tt10082244,nm4443289
tt10082250,nm4518959
tt10082360,nm2442762
tt10082368,nm10558751
tt10082374,nm10558751
tt10082374,nm12176576
tt10082376,nm10558751
tt10082380,nm10558751
tt10082384,nm10558751
tt10082388,nm10558751
tt10082392,nm10558751
tt10082396,nm10558751
tt10082398,nm10558751
tt10082404,nm10558751
tt10082406,nm10558751
tt10082412,nm10558751
tt10082414,nm10558751
tt10082416,nm10558751
tt10082420,nm10558751
tt10082424,nm10558751
tt10082426,nm10558751
tt10082430,nm10558751
tt10082432,nm10558751
tt10082440,nm10558751
tt10082446,nm10558751
tt10082446,nm3137290
tt10082448,nm10558751
tt10082448,nm3137290
tt10082450,nm10558751
tt10082450,nm3137290
tt10082452,nm10558751
tt10082452,nm3137290
tt10082454,nm10558751
tt10082454,nm3137290
tt10082456,nm10558751
tt10082456,nm3137290
tt10082458,nm10558751
tt10082458,nm3137290
tt10082522,nm3072894
tt10082530,nm10558751
tt10082530,nm3137290
tt10082532,nm10558751
tt10082532,nm3137290
tt10082534,nm10558751
tt10082534,nm3137290
tt10082540,nm10558751
tt10082540,nm3137290
tt10082542,nm10558751
tt10082542,nm3137290
tt10082544,nm10558751
tt10082544,nm3137290
tt10082546,nm10558751
tt10082546,nm3137290
tt10082548,nm10558751
tt10082548,nm3137290
tt10082550,nm10558751
tt10082550,nm3137290
tt10082554,nm10558751
tt10082554,nm3137290
tt10082558,nm10558751
tt10082558,nm3137290
tt10082560,nm10558751
tt10082560,nm3137290
tt10082564,nm10558751
tt10082564,nm3137290
tt10082714,nm3072894
tt10082772,nm9601136
tt10082774,nm9601136
tt10082776,nm9601136
tt10082780,nm9601136
tt10082786,nm9601136
tt10082788,nm9601136
tt10082792,nm9601136
tt10082794,nm9601136
tt10082798,nm9601136
tt10082800,nm9601136
tt10082804,nm9601136
tt10082806,nm9601136
tt10082808,nm9601136
tt10082812,nm9601136
tt10082814,nm9601136
tt10082816,nm9601136
tt10082818,nm9601136
tt10082820,nm9601136
tt10082824,nm9601136
tt10082826,nm9601136
tt10082832,nm2875578
tt10082832,nm4645791
tt10082832,nm8464709
tt10082832,nm9847755
tt10082834,nm2875578
tt10082834,nm4645791
tt10082834,nm8464709
tt10082834,nm9847755
tt10082836,nm2875578
tt10082836,nm4645791
tt10082836,nm8464709
tt10082836,nm9847755
tt10082838,nm0160688
tt10082840,nm2875578
tt10082840,nm4645791
tt10082840,nm8464709
tt10082840,nm9847755
tt10082842,nm2875578
tt10082842,nm4645791
tt10082842,nm8464709
tt10082842,nm9847755
tt10082846,nm2875578
tt10082846,nm4645791
tt10082846,nm8464709
tt10082846,nm9847755
tt10082848,nm2875578
tt10082848,nm4645791
tt10082848,nm8464709
tt10082848,nm9847755
tt10082852,nm2875578
tt10082852,nm4645791
tt10082852,nm8464709
tt10082852,nm9847755
tt10082854,nm2875578
tt10082854,nm4645791
tt10082854,nm8464709
tt10082854,nm9847755
tt10082856,nm2875578
tt10082856,nm4645791
tt10082856,nm8464709
tt10082856,nm9847755
tt10082858,nm2875578
tt10082858,nm4645791
tt10082858,nm8464709
tt10082858,nm9847755
tt10082860,nm2875578
tt10082860,nm4645791
tt10082860,nm8464709
tt10082860,nm9847755
tt10082862,nm2875578
tt10082862,nm4645791
tt10082862,nm8464709
tt10082862,nm9847755
tt10082864,nm2875578
tt10082864,nm4645791
tt10082864,nm8464709
tt10082864,nm9847755
tt10082868,nm3095542
tt10082870,nm2875578
tt10082870,nm4645791
tt10082870,nm8464709
tt10082870,nm9847755
tt10082952,nm2934176
tt10082952,nm4060714
tt10082952,nm5121290
tt10082958,nm2875578
tt10082958,nm4645791
tt10082958,nm8464709
tt10082958,nm9847755
tt10082962,nm10631312
tt10082962,nm11741397
tt10082962,nm4027968
tt10082964,nm10631312
tt10082964,nm11741397
tt10082964,nm4027968
tt10082966,nm10631312
tt10082966,nm11741397
tt10082966,nm4027968
tt10082968,nm10631312
tt10082968,nm11741397
tt10082968,nm4027968
tt10082972,nm10631312
tt10082972,nm11741397
tt10082972,nm4027968
tt10082974,nm10631312
tt10082974,nm11741397
tt10082974,nm4027968
tt10082978,nm10631312
tt10082978,nm11741397
tt10082978,nm4027968
tt10082980,nm10631312
tt10082980,nm11741397
tt10082980,nm4027968
tt10082982,nm10631312
tt10082982,nm11741397
tt10082982,nm4027968
tt10082984,nm10631312
tt10082984,nm11741397
tt10082984,nm4027968
tt10082988,nm10631312
tt10082988,nm11741397
tt10082988,nm4027968
tt10082990,nm10631312
tt10082990,nm11741397
tt10082990,nm4027968
tt10082992,nm10631312
tt10082992,nm11741397
tt10082992,nm4027968
tt10082994,nm10631312
tt10082994,nm11741397
tt10082994,nm4027968
tt10082996,nm10631312
tt10082996,nm11741397
tt10082996,nm4027968
tt10082998,nm10631312
tt10082998,nm11741397
tt10082998,nm4027968
tt10083000,nm10631312
tt10083000,nm11741397
tt10083000,nm4027968
tt10083002,nm10631312
tt10083002,nm11741397
tt10083002,nm4027968
tt10083004,nm10631312
tt10083004,nm11741397
tt10083004,nm4027968
tt10083006,nm10631312
tt10083006,nm11741397
tt10083006,nm4027968
tt10083050,nm7477058
tt10083050,nm7477059
tt10083050,nm7870411
tt10083052,nm7477058
tt10083052,nm7477059
tt10083052,nm7870411
tt10083054,nm7477058
tt10083054,nm7477059
tt10083054,nm7870411
tt10083056,nm7477058
tt10083056,nm7477059
tt10083056,nm7870411
tt10083058,nm7477058
tt10083058,nm7477059
tt10083058,nm7870411
tt10083060,nm7477058
tt10083060,nm7477059
tt10083060,nm7870411
tt10083062,nm7477058
tt10083062,nm7477059
tt10083062,nm7870411
tt10083064,nm7477058
tt10083064,nm7477059
tt10083064,nm7870411
tt10083066,nm7477058
tt10083066,nm7477059
tt10083066,nm7870411
tt10083068,nm7477058
tt10083068,nm7477059
tt10083068,nm7870411
tt10083070,nm7477058
tt10083070,nm7477059
tt10083070,nm7870411
tt10083072,nm7477058
tt10083072,nm7477059
tt10083072,nm7870411
tt10083074,nm7477058
tt10083074,nm7477059
tt10083074,nm7870411
tt10083076,nm7477058
tt10083076,nm7477059
tt10083076,nm7870411
tt10083078,nm7477058
tt10083078,nm7477059
tt10083078,nm7870411
tt10083080,nm7477058
tt10083080,nm7477059
tt10083080,nm7870411
tt10083082,nm7477058
tt10083082,nm7477059
tt10083082,nm7870411
tt10083084,nm7477058
tt10083084,nm7477059
tt10083084,nm7870411
tt10083086,nm7477058
tt10083086,nm7477059
tt10083086,nm7870411
tt10083088,nm0430919
tt10083090,nm7477058
tt10083090,nm7477059
tt10083090,nm7870411
tt10083102,nm10574294
tt10083152,nm10424920
tt10083260,nm2768638
tt10083264,nm10631312
tt10083264,nm11741397
tt10083264,nm4027968
tt10083266,nm10631312
tt10083266,nm11741397
tt10083266,nm4027968
tt10083268,nm10631312
tt10083268,nm11741397
tt10083268,nm4027968
tt10083270,nm10631312
tt10083270,nm11741397
tt10083270,nm4027968
tt10083272,nm10631312
tt10083272,nm11741397
tt10083272,nm4027968
tt10083274,nm10631312
tt10083274,nm11741397
tt10083274,nm4027968
tt10083276,nm10631312
tt10083276,nm11741397
tt10083276,nm4027968
tt10083278,nm10631312
tt10083278,nm11741397
tt10083278,nm4027968
tt10083280,nm10631312
tt10083280,nm11741397
tt10083280,nm4027968
tt10083284,nm10631312
tt10083284,nm11741397
tt10083284,nm4027968
tt10083286,nm10631312
tt10083286,nm11741397
tt10083286,nm4027968
tt10083288,nm10631312
tt10083288,nm11741397
tt10083288,nm4027968
tt10083290,nm10631312
tt10083290,nm11741397
tt10083290,nm4027968
tt10083292,nm10631312
tt10083292,nm11741397
tt10083292,nm4027968
tt10083294,nm10631312
tt10083294,nm11741397
tt10083294,nm4027968
tt10083296,nm10631312
tt10083296,nm11741397
tt10083296,nm4027968
tt10083298,nm10631312
tt10083298,nm11741397
tt10083298,nm4027968
tt10083300,nm10631312
tt10083300,nm11741397
tt10083300,nm4027968
tt10083302,nm10631312
tt10083302,nm11741397
tt10083302,nm4027968
tt10083304,nm10631312
tt10083304,nm11741397
tt10083304,nm4027968
tt10083310,nm10631312
tt10083310,nm11741397
tt10083310,nm4027968
tt10083312,nm10631312
tt10083312,nm11741397
tt10083312,nm4027968
tt10083314,nm10631312
tt10083314,nm11741397
tt10083314,nm4027968
tt10083316,nm10631312
tt10083316,nm11741397
tt10083316,nm4027968
tt10083318,nm10631312
tt10083318,nm11741397
tt10083318,nm4027968
tt10083320,nm10631312
tt10083320,nm11741397
tt10083320,nm4027968
tt10083322,nm10631312
tt10083322,nm11741397
tt10083322,nm4027968
tt10083324,nm10631312
tt10083324,nm11741397
tt10083324,nm4027968
tt10083326,nm10631312
tt10083326,nm11741397
tt10083326,nm4027968
tt10083328,nm10631312
tt10083328,nm11741397
tt10083328,nm4027968
tt10083336,nm8095636
tt10083336,nm8380132
tt10083344,nm8095636
tt10083344,nm8380132
tt10083348,nm10631312
tt10083348,nm11741397
tt10083348,nm4027968
tt10083350,nm10631312
tt10083350,nm11741397
tt10083350,nm4027968
tt10083352,nm10631312
tt10083352,nm11741397
tt10083352,nm4027968
tt10083354,nm10631312
tt10083354,nm11741397
tt10083354,nm4027968
tt10083358,nm10631312
tt10083358,nm11741397
tt10083358,nm4027968
tt10083362,nm10631312
tt10083362,nm11741397
tt10083362,nm4027968
tt10083364,nm10631312
tt10083364,nm11741397
tt10083364,nm4027968
tt10083366,nm10631312
tt10083366,nm11741397
tt10083366,nm4027968
tt10083368,nm10631312
tt10083368,nm11741397
tt10083368,nm4027968
tt10083370,nm10631312
tt10083370,nm11741397
tt10083370,nm4027968
tt10083372,nm2129968
tt10083372,nm4907854
tt10083372,nm4908114
tt10083378,nm2129968
tt10083378,nm4907854
tt10083378,nm4908114
tt10083380,nm2129968
tt10083380,nm4907854
tt10083380,nm4908114
tt10083382,nm2129968
tt10083382,nm4907854
tt10083382,nm4908114
tt10083384,nm2129968
tt10083384,nm4907854
tt10083384,nm4908114
tt10083388,nm2129968
tt10083388,nm4907854
tt10083388,nm4908114
tt10083390,nm2129968
tt10083390,nm4907854
tt10083390,nm4908114
tt10083392,nm2129968
tt10083392,nm4907854
tt10083392,nm4908114
tt10083394,nm2129968
tt10083394,nm4907854
tt10083394,nm4908114
tt10083398,nm2129968
tt10083398,nm4907854
tt10083398,nm4908114
tt10083400,nm2129968
tt10083400,nm4907854
tt10083400,nm4908114
tt10083402,nm2129968
tt10083402,nm4907854
tt10083402,nm4908114
tt10083404,nm2129968
tt10083404,nm4907854
tt10083404,nm4908114
tt10083406,nm2129968
tt10083406,nm4907854
tt10083406,nm4908114
tt10083410,nm2129968
tt10083410,nm4907854
tt10083410,nm4908114
tt10083412,nm2129968
tt10083412,nm4907854
tt10083412,nm4908114
tt10083414,nm2129968
tt10083414,nm4907854
tt10083414,nm4908114
tt10083416,nm2129968
tt10083416,nm4907854
tt10083416,nm4908114
tt10083420,nm2129968
tt10083420,nm4907854
tt10083420,nm4908114
tt10083424,nm2129968
tt10083424,nm4907854
tt10083424,nm4908114
tt10083436,nm2129968
tt10083436,nm4907854
tt10083436,nm4908114
tt10083438,nm2129968
tt10083438,nm4907854
tt10083438,nm4908114
tt10083440,nm2129968
tt10083440,nm4907854
tt10083440,nm4908114
tt10083442,nm2129968
tt10083442,nm4907854
tt10083442,nm4908114
tt10083444,nm2129968
tt10083444,nm4907854
tt10083444,nm4908114
tt10083446,nm2129968
tt10083446,nm4907854
tt10083446,nm4908114
tt10083448,nm8630376
tt10083448,nm9659423
tt10083450,nm2129968
tt10083450,nm4907854
tt10083450,nm4908114
tt10083452,nm2129968
tt10083452,nm4907854
tt10083452,nm4908114
tt10083454,nm2129968
tt10083454,nm4907854
tt10083454,nm4908114
tt10083458,nm2129968
tt10083458,nm4907854
tt10083458,nm4908114
tt10083460,nm2129968
tt10083460,nm4907854
tt10083460,nm4908114
tt10083462,nm2129968
tt10083462,nm4907854
tt10083462,nm4908114
tt10083464,nm2129968
tt10083464,nm4907854
tt10083464,nm4908114
tt10083466,nm2129968
tt10083466,nm4907854
tt10083466,nm4908114
tt10083468,nm2129968
tt10083468,nm4907854
tt10083468,nm4908114
tt10083470,nm2129968
tt10083470,nm4907854
tt10083470,nm4908114
tt10083472,nm2129968
tt10083472,nm4907854
tt10083472,nm4908114
tt10083476,nm2129968
tt10083476,nm4907854
tt10083476,nm4908114
tt10083478,nm2129968
tt10083478,nm4907854
tt10083478,nm4908114
tt10083482,nm2129968
tt10083482,nm4907854
tt10083482,nm4908114
tt10083540,nm2129968
tt10083540,nm4907854
tt10083540,nm4908114
tt10083544,nm2129968
tt10083544,nm4907854
tt10083544,nm4908114
tt10083546,nm2129968
tt10083546,nm4907854
tt10083546,nm4908114
tt10083548,nm2129968
tt10083548,nm4907854
tt10083548,nm4908114
tt10083550,nm2129968
tt10083550,nm4907854
tt10083550,nm4908114
tt10083552,nm2129968
tt10083552,nm4907854
tt10083552,nm4908114
tt10083554,nm2129968
tt10083554,nm4907854
tt10083554,nm4908114
tt10083556,nm2129968
tt10083556,nm4907854
tt10083556,nm4908114
tt10083558,nm2129968
tt10083558,nm4907854
tt10083558,nm4908114
tt10083566,nm2129968
tt10083566,nm4907854
tt10083566,nm4908114
tt10083568,nm2129968
tt10083568,nm4907854
tt10083568,nm4908114
tt10083570,nm2129968
tt10083570,nm4907854
tt10083570,nm4908114
tt10083572,nm2129968
tt10083572,nm4907854
tt10083572,nm4908114
tt10083574,nm2129968
tt10083574,nm4907854
tt10083574,nm4908114
tt10083576,nm8679953
tt10083576,nm9806987
tt10083578,nm2129968
tt10083578,nm4907854
tt10083578,nm4908114
tt10083580,nm2129968
tt10083580,nm4907854
tt10083580,nm4908114
tt10083582,nm2129968
tt10083582,nm4907854
tt10083582,nm4908114
tt10083584,nm2129968
tt10083584,nm4907854
tt10083584,nm4908114
tt10083586,nm2129968
tt10083586,nm4907854
tt10083586,nm4908114
tt10083588,nm2129968
tt10083588,nm4907854
tt10083588,nm4908114
tt10083590,nm2129968
tt10083590,nm4907854
tt10083590,nm4908114
tt10083594,nm2129968
tt10083594,nm4907854
tt10083594,nm4908114
tt10083596,nm2129968
tt10083596,nm4907854
tt10083596,nm4908114
tt10083598,nm2129968
tt10083598,nm4907854
tt10083598,nm4908114
tt10083600,nm2129968
tt10083600,nm4907854
tt10083600,nm4908114
tt10083604,nm2129968
tt10083604,nm4907854
tt10083604,nm4908114
tt10083608,nm2129968
tt10083608,nm4907854
tt10083608,nm4908114
tt10083610,nm2129968
tt10083610,nm4907854
tt10083610,nm4908114
tt10083614,nm2129968
tt10083614,nm4907854
tt10083614,nm4908114
tt10083616,nm2129968
tt10083616,nm4907854
tt10083616,nm4908114
tt10083618,nm2129968
tt10083618,nm4907854
tt10083618,nm4908114
tt10083620,nm2129968
tt10083620,nm4907854
tt10083620,nm4908114
tt10083622,nm9770222
tt10083622,nm9770223
tt10083626,nm2129968
tt10083626,nm4907854
tt10083626,nm4908114
tt10083628,nm2129968
tt10083628,nm4907854
tt10083628,nm4908114
tt10083630,nm2129968
tt10083630,nm4907854
tt10083630,nm4908114
tt10083632,nm2129968
tt10083632,nm4907854
tt10083632,nm4908114
tt10083636,nm2129968
tt10083636,nm4907854
tt10083636,nm4908114
tt10083638,nm2129968
tt10083638,nm4907854
tt10083638,nm4908114
tt10083642,nm4332516
tt10083644,nm10631312
tt10083644,nm11741397
tt10083644,nm4027968
tt10083646,nm10631312
tt10083646,nm11741397
tt10083646,nm4027968
tt10083650,nm10631312
tt10083650,nm11741397
tt10083650,nm4027968
tt10083654,nm10631312
tt10083654,nm11741397
tt10083654,nm4027968
tt10083658,nm10631312
tt10083658,nm11741397
tt10083658,nm4027968
tt10083660,nm10631312
tt10083660,nm11741397
tt10083660,nm4027968
tt10083662,nm10631312
tt10083662,nm11741397
tt10083662,nm4027968
tt10083664,nm10631312
tt10083664,nm11741397
tt10083664,nm4027968
tt10083666,nm10631312
tt10083666,nm11741397
tt10083666,nm4027968
tt10083668,nm10631312
tt10083668,nm11741397
tt10083668,nm4027968
tt10083672,nm10631312
tt10083672,nm11741397
tt10083672,nm4027968
tt10083674,nm10631312
tt10083674,nm11741397
tt10083674,nm4027968
tt10083676,nm10631312
tt10083676,nm11741397
tt10083676,nm4027968
tt10083680,nm10631312
tt10083680,nm11741397
tt10083680,nm4027968
tt10083682,nm10631312
tt10083682,nm11741397
tt10083682,nm4027968
tt10083684,nm10631312
tt10083684,nm11741397
tt10083684,nm4027968
tt10083686,nm9659423
tt10083688,nm10631312
tt10083688,nm11741397
tt10083688,nm4027968
tt10083692,nm10631312
tt10083692,nm11741397
tt10083692,nm4027968
tt10083694,nm10631312
tt10083694,nm11741397
tt10083694,nm4027968
tt10083696,nm10631312
tt10083696,nm11741397
tt10083696,nm4027968
tt10083748,nm10565653
tt10083748,nm7318031
tt10083750,nm10565653
tt10083750,nm7318031
tt10083752,nm10565653
tt10083752,nm7318031
tt10083754,nm10565653
tt10083754,nm7318031
tt10083756,nm10565653
tt10083756,nm7318031
tt10083758,nm10565653
tt10083758,nm7318031
tt10083760,nm10565653
tt10083760,nm7318031
tt10083762,nm10565653
tt10083762,nm7318031
tt10083764,nm8679953
tt10083764,nm9806987
tt10083766,nm10565653
tt10083766,nm7318031
tt10083768,nm10565653
tt10083768,nm7318031
tt10083770,nm10565653
tt10083770,nm7318031
tt10083772,nm10565653
tt10083772,nm7318031
tt10083878,nm8630376
tt10083878,nm9659423
tt10083896,nm8679953
tt10083896,nm9806987
tt10083914,nm10570427
tt10083928,nm10574450
tt10083954,nm10570427
tt10084048,nm10570427
tt10084094,nm8510562
tt10084186,nm5417733
tt10084200,nm7759959
tt10084234,nm5417733
tt10084236,nm5417733
tt10084238,nm5417733
tt10084240,nm5417733
tt10084242,nm5417733
tt10084244,nm5417733
tt10084246,nm5417733
tt10084248,nm5417733
tt10084250,nm5417733
tt10084252,nm5417733
tt10084254,nm5417733
tt10084256,nm5417733
tt10084258,nm5417733
tt10084260,nm5417733
tt10084262,nm5417733
tt10084264,nm5417733
tt10084266,nm5417733
tt10084268,nm5417733
tt10084274,nm5417733
tt10084276,nm5417733
tt10084278,nm5417733
tt10084284,nm5417733
tt10084286,nm5417733
tt10084288,nm8510562
tt10084290,nm5417733
tt10084292,nm5417733
tt10084294,nm5417733
tt10084296,nm5417733
tt10084298,nm5417733
tt10084300,nm5417733
tt10084302,nm5417733
tt10084304,nm5417733
tt10084306,nm5417733
tt10084308,nm5417733
tt10084310,nm5417733
tt10084312,nm5417733
tt10084314,nm5417733
tt10084316,nm5417733
tt10084318,nm5417733
tt10084320,nm5417733
tt10084324,nm5417733
tt10084342,nm6602417
tt10084346,nm2934176
tt10084346,nm4060714
tt10084346,nm5121290
tt10084350,nm2934176
tt10084350,nm4060714
tt10084350,nm5121290
tt10084356,nm2934176
tt10084356,nm4060714
tt10084356,nm5121290
tt10084366,nm2934176
tt10084366,nm4060714
tt10084366,nm5121290
tt10084368,nm2934176
tt10084368,nm4060714
tt10084368,nm5121290
tt10084378,nm2934176
tt10084378,nm4060714
tt10084378,nm5121290
tt10084384,nm6602417
tt10084390,nm2934176
tt10084390,nm4060714
tt10084390,nm5121290
tt10084396,nm2934176
tt10084396,nm4060714
tt10084396,nm5121290
tt10084400,nm2934176
tt10084400,nm4060714
tt10084400,nm5121290
tt10084502,nm10574586
tt10084522,nm0862312
tt10084522,nm1227511
tt10084522,nm1245533
tt10084550,nm5558936
tt10084554,nm3118488
tt10084586,nm3118488
tt10084644,nm3118488
tt10084654,nm3118488
tt10084662,nm5558936
tt10084670,nm3118488
tt10084676,nm2379899
tt10084676,nm2392825
tt10084676,nm4398376
tt10084676,nm6219007
tt10084680,nm3118488
tt10084692,nm3118488
tt10084696,nm3118488
tt10084706,nm3118488
tt10084730,nm0530668
tt10084730,nm2322201
tt10084748,nm3118488
tt10084752,nm3600790
tt10084752,nm7737222
tt10084778,nm7981281
tt10084784,nm3926433
tt10084784,nm7262487
tt10084800,nm3118488
tt10084822,nm3118488
tt10084828,nm10574745
tt10084830,nm3118488
tt10084840,nm3118488
tt10084842,nm4369995
tt10084842,nm9686548
tt10084850,nm3118488
tt10084868,nm10574781
tt10084876,nm3118488
tt10084890,nm3118488
tt10084906,nm3118488
tt10084936,nm5871297
tt10084946,nm3118488
tt10084948,nm3754244
tt10084948,nm8191750
tt10084962,nm3754244
tt10084962,nm8191750
tt10084964,nm3118488
tt10084980,nm4791082
tt10085072,nm3118488
tt10085076,nm7477237
tt10085158,nm5871297
tt10085164,nm4172536
tt10085164,nm4568236
tt10085190,nm3769310
tt10085230,nm6982258
tt10085242,nm5871297
tt10085244,nm7256943
tt10085246,nm5891498
tt10085248,nm6521546
tt10085290,nm10575144
tt10085322,nm5871297
tt10085324,nm10575155
tt10085324,nm10575157
tt10085330,nm8792604
tt10085366,nm2484094
tt10085392,nm10575225
tt10085444,nm8208341
tt10085462,nm8208341
tt10085484,nm8208341
tt10085492,nm8647374
tt10085522,nm8208341
tt10085530,nm8208341
tt10085534,nm5549426
tt10085546,nm8208341
tt10085570,nm8208341
tt10085590,nm6660913
tt10085594,nm0261881
tt10085596,nm5417733
tt10085600,nm5417733
tt10085602,nm5417733
tt10085604,nm5417733
tt10085606,nm5417733
tt10085608,nm5417733
tt10085610,nm5417733
tt10085612,nm5417733
tt10085614,nm5417733
tt10085618,nm5417733
tt10085620,nm5417733
tt10085622,nm5417733
tt10085628,nm5417733
tt10085630,nm5417733
tt10085632,nm5417733
tt10085634,nm5417733
tt10085636,nm5417733
tt10085638,nm5417733
tt10085640,nm5417733
tt10085642,nm5417733
tt10085644,nm8208341
tt10085748,nm8208341
tt10085814,nm8208341
tt10085818,nm0955399
tt10085844,nm10575412
tt10085848,nm6746874
tt10085870,nm8208341
tt10085878,nm6746874
tt10085898,nm6746874
tt10085914,nm5871297
tt10085932,nm8208341
tt10085954,nm1957418
tt10085960,nm8208341
tt10085962,nm5871297
tt10086024,nm10575435
tt10086102,nm5871297
tt10086104,nm10575230
tt10086104,nm10575446
tt10086110,nm7610740
tt10086116,nm8208341
tt10086118,nm5871297
tt10086120,nm8208341
tt10086124,nm4212330
tt10086164,nm10575412
tt10086170,nm5871297
tt10086202,nm5871297
tt10086204,nm10631312
tt10086204,nm11741397
tt10086204,nm4027968
tt10086206,nm10631312
tt10086206,nm11741397
tt10086206,nm4027968
tt10086208,nm10631312
tt10086208,nm11741397
tt10086208,nm4027968
tt10086212,nm10631312
tt10086212,nm11741397
tt10086212,nm4027968
tt10086214,nm10631312
tt10086214,nm11741397
tt10086214,nm4027968
tt10086216,nm10631312
tt10086216,nm11741397
tt10086216,nm4027968
tt10086220,nm10631312
tt10086220,nm11741397
tt10086220,nm4027968
tt10086222,nm10631312
tt10086222,nm11741397
tt10086222,nm4027968
tt10086224,nm10631312
tt10086224,nm11741397
tt10086224,nm4027968
tt10086228,nm10631312
tt10086228,nm11741397
tt10086228,nm4027968
tt10086230,nm10631312
tt10086230,nm11741397
tt10086230,nm4027968
tt10086232,nm10631312
tt10086232,nm11741397
tt10086232,nm4027968
tt10086234,nm10631312
tt10086234,nm11741397
tt10086234,nm4027968
tt10086236,nm10631312
tt10086236,nm11741397
tt10086236,nm4027968
tt10086238,nm10631312
tt10086238,nm11741397
tt10086238,nm4027968
tt10086242,nm10631312
tt10086242,nm11741397
tt10086242,nm4027968
tt10086244,nm10631312
tt10086244,nm11741397
tt10086244,nm4027968
tt10086246,nm10631312
tt10086246,nm11741397
tt10086246,nm4027968
tt10086248,nm10631312
tt10086248,nm11741397
tt10086248,nm4027968
tt10086250,nm10631312
tt10086250,nm11741397
tt10086250,nm4027968
tt10086256,nm2129968
tt10086256,nm4907854
tt10086256,nm4908114
tt10086258,nm2129968
tt10086258,nm4907854
tt10086258,nm4908114
tt10086262,nm2129968
tt10086262,nm4907854
tt10086262,nm4908114
tt10086264,nm2129968
tt10086264,nm4907854
tt10086264,nm4908114
tt10086266,nm2129968
tt10086266,nm4907854
tt10086266,nm4908114
tt10086268,nm2129968
tt10086268,nm4907854
tt10086268,nm4908114
tt10086270,nm2129968
tt10086270,nm4907854
tt10086270,nm4908114
tt10086272,nm2129968
tt10086272,nm4907854
tt10086272,nm4908114
tt10086274,nm2129968
tt10086274,nm4907854
tt10086274,nm4908114
tt10086278,nm2129968
tt10086278,nm4907854
tt10086278,nm4908114
tt10086280,nm2129968
tt10086280,nm4907854
tt10086280,nm4908114
tt10086282,nm2129968
tt10086282,nm4907854
tt10086282,nm4908114
tt10086284,nm2129968
tt10086284,nm4907854
tt10086284,nm4908114
tt10086288,nm2129968
tt10086288,nm4907854
tt10086288,nm4908114
tt10086290,nm2129968
tt10086290,nm4907854
tt10086290,nm4908114
tt10086298,nm2129968
tt10086298,nm4907854
tt10086298,nm4908114
tt10086300,nm2129968
tt10086300,nm4907854
tt10086300,nm4908114
tt10086302,nm2129968
tt10086302,nm4907854
tt10086302,nm4908114
tt10086304,nm2129968
tt10086304,nm4907854
tt10086304,nm4908114
tt10086306,nm2129968
tt10086306,nm4907854
tt10086306,nm4908114
tt10086310,nm2129968
tt10086310,nm4907854
tt10086310,nm4908114
tt10086320,nm5871297
tt10086330,nm2129968
tt10086330,nm4907854
tt10086330,nm4908114
tt10086332,nm2129968
tt10086332,nm4907854
tt10086332,nm4908114
tt10086334,nm2129968
tt10086334,nm4907854
tt10086334,nm4908114
tt10086338,nm5871297
tt10086340,nm2129968
tt10086340,nm4907854
tt10086340,nm4908114
tt10086342,nm2129968
tt10086342,nm4907854
tt10086342,nm4908114
tt10086344,nm2129968
tt10086344,nm4907854
tt10086344,nm4908114
tt10086346,nm2129968
tt10086346,nm4907854
tt10086346,nm4908114
tt10086348,nm2129968
tt10086348,nm4907854
tt10086348,nm4908114
tt10086350,nm2129968
tt10086350,nm4907854
tt10086350,nm4908114
tt10086352,nm2129968
tt10086352,nm4907854
tt10086352,nm4908114
tt10086362,nm2129968
tt10086362,nm4907854
tt10086362,nm4908114
tt10086364,nm2129968
tt10086364,nm4907854
tt10086364,nm4908114
tt10086366,nm2129968
tt10086366,nm4907854
tt10086366,nm4908114
tt10086372,nm2129968
tt10086372,nm4907854
tt10086372,nm4908114
tt10086374,nm2129968
tt10086374,nm4907854
tt10086374,nm4908114
tt10086376,nm2129968
tt10086376,nm4907854
tt10086376,nm4908114
tt10086378,nm5871297
tt10086380,nm2129968
tt10086380,nm4907854
tt10086380,nm4908114
tt10086384,nm2129968
tt10086384,nm4907854
tt10086384,nm4908114
tt10086386,nm2129968
tt10086386,nm4907854
tt10086386,nm4908114
tt10086388,nm2129968
tt10086388,nm4907854
tt10086388,nm4908114
tt10086390,nm2129968
tt10086390,nm4907854
tt10086390,nm4908114
tt10086392,nm2129968
tt10086392,nm4907854
tt10086392,nm4908114
tt10086394,nm2129968
tt10086394,nm4907854
tt10086394,nm4908114
tt10086396,nm2129968
tt10086396,nm4907854
tt10086396,nm4908114
tt10086398,nm2129968
tt10086398,nm4907854
tt10086398,nm4908114
tt10086400,nm2129968
tt10086400,nm4907854
tt10086400,nm4908114
tt10086402,nm2129968
tt10086402,nm4907854
tt10086402,nm4908114
tt10086404,nm2129968
tt10086404,nm4907854
tt10086404,nm4908114
tt10086406,nm2129968
tt10086406,nm4907854
tt10086406,nm4908114
tt10086414,nm5871297
tt10086432,nm6777104
tt10086436,nm5871297
tt10086458,nm5871297
tt10086474,nm0526092
tt10086514,nm5384297
tt10086670,nm5994206
tt10086696,nm0526092
tt10086742,nm0526092
tt10086750,nm8867775
tt10086762,nm5871297
tt10086764,nm10575878
tt10086768,nm0229411
tt10086772,nm0526092
tt10086778,nm7149281
tt10086786,nm10566541
tt10086798,nm0526092
tt10086814,nm7128855
tt10086822,nm0526092
tt10086848,nm6607379
tt10086856,nm0526092
tt10086864,nm0526092
tt10086870,nm5179823
tt10086884,nm10576009
tt10086892,nm10508396
tt10086896,nm10508396
tt10086898,nm10508396
tt10086904,nm10508396
tt10086966,nm10573721
tt10086966,nm5957448
tt10086978,nm1361162
tt10086978,nm4495554
tt10086978,nm5631359
tt10087026,nm5954876
tt10087040,nm9629512
tt10087044,nm1361162
tt10087044,nm5631359
tt10087046,nm5954876
tt10087050,nm9629512
tt10087056,nm5954876
tt10087064,nm5954876
tt10087066,nm5954876
tt10087070,nm3694287
tt10087072,nm5954876
tt10087074,nm10573721
tt10087074,nm9076865
tt10087076,nm9629512
tt10087078,nm5954876
tt10087082,nm5954876
tt10087100,nm9629512
tt10087102,nm5954876
tt10087104,nm5954876
tt10087188,nm5954876
tt10087308,nm10564992
tt10087330,nm10564992
tt10087334,nm10564992
tt10087346,nm9271007
tt10087348,nm9655889
tt10087350,nm10564992
tt10087370,nm5954876
tt10087386,nm5954876
tt10087390,nm5954876
tt10087396,nm7931526
tt10087408,nm2597965
tt10087450,nm10257612
tt10087452,nm4891586
tt10087462,nm2597965
tt10087464,nm2127453
tt10087490,nm9242150
tt10087530,nm10525080
tt10087538,nm0617064
tt10087540,nm10525080
tt10087554,nm10525080
tt10087568,nm3114418
tt10087570,nm3114418
tt10087572,nm3114418
tt10087574,nm3114418
tt10087576,nm3114418
tt10087580,nm5977285
tt10087580,nm9492054
tt10087584,nm10525080
tt10087586,nm9272490
tt10087604,nm10576469
tt10087604,nm11248470
tt10087604,nm13844191
tt10087604,nm14322050
tt10087604,nm2703606
tt10087604,nm3531509
tt10087604,nm9297068
tt10087642,nm0702965
tt10087680,nm9095299
tt10087704,nm2357165
tt10087716,nm8590655
tt10087718,nm10576528
tt10087718,nm10576529
tt10087720,nm8590655
tt10087724,nm8590655
tt10087730,nm8590655
tt10087732,nm8590655
tt10087758,nm10572858
tt10087764,nm1199606
tt10087778,nm10572858
tt10087798,nm1688464
tt10087800,nm10572858
tt10087814,nm10572858
tt10087828,nm1837718
tt10087838,nm10572858
tt10087898,nm10576614
tt10087922,nm10525080
tt10087928,nm10525080
tt10087936,nm10525080
tt10087992,nm10631312
tt10087992,nm11741397
tt10087992,nm4027968
tt10087994,nm10631312
tt10087994,nm11741397
tt10087994,nm4027968
tt10088000,nm10631312
tt10088000,nm11741397
tt10088000,nm4027968
tt10088002,nm10631312
tt10088002,nm11741397
tt10088002,nm4027968
tt10088004,nm10631312
tt10088004,nm11741397
tt10088004,nm4027968
tt10088008,nm10631312
tt10088008,nm11741397
tt10088008,nm4027968
tt10088010,nm10631312
tt10088010,nm11741397
tt10088010,nm4027968
tt10088012,nm10631312
tt10088012,nm11741397
tt10088012,nm4027968
tt10088014,nm10631312
tt10088014,nm11741397
tt10088014,nm4027968
tt10088016,nm10631312
tt10088016,nm11741397
tt10088016,nm4027968
tt10088026,nm9272490
tt10088032,nm10631312
tt10088032,nm11741397
tt10088032,nm4027968
tt10088038,nm10631312
tt10088038,nm11741397
tt10088038,nm4027968
tt10088040,nm10631312
tt10088040,nm11741397
tt10088040,nm4027968
tt10088042,nm10631312
tt10088042,nm11741397
tt10088042,nm4027968
tt10088044,nm10631312
tt10088044,nm11741397
tt10088044,nm4027968
tt10088046,nm10631312
tt10088046,nm11741397
tt10088046,nm4027968
tt10088048,nm10631312
tt10088048,nm11741397
tt10088048,nm4027968
tt10088050,nm10631312
tt10088050,nm11741397
tt10088050,nm4027968
tt10088052,nm10631312
tt10088052,nm11741397
tt10088052,nm4027968
tt10088056,nm10631312
tt10088056,nm11741397
tt10088056,nm4027968
tt10088058,nm10631312
tt10088058,nm11741397
tt10088058,nm4027968
tt10088060,nm10631312
tt10088060,nm11741397
tt10088060,nm4027968
tt10088062,nm10631312
tt10088062,nm11741397
tt10088062,nm4027968
tt10088064,nm10631312
tt10088064,nm11741397
tt10088064,nm4027968
tt10088066,nm10631312
tt10088066,nm11741397
tt10088066,nm4027968
tt10088068,nm10631312
tt10088068,nm11741397
tt10088068,nm4027968
tt10088070,nm10631312
tt10088070,nm11741397
tt10088070,nm4027968
tt10088072,nm10631312
tt10088072,nm11741397
tt10088072,nm4027968
tt10088074,nm10631312
tt10088074,nm11741397
tt10088074,nm4027968
tt10088076,nm10631312
tt10088076,nm11741397
tt10088076,nm4027968
tt10088240,nm7477058
tt10088240,nm7477059
tt10088240,nm7870411
tt10088242,nm7477058
tt10088242,nm7477059
tt10088242,nm7870411
tt10088244,nm7477058
tt10088244,nm7477059
tt10088244,nm7870411
tt10088246,nm7477058
tt10088246,nm7477059
tt10088246,nm7870411
tt10088248,nm7477058
tt10088248,nm7477059
tt10088248,nm7870411
tt10088250,nm7477058
tt10088250,nm7477059
tt10088250,nm7870411
tt10088252,nm7477058
tt10088252,nm7477059
tt10088252,nm7870411
tt10088254,nm7477058
tt10088254,nm7477059
tt10088254,nm7870411
tt10088256,nm7477058
tt10088256,nm7477059
tt10088256,nm7870411
tt10088258,nm7477058
tt10088258,nm7477059
tt10088258,nm7870411
tt10088262,nm7477058
tt10088262,nm7477059
tt10088262,nm7870411
tt10088264,nm3666942
tt10088266,nm7477058
tt10088266,nm7477059
tt10088266,nm7870411
tt10088268,nm7477058
tt10088268,nm7477059
tt10088268,nm7870411
tt10088270,nm7477058
tt10088270,nm7477059
tt10088270,nm7870411
tt10088272,nm7477058
tt10088272,nm7477059
tt10088272,nm7870411
tt10088274,nm7477058
tt10088274,nm7477059
tt10088274,nm7870411
tt10088278,nm7477058
tt10088278,nm7477059
tt10088278,nm7870411
tt10088282,nm7477058
tt10088282,nm7477059
tt10088282,nm7870411
tt10088340,nm10631312
tt10088340,nm11741397
tt10088340,nm4027968
tt10088348,nm10631312
tt10088348,nm11741397
tt10088348,nm4027968
tt10088350,nm10631312
tt10088350,nm11741397
tt10088350,nm4027968
tt10088352,nm10631312
tt10088352,nm11741397
tt10088352,nm4027968
tt10088356,nm10631312
tt10088356,nm11741397
tt10088356,nm4027968
tt10088358,nm10631312
tt10088358,nm11741397
tt10088358,nm4027968
tt10088376,nm10631312
tt10088376,nm11741397
tt10088376,nm4027968
tt10088378,nm10631312
tt10088378,nm11741397
tt10088378,nm4027968
tt10088380,nm10631312
tt10088380,nm11741397
tt10088380,nm4027968
tt10088382,nm10631312
tt10088382,nm11741397
tt10088382,nm4027968
tt10088384,nm10631312
tt10088384,nm11741397
tt10088384,nm4027968
tt10088386,nm10631312
tt10088386,nm11741397
tt10088386,nm4027968
tt10088388,nm10631312
tt10088388,nm11741397
tt10088388,nm4027968
tt10088390,nm10631312
tt10088390,nm11741397
tt10088390,nm4027968
tt10088394,nm10631312
tt10088394,nm11741397
tt10088394,nm4027968
tt10088398,nm10631312
tt10088398,nm11741397
tt10088398,nm4027968
tt10088410,nm2875578
tt10088410,nm4645791
tt10088410,nm8464709
tt10088410,nm9847755
tt10088412,nm3871990
tt10088414,nm2875578
tt10088414,nm4645791
tt10088414,nm8464709
tt10088414,nm9847755
tt10088416,nm2875578
tt10088416,nm4645791
tt10088416,nm8464709
tt10088416,nm9847755
tt10088422,nm2875578
tt10088422,nm4645791
tt10088422,nm8464709
tt10088422,nm9847755
tt10088424,nm2875578
tt10088424,nm4645791
tt10088424,nm8464709
tt10088424,nm9847755
tt10088428,nm2875578
tt10088428,nm4645791
tt10088428,nm8464709
tt10088428,nm9847755
tt10088430,nm2875578
tt10088430,nm4645791
tt10088430,nm8464709
tt10088430,nm9847755
tt10088432,nm2875578
tt10088432,nm4645791
tt10088432,nm8464709
tt10088432,nm9847755
tt10088434,nm2875578
tt10088434,nm4645791
tt10088434,nm8464709
tt10088434,nm9847755
tt10088436,nm2875578
tt10088436,nm4645791
tt10088436,nm8464709
tt10088436,nm9847755
tt10088438,nm2875578
tt10088438,nm4645791
tt10088438,nm8464709
tt10088438,nm9847755
tt10088440,nm2875578
tt10088440,nm4645791
tt10088440,nm8464709
tt10088440,nm9847755
tt10088442,nm2875578
tt10088442,nm4645791
tt10088442,nm8464709
tt10088442,nm9847755
tt10088446,nm2875578
tt10088446,nm4645791
tt10088446,nm8464709
tt10088446,nm9847755
tt10088448,nm2875578
tt10088448,nm4645791
tt10088448,nm8464709
tt10088448,nm9847755
tt10088450,nm2875578
tt10088450,nm4645791
tt10088450,nm8464709
tt10088450,nm9847755
tt10088454,nm2875578
tt10088454,nm4645791
tt10088454,nm8464709
tt10088454,nm9847755
tt10088456,nm2875578
tt10088456,nm4645791
tt10088456,nm8464709
tt10088456,nm9847755
tt10088458,nm2875578
tt10088458,nm4645791
tt10088458,nm8464709
tt10088458,nm9847755
tt10088462,nm2875578
tt10088462,nm4645791
tt10088462,nm8464709
tt10088462,nm9847755
tt10088470,nm2875578
tt10088470,nm4645791
tt10088470,nm8464709
tt10088470,nm9847755
tt10088482,nm9601136
tt10088484,nm9601136
tt10088486,nm9601136
tt10088488,nm9601136
tt10088490,nm9601136
tt10088492,nm9601136
tt10088496,nm9601136
tt10088498,nm9601136
tt10088500,nm9601136
tt10088504,nm9601136
tt10088506,nm9601136
tt10088508,nm9601136
tt10088510,nm9601136
tt10088514,nm9601136
tt10088516,nm9601136
tt10088518,nm9601136
tt10088520,nm9601136
tt10088522,nm9601136
tt10088524,nm9601136
tt10088528,nm9601136
tt10088634,nm10558751
tt10088634,nm3137290
tt10088640,nm10558751
tt10088640,nm3137290
tt10088642,nm10558751
tt10088642,nm3137290
tt10088646,nm10558751
tt10088646,nm3137290
tt10088650,nm10558751
tt10088650,nm3137290
tt10088652,nm10558751
tt10088652,nm3137290
tt10088656,nm10558751
tt10088656,nm3137290
tt10088658,nm10558751
tt10088658,nm3137290
tt10088660,nm10558751
tt10088660,nm3137290
tt10088662,nm10558751
tt10088662,nm3137290
tt10088664,nm10558751
tt10088664,nm3137290
tt10088670,nm10558751
tt10088670,nm3137290
tt10088672,nm10558751
tt10088672,nm3137290
tt10088676,nm10558751
tt10088676,nm3137290
tt10088680,nm10558751
tt10088680,nm3137290
tt10088682,nm10558751
tt10088682,nm3137290
tt10088684,nm10558751
tt10088684,nm3137290
tt10088686,nm10558751
tt10088686,nm3137290
tt10088688,nm10558751
tt10088688,nm3137290
tt10088692,nm10558751
tt10088692,nm3137290
tt10088696,nm10558751
tt10088698,nm10558751
tt10088702,nm10558751
tt10088704,nm10558751
tt10088706,nm10558751
tt10088708,nm10558751
tt10088710,nm10558751
tt10088712,nm10558751
tt10088714,nm10558751
tt10088718,nm10558751
tt10088722,nm10558751
tt10088724,nm10558751
tt10088726,nm10558751
tt10088728,nm10558751
tt10088730,nm10558751
tt10088736,nm10558751
tt10088738,nm10558751
tt10088740,nm10558751
tt10088742,nm10558751
tt10088744,nm10558751
tt10088848,nm4443289
tt10088854,nm4443289
tt10088856,nm4443289
tt10088858,nm4443289
tt10088860,nm4443289
tt10088862,nm4443289
tt10088864,nm4443289
tt10088866,nm4443289
tt10088868,nm10576171
tt10088870,nm4443289
tt10088874,nm4443289
tt10088876,nm4443289
tt10088880,nm4443289
tt10088886,nm4443289
tt10088888,nm4443289
tt10088892,nm4443289
tt10088894,nm4443289
tt10088896,nm4443289
tt10088902,nm4443289
tt10088904,nm4443289
tt10088908,nm4443289
tt10089084,nm6031607
tt10089156,nm8510562
tt10089158,nm8203417
tt10089228,nm3118488
tt10089266,nm0418394
tt10089268,nm3118488
tt10089292,nm8590655
tt10089296,nm8590655
tt10089300,nm8590655
tt10089304,nm8706928
tt10089306,nm8706928
tt10089308,nm8706928
tt10089312,nm8706928
tt10089314,nm8706928
tt10089316,nm8706928
tt10089318,nm8706928
tt10089320,nm8706928
tt10089322,nm8706928
tt10089324,nm8706928
tt10089326,nm8706928
tt10089328,nm8706928
tt10089330,nm8706928
tt10089332,nm8706928
tt10089336,nm8706928
tt10089338,nm8706928
tt10089340,nm8706928
tt10089342,nm8706928
tt10089344,nm8706928
tt10089346,nm8706928
tt10089352,nm8706928
tt10089354,nm8706928
tt10089356,nm8706928
tt10089358,nm8706928
tt10089360,nm8706928
tt10089362,nm8706928
tt10089364,nm8706928
tt10089366,nm8706928
tt10089368,nm5706265
tt10089368,nm6972498
tt10089370,nm8706928
tt10089372,nm0478121
tt10089374,nm8706928
tt10089378,nm8706928
tt10089380,nm8706928
tt10089382,nm8706928
tt10089384,nm3095542
tt10089386,nm8706928
tt10089388,nm8706928
tt10089390,nm8706928
tt10089394,nm8706928
tt10089396,nm8706928
tt10089398,nm8706928
tt10089402,nm8706928
tt10089406,nm9987936
tt10089408,nm9987936
tt10089414,nm9987936
tt10089416,nm9987936
tt10089418,nm9987936
tt10089420,nm9987936
tt10089422,nm9987936
tt10089424,nm9987936
tt10089426,nm9987936
tt10089428,nm9987936
tt10089450,nm5934361
tt10089450,nm6119929
tt10089452,nm5934361
tt10089452,nm6119929
tt10089454,nm5934361
tt10089454,nm6119929
tt10089462,nm5934361
tt10089462,nm6119929
tt10089464,nm5934361
tt10089464,nm6119929
tt10089466,nm5934361
tt10089466,nm6119929
tt10089468,nm5934361
tt10089468,nm6119929
tt10089524,nm3612263
tt10089564,nm5934361
tt10089564,nm6119929
tt10089566,nm5934361
tt10089566,nm6119929
tt10089568,nm5934361
tt10089568,nm6119929
tt10089570,nm5934361
tt10089570,nm6119929
tt10089572,nm5934361
tt10089572,nm6119929
tt10089574,nm5934361
tt10089574,nm6119929
tt10089576,nm5934361
tt10089576,nm6119929
tt10089578,nm5934361
tt10089578,nm6119929
tt10089580,nm5934361
tt10089580,nm6119929
tt10089586,nm5934361
tt10089586,nm6119929
tt10089588,nm5934361
tt10089588,nm6119929
tt10089590,nm5934361
tt10089590,nm6119929
tt10089592,nm5934361
tt10089592,nm6119929
tt10089598,nm5934361
tt10089598,nm6119929
tt10089602,nm5934361
tt10089602,nm6119929
tt10089604,nm5934361
tt10089604,nm6119929
tt10089606,nm5934361
tt10089606,nm6119929
tt10089608,nm5934361
tt10089608,nm6119929
tt10089612,nm5934361
tt10089612,nm6119929
tt10089614,nm5934361
tt10089614,nm6119929
tt10089618,nm5934361
tt10089618,nm6119929
tt10089620,nm5934361
tt10089620,nm6119929
tt10089624,nm5934361
tt10089624,nm6119929
tt10089626,nm5934361
tt10089626,nm6119929
tt10089628,nm5934361
tt10089628,nm6119929
tt10089630,nm5934361
tt10089630,nm6119929
tt10089632,nm5934361
tt10089632,nm6119929
tt10089636,nm5934361
tt10089636,nm6119929
tt10089638,nm5934361
tt10089638,nm6119929
tt10089640,nm5934361
tt10089640,nm6119929
tt10089642,nm5934361
tt10089642,nm6119929
tt10089644,nm5934361
tt10089644,nm6119929
tt10089646,nm5934361
tt10089646,nm6119929
tt10089650,nm5934361
tt10089650,nm6119929
tt10089652,nm5934361
tt10089652,nm6119929
tt10089654,nm5934361
tt10089654,nm6119929
tt10089660,nm5934361
tt10089660,nm6119929
tt10089662,nm5934361
tt10089662,nm6119929
tt10089666,nm5934361
tt10089666,nm6119929
tt10089668,nm5934361
tt10089668,nm6119929
tt10089670,nm10576764
tt10089672,nm5934361
tt10089672,nm6119929
tt10089674,nm5934361
tt10089674,nm6119929
tt10089676,nm5934361
tt10089676,nm6119929
tt10089678,nm5934361
tt10089678,nm6119929
tt10089684,nm5934361
tt10089684,nm6119929
tt10089808,nm8716852
tt10089818,nm10577120
tt10089828,nm1951121
tt10089868,nm7759326
tt10089942,nm10577153
tt10089942,nm10577154
tt10089944,nm0038077
tt10090046,nm7036327
tt10090052,nm1951121
tt10090056,nm7759326
tt10090066,nm10575979
tt10090084,nm6964101
tt10090086,nm0279193
tt10090086,nm3995272
tt10090096,nm1951121
tt10090160,nm6702150
tt10090166,nm7759326
tt10090222,nm10577291
tt10090298,nm1326380
tt10090310,nm7678704
tt10090312,nm5092778
tt10090342,nm6090962
tt10090382,nm5092778
tt10090390,nm0388637
tt10090422,nm7678704
tt10090476,nm0550256
tt10090476,nm1808631
tt10090502,nm7759326
tt10090510,nm9216073
tt10090512,nm3988897
tt10090538,nm3988897
tt10090544,nm3954059
tt10090546,nm2005022
tt10090588,nm12668796
tt10090590,nm4246427
tt10090594,nm10577562
tt10090614,nm7759326
tt10090620,nm4432972
tt10090620,nm8469296
tt10090620,nm8646171
tt10090630,nm1329868
tt10090636,nm10577574
tt10090638,nm1329868
tt10090648,nm1329868
tt10090654,nm1329868
tt10090662,nm1329868
tt10090668,nm1329868
tt10090672,nm1329868
tt10090742,nm0571796
tt10090742,nm5655465
tt10090742,nm6209379
tt10090758,nm5665415
tt10090762,nm10577634
tt10090780,nm5388219
tt10090804,nm5990362
tt10090868,nm7256943
tt10090872,nm8769773
tt10090888,nm7759326
tt10090896,nm1805367
tt10090938,nm2546334
tt10090956,nm7696161
tt10090964,nm0526092
tt10091000,nm5871297
tt10091010,nm7759326
tt10091012,nm7532187
tt10091018,nm8208341
tt10091046,nm5706265
tt10091046,nm6963551
tt10091054,nm4925847
tt10091056,nm5706265
tt10091056,nm6963551
tt10091070,nm5706265
tt10091070,nm6963551
tt10091080,nm8769773
tt10091084,nm5706265
tt10091084,nm6963551
tt10091090,nm5706265
tt10091090,nm6963551
tt10091096,nm2245625
tt10091102,nm5706265
tt10091102,nm6963551
tt10091112,nm7759326
tt10091126,nm5706265
tt10091126,nm6963551
tt10091130,nm10566541
tt10091142,nm5706265
tt10091142,nm6963551
tt10091144,nm3082815
tt10091160,nm5871297
tt10091162,nm6963551
tt10091162,nm6972498
tt10091170,nm10577828
tt10091182,nm0526092
tt10091200,nm6963551
tt10091200,nm6972498
tt10091204,nm8093819
tt10091216,nm6963551
tt10091216,nm6972498
tt10091222,nm8860402
tt10091236,nm6963551
tt10091236,nm6972498
tt10091258,nm6963551
tt10091258,nm6972498
tt10091264,nm4386679
tt10091296,nm6997433
tt10091304,nm2389393
tt10091332,nm2289691
tt10091376,nm10578020
tt10091378,nm3047704
tt10091396,nm3681232
tt10091396,nm5325260
tt10091482,nm9835029
tt10091492,nm2548631
tt10091682,nm4111091
tt10091692,nm4535534
tt10091694,nm7468194
tt10091700,nm10578297
tt10091706,nm5384297
tt10091716,nm10351515
tt10091716,nm6472269
tt10091730,nm9133890
tt10091742,nm2714621
tt10091840,nm1581380
tt10091854,nm7096366
tt10091908,nm2420940
tt10091908,nm7118505
tt10091910,nm9263224
tt10091944,nm8817714
tt10091976,nm1361162
tt10091976,nm1362262
tt10091982,nm1361162
tt10091982,nm5631359
tt10092014,nm1361162
tt10092014,nm1362262
tt10092164,nm10578551
tt10092176,nm10282632
tt10092176,nm10282633
tt10092178,nm10282632
tt10092178,nm10282633
tt10092194,nm10282632
tt10092194,nm10282633
tt10092250,nm10578566
tt10092294,nm1619888
tt10092312,nm7727411
tt10092508,nm6811106
tt10092514,nm10575435
tt10092514,nm7668940
tt10092518,nm4533566
tt10092530,nm6963551
tt10092532,nm6963551
tt10092540,nm6963551
tt10092552,nm6963551
tt10092576,nm6972498
tt10092578,nm3811074
tt10092584,nm10576469
tt10092584,nm3531509
tt10092724,nm10525080
tt10092728,nm0458034
tt10092728,nm2198675
tt10092734,nm1516288
tt10092738,nm1516288
tt10092740,nm1516288
tt10092746,nm1516288
tt10092750,nm10568978
tt10092758,nm10525080
tt10092762,nm9260410
tt10092768,nm10525080
tt10092772,nm4178007
tt10092774,nm10525080
tt10092780,nm10525080
tt10092784,nm10578806
tt10092786,nm10525080
tt10092794,nm10525080
tt10092798,nm1516288
tt10092800,nm1516288
tt10092802,nm2119478
tt10092854,nm7611979
tt10092876,nm1516288
tt10092878,nm1516288
tt10092880,nm7611979
tt10092882,nm1516288
tt10092884,nm1516288
tt10092888,nm10578857
tt10092890,nm1516288
tt10092892,nm1516288
tt10092894,nm1516288
tt10092896,nm1516288
tt10092966,nm3983085
tt10092982,nm10578889
tt10092982,nm6051242
tt10093014,nm3983085
tt10093024,nm3983085
tt10093028,nm3983085
tt10093042,nm3983085
tt10093068,nm10330943
tt10093086,nm0299601
tt10093086,nm10578933
tt10093094,nm4201186
tt10093128,nm0458034
tt10093186,nm1754647
tt10093186,nm4124268
tt10093216,nm1754647
tt10093216,nm4124268
tt10093222,nm1754647
tt10093222,nm4124268
tt10093280,nm0837219
tt10093280,nm1754647
tt10093312,nm0837219
tt10093312,nm1754647
tt10093328,nm5934361
tt10093328,nm6119929
tt10093330,nm5934361
tt10093330,nm6119929
tt10093332,nm5934361
tt10093332,nm6119929
tt10093336,nm5934361
tt10093336,nm6119929
tt10093338,nm5934361
tt10093338,nm6119929
tt10093340,nm5934361
tt10093340,nm6119929
tt10093342,nm5934361
tt10093342,nm6119929
tt10093346,nm5934361
tt10093346,nm6119929
tt10093348,nm5934361
tt10093348,nm6119929
tt10093350,nm5934361
tt10093350,nm6119929
tt10093352,nm5934361
tt10093352,nm6119929
tt10093354,nm5934361
tt10093354,nm6119929
tt10093356,nm5934361
tt10093356,nm6119929
tt10093358,nm5934361
tt10093358,nm6119929
tt10093360,nm5934361
tt10093360,nm6119929
tt10093370,nm5934361
tt10093370,nm6119929
tt10093374,nm5934361
tt10093374,nm6119929
tt10093376,nm5934361
tt10093376,nm6119929
tt10093378,nm5934361
tt10093378,nm6119929
tt10093382,nm5934361
tt10093382,nm6119929
tt10093384,nm5934361
tt10093384,nm6119929
tt10093386,nm5934361
tt10093386,nm6119929
tt10093388,nm5934361
tt10093388,nm6119929
tt10093390,nm5934361
tt10093390,nm6119929
tt10093392,nm5934361
tt10093392,nm6119929
tt10093394,nm5934361
tt10093394,nm6119929
tt10093396,nm5934361
tt10093396,nm6119929
tt10093400,nm5934361
tt10093400,nm6119929
tt10093402,nm5934361
tt10093402,nm6119929
tt10093404,nm5934361
tt10093404,nm6119929
tt10093408,nm5934361
tt10093408,nm6119929
tt10093424,nm5934361
tt10093424,nm6119929
tt10093426,nm5934361
tt10093426,nm6119929
tt10093428,nm5934361
tt10093428,nm6119929
tt10093430,nm5934361
tt10093430,nm6119929
tt10093432,nm5934361
tt10093432,nm6119929
tt10093434,nm5934361
tt10093434,nm6119929
tt10093436,nm5934361
tt10093436,nm6119929
tt10093438,nm5934361
tt10093438,nm6119929
tt10093440,nm5934361
tt10093440,nm6119929
tt10093442,nm5934361
tt10093442,nm6119929
tt10093444,nm5934361
tt10093444,nm6119929
tt10093446,nm5934361
tt10093446,nm6119929
tt10093448,nm5934361
tt10093448,nm6119929
tt10093450,nm5934361
tt10093450,nm6119929
tt10093452,nm5934361
tt10093452,nm6119929
tt10093456,nm5934361
tt10093456,nm6119929
tt10093458,nm5934361
tt10093458,nm6119929
tt10093460,nm5934361
tt10093460,nm6119929
tt10093464,nm5934361
tt10093464,nm6119929
tt10093470,nm5934361
tt10093470,nm6119929
tt10093472,nm5934361
tt10093472,nm6119929
tt10093476,nm5934361
tt10093476,nm6119929
tt10093478,nm5934361
tt10093478,nm6119929
tt10093480,nm5934361
tt10093480,nm6119929
tt10093482,nm5934361
tt10093482,nm6119929
tt10093484,nm5934361
tt10093484,nm6119929
tt10093486,nm5934361
tt10093486,nm6119929
tt10093490,nm5934361
tt10093490,nm6119929
tt10093492,nm5934361
tt10093492,nm6119929
tt10093496,nm5934361
tt10093496,nm6119929
tt10093498,nm5934361
tt10093498,nm6119929
tt10093500,nm5934361
tt10093500,nm6119929
tt10093502,nm5934361
tt10093502,nm6119929
tt10093504,nm5934361
tt10093504,nm6119929
tt10093508,nm3118488
tt10093512,nm9987936
tt10093514,nm9987936
tt10093516,nm9987936
tt10093518,nm9987936
tt10093520,nm9987936
tt10093522,nm9987936
tt10093526,nm9987936
tt10093528,nm9987936
tt10093530,nm9987936
tt10093532,nm9987936
tt10093534,nm9987936
tt10093536,nm9987936
tt10093538,nm9987936
tt10093542,nm9987936
tt10093544,nm9987936
tt10093546,nm9987936
tt10093548,nm9987936
tt10093550,nm9987936
tt10093552,nm9987936
tt10093554,nm9987936
tt10093556,nm9987936
tt10093558,nm9987936
tt10093560,nm9987936
tt10093562,nm9987936
tt10093564,nm9987936
tt10093566,nm9987936
tt10093568,nm9987936
tt10093570,nm9987936
tt10093574,nm9987936
tt10093576,nm9987936
tt10093580,nm8706928
tt10093582,nm8706928
tt10093584,nm8706928
tt10093586,nm3118488
tt10093588,nm8706928
tt10093590,nm8706928
tt10093592,nm8706928
tt10093596,nm8706928
tt10093598,nm8706928
tt10093600,nm8706928
tt10093602,nm8706928
tt10093604,nm8706928
tt10093606,nm8706928
tt10093608,nm8706928
tt10093612,nm8706928
tt10093614,nm8706928
tt10093616,nm8706928
tt10093618,nm8706928
tt10093620,nm8706928
tt10093622,nm8706928
tt10093624,nm8706928
tt10093628,nm8706928
tt10093630,nm8706928
tt10093632,nm8706928
tt10093634,nm8706928
tt10093636,nm8706928
tt10093638,nm8706928
tt10093640,nm8706928
tt10093644,nm8706928
tt10093646,nm8706928
tt10093648,nm8706928
tt10093650,nm8706928
tt10093652,nm8706928
tt10093654,nm8706928
tt10093656,nm8706928
tt10093658,nm8706928
tt10093660,nm8706928
tt10093662,nm8706928
tt10093664,nm8706928
tt10093666,nm8706928
tt10093668,nm8706928
tt10093678,nm3118488
tt10093720,nm7742631
tt10093752,nm3118488
tt10093818,nm4443289
tt10093820,nm4443289
tt10093822,nm4443289
tt10093824,nm4443289
tt10093826,nm4443289
tt10093828,nm4443289
tt10093830,nm3118488
tt10093832,nm4443289
tt10093834,nm4443289
tt10093836,nm4443289
tt10093838,nm4443289
tt10093840,nm4443289
tt10093842,nm4443289
tt10093844,nm4443289
tt10093846,nm4443289
tt10093848,nm4443289
tt10093850,nm4443289
tt10093852,nm4443289
tt10093854,nm4443289
tt10093856,nm4443289
tt10093858,nm4443289
tt10093886,nm6870368
tt10093962,nm3118488
tt10093970,nm10558751
tt10093972,nm10558751
tt10093974,nm10558751
tt10093976,nm10558751
tt10093978,nm10558751
tt10093980,nm10558751
tt10093982,nm10558751
tt10093984,nm10558751
tt10093986,nm10558751
tt10093988,nm10558751
tt10093988,nm12176576
tt10093990,nm10558751
tt10093996,nm10558751
tt10093998,nm10558751
tt10094000,nm10558751
tt10094002,nm10558751
tt10094004,nm10558751
tt10094006,nm10558751
tt10094008,nm10558751
tt10094010,nm10558751
tt10094012,nm10558751
tt10094014,nm10558751
tt10094014,nm3137290
tt10094016,nm10558751
tt10094016,nm3137290
tt10094018,nm10558751
tt10094018,nm12176576
tt10094018,nm3137290
tt10094022,nm10558751
tt10094022,nm3137290
tt10094024,nm10558751
tt10094024,nm3137290
tt10094026,nm10558751
tt10094026,nm3137290
tt10094028,nm10558751
tt10094028,nm3137290
tt10094030,nm10558751
tt10094030,nm3137290
tt10094032,nm10558751
tt10094034,nm10558751
tt10094036,nm10558751
tt10094036,nm3137290
tt10094042,nm10558751
tt10094042,nm3137290
tt10094044,nm10558751
tt10094044,nm3137290
tt10094048,nm10558751
tt10094048,nm3137290
tt10094050,nm10558751
tt10094050,nm3137290
tt10094052,nm10558751
tt10094052,nm3137290
tt10094054,nm10558751
tt10094054,nm3137290
tt10094056,nm10558751
tt10094056,nm3137290
tt10094058,nm10558751
tt10094058,nm3137290
tt10094060,nm10558751
tt10094060,nm3137290
tt10094128,nm8228478
tt10094162,nm3118488
tt10094186,nm9601136
tt10094190,nm9601136
tt10094192,nm9601136
tt10094194,nm9601136
tt10094196,nm9601136
tt10094198,nm9601136
tt10094202,nm9601136
tt10094206,nm9601136
tt10094208,nm9601136
tt10094210,nm9601136
tt10094212,nm9601136
tt10094216,nm9601136
tt10094218,nm9601136
tt10094220,nm9601136
tt10094222,nm9601136
tt10094228,nm9601136
tt10094230,nm9601136
tt10094232,nm9601136
tt10094234,nm9601136
tt10094238,nm9601136
tt10094240,nm9601136
tt10094242,nm9601136
tt10094244,nm9601136
tt10094256,nm3118488
tt10094262,nm7395795
tt10094298,nm3118488
tt10094352,nm10579140
tt10094354,nm7009992
tt10094364,nm4825221
tt10094368,nm3118488
tt10094370,nm9586732
tt10094384,nm3118488
tt10094390,nm0693506
tt10094390,nm0727936
tt10094392,nm3118488
tt10094398,nm3118488
tt10094412,nm4738171
tt10094416,nm4738171
tt10094420,nm4738171
tt10094426,nm4738171
tt10094482,nm10631312
tt10094482,nm11741397
tt10094482,nm4027968
tt10094484,nm10631312
tt10094484,nm11741397
tt10094484,nm4027968
tt10094486,nm10631312
tt10094486,nm11741397
tt10094486,nm4027968
tt10094488,nm10631312
tt10094488,nm11741397
tt10094488,nm4027968
tt10094490,nm10631312
tt10094490,nm11741397
tt10094490,nm4027968
tt10094494,nm10631312
tt10094494,nm11741397
tt10094494,nm4027968
tt10094498,nm10631312
tt10094498,nm11741397
tt10094498,nm4027968
tt10094500,nm10631312
tt10094500,nm11741397
tt10094500,nm4027968
tt10094502,nm10631312
tt10094502,nm11741397
tt10094502,nm4027968
tt10094504,nm10631312
tt10094504,nm11741397
tt10094504,nm4027968
tt10094506,nm10631312
tt10094506,nm11741397
tt10094506,nm4027968
tt10094508,nm10631312
tt10094508,nm11741397
tt10094508,nm4027968
tt10094512,nm10631312
tt10094512,nm11741397
tt10094512,nm4027968
tt10094514,nm10631312
tt10094514,nm11741397
tt10094514,nm4027968
tt10094516,nm10631312
tt10094516,nm11741397
tt10094516,nm4027968
tt10094518,nm10631312
tt10094518,nm11741397
tt10094518,nm4027968
tt10094520,nm10631312
tt10094520,nm11741397
tt10094520,nm4027968
tt10094522,nm10631312
tt10094522,nm11741397
tt10094522,nm4027968
tt10094524,nm10631312
tt10094524,nm11741397
tt10094524,nm4027968
tt10094526,nm10631312
tt10094526,nm11741397
tt10094526,nm4027968
tt10094528,nm10631312
tt10094528,nm11741397
tt10094528,nm4027968
tt10094532,nm10631312
tt10094532,nm11741397
tt10094532,nm4027968
tt10094534,nm10631312
tt10094534,nm11741397
tt10094534,nm4027968
tt10094536,nm10631312
tt10094536,nm11741397
tt10094536,nm4027968
tt10094538,nm10631312
tt10094538,nm11741397
tt10094538,nm4027968
tt10094548,nm0113919
tt10094548,nm4190509
tt10094724,nm4925847
tt10094840,nm5417733
tt10094842,nm5417733
tt10094846,nm5417733
tt10094848,nm5417733
tt10094850,nm5417733
tt10094852,nm5417733
tt10094854,nm5417733
tt10094856,nm5417733
tt10094858,nm5417733
tt10094860,nm5417733
tt10094862,nm5417733
tt10094864,nm5417733
tt10094868,nm5417733
tt10094870,nm5417733
tt10094872,nm5417733
tt10094874,nm5417733
tt10094876,nm5417733
tt10094878,nm5417733
tt10094880,nm5417733
tt10094882,nm5417733
tt10094898,nm2699357
tt10094900,nm10579304
tt10094924,nm7600767
tt10094932,nm8384630
tt10094978,nm2944033
tt10095182,nm3513211
tt10095268,nm10579343
tt10095302,nm5871297
tt10095310,nm9660356
tt10095312,nm0526092
tt10095384,nm0033596
tt10095394,nm0033596
tt10095398,nm0033596
tt10095404,nm0033596
tt10095474,nm10579510
tt10095586,nm0952378
tt10095620,nm0790714
tt10095666,nm5878773
tt10095676,nm8268402
tt10095738,nm0952378
tt10095756,nm1710406
tt10095756,nm6520677
tt10095804,nm0952378
tt10095810,nm1745110
tt10095844,nm4448682
tt10095876,nm10579776
tt10095880,nm0952378
tt10095886,nm0899169
tt10095898,nm10576557
tt10095994,nm3622860
tt10096000,nm10579859
tt10096092,nm0895695
tt10096092,nm4199273
tt10096104,nm10069558
tt10096130,nm5532539
tt10096136,nm4155674
tt10096164,nm6746874
tt10096166,nm6746874
tt10096218,nm0798595
tt10096220,nm3095242
tt10096224,nm10578553
tt10096242,nm8172626
tt10096300,nm2638951
tt10096380,nm10540115
tt10096402,nm10576050
tt10096594,nm10580222
tt10096594,nm6403015
tt10096598,nm10540115
tt10096664,nm5417733
tt10096666,nm5417733
tt10096668,nm5417733
tt10096670,nm5417733
tt10096672,nm5417733
tt10096674,nm5417733
tt10096678,nm5417733
tt10096680,nm5417733
tt10096682,nm5417733
tt10096684,nm5417733
tt10096688,nm5417733
tt10096690,nm5417733
tt10096692,nm5417733
tt10096696,nm5417733
tt10096698,nm5417733
tt10096700,nm5417733
tt10096702,nm5417733
tt10096706,nm5417733
tt10096708,nm5417733
tt10096710,nm5417733
tt10096998,nm10631312
tt10096998,nm11741397
tt10096998,nm4027968
tt10097000,nm10631312
tt10097000,nm11741397
tt10097000,nm4027968
tt10097002,nm10631312
tt10097002,nm11741397
tt10097002,nm4027968
tt10097194,nm1475828
tt10097194,nm4595036
tt10097204,nm10558751
tt10097204,nm3137290
tt10097206,nm10558751
tt10097206,nm3137290
tt10097208,nm10558751
tt10097208,nm3137290
tt10097210,nm10558751
tt10097210,nm3137290
tt10097212,nm10558751
tt10097212,nm3137290
tt10097214,nm10558751
tt10097214,nm3137290
tt10097218,nm10558751
tt10097218,nm3137290
tt10097220,nm10558751
tt10097220,nm3137290
tt10097222,nm10558751
tt10097222,nm3137290
tt10097226,nm10558751
tt10097226,nm3137290
tt10097228,nm10558751
tt10097228,nm3137290
tt10097232,nm10558751
tt10097232,nm3137290
tt10097234,nm10558751
tt10097234,nm3137290
tt10097236,nm10558751
tt10097236,nm3137290
tt10097238,nm10558751
tt10097238,nm3137290
tt10097240,nm10558751
tt10097240,nm3137290
tt10097242,nm10558751
tt10097242,nm3137290
tt10097244,nm10579843
tt10097246,nm10558751
tt10097246,nm3137290
tt10097248,nm10558751
tt10097248,nm3137290
tt10097250,nm10558751
tt10097250,nm3137290
tt10097254,nm10558751
tt10097256,nm10558751
tt10097258,nm10558751
tt10097262,nm10558751
tt10097264,nm10558751
tt10097266,nm10558751
tt10097270,nm10558751
tt10097272,nm10558751
tt10097274,nm10558751
tt10097276,nm6082570
tt10097280,nm10558751
tt10097282,nm10558751
tt10097284,nm10558751
tt10097286,nm10558751
tt10097288,nm10558751
tt10097290,nm10558751
tt10097294,nm10558751
tt10097296,nm10558751
tt10097300,nm10558751
tt10097416,nm6559473
tt10097432,nm10579843
tt10097434,nm10579843
tt10097490,nm1435485
tt10097514,nm10427255
tt10097564,nm1969846
tt10097588,nm6559473
tt10097590,nm6559473
tt10097596,nm6559473
tt10097602,nm6559473
tt10097606,nm6559473
tt10097610,nm6559473
tt10097612,nm6559473
tt10097614,nm6559473
tt10097616,nm6559473
tt10097624,nm10579843
tt10097646,nm10275883
tt10097654,nm0558341
tt10097754,nm10540115
tt10097804,nm10540115
tt10097804,nm10540126
tt10097820,nm10540115
tt10097820,nm10540126
tt10097824,nm9058573
tt10097826,nm10540115
tt10097826,nm10540126
tt10097862,nm10540115
tt10097862,nm10540126
tt10097918,nm1361162
tt10097924,nm10560317
tt10097924,nm10560318
tt10097934,nm0008442
tt10097934,nm0330185
tt10097948,nm1361162
tt10097948,nm1362262
tt10097948,nm3761723
tt10097952,nm9455932
tt10097954,nm10580660
tt10097956,nm1366551
tt10097964,nm1366551
tt10097972,nm1366551
tt10097982,nm10352891
tt10097988,nm10352891
tt10097992,nm10352891
tt10097994,nm10352891
tt10098006,nm10352891
tt10098012,nm10352891
tt10098016,nm10352891
tt10098026,nm10352891
tt10098078,nm10580768
tt10098110,nm10580811
tt10098110,nm4256060
tt10098112,nm10847979
tt10098114,nm1703570
tt10098138,nm10578551
tt10098144,nm10578551
tt10098148,nm10578551
tt10098178,nm10578566
tt10098226,nm10570870
tt10098228,nm10570870
tt10098230,nm10570870
tt10098232,nm10570870
tt10098234,nm10570870
tt10098236,nm10570870
tt10098238,nm10570870
tt10098240,nm10570870
tt10098242,nm10570870
tt10098244,nm10570870
tt10098294,nm6953413
tt10098320,nm10147626
tt10098320,nm10418708
tt10098320,nm1301385
tt10098336,nm11139654
tt10098356,nm4256984
tt10098412,nm0840916
tt10098454,nm10578551
tt10098466,nm10578551
tt10098478,nm10578551
tt10098486,nm0415961
tt10098500,nm10352376
tt10098560,nm10578551
tt10098574,nm6385233
tt10098578,nm10578551
tt10098582,nm10578551
tt10098594,nm10578551
tt10098610,nm10578551
tt10098616,nm10578551
tt10098618,nm4485695
tt10098644,nm10581182
tt10098682,nm10562641
tt10098694,nm8590655
tt10098732,nm8590655
tt10098734,nm8590655
tt10098736,nm8590655
tt10098746,nm8590655
tt10098752,nm8590655
tt10098756,nm8590655
tt10098758,nm8590655
tt10098760,nm8590655
tt10098764,nm8590655
tt10098766,nm8590655
tt10098770,nm8590655
tt10098774,nm8590655
tt10098786,nm10581220
tt10098848,nm1786164
tt10098848,nm9697399
tt10098852,nm10561268
tt10098886,nm9970300
tt10098896,nm3595937
tt10099048,nm4443289
tt10099050,nm4443289
tt10099052,nm4443289
tt10099054,nm4443289
tt10099056,nm4443289
tt10099058,nm4443289
tt10099060,nm4443289
tt10099064,nm0458034
tt10099066,nm4443289
tt10099068,nm4443289
tt10099070,nm4443289
tt10099074,nm4443289
tt10099076,nm4443289
tt10099078,nm4443289
tt10099080,nm4443289
tt10099082,nm4443289
tt10099084,nm4443289
tt10099086,nm4443289
tt10099090,nm4443289
tt10099092,nm4443289
tt10099094,nm4443289
tt10099096,nm4443289
tt10099098,nm4443289
tt10099100,nm4443289
tt10099102,nm4443289
tt10099286,nm8706928
tt10099290,nm8706928
tt10099292,nm8706928
tt10099294,nm8706928
tt10099296,nm8706928
tt10099298,nm8706928
tt10099300,nm8706928
tt10099304,nm8706928
tt10099306,nm8706928
tt10099308,nm8706928
tt10099312,nm8706928
tt10099314,nm8706928
tt10099316,nm8706928
tt10099320,nm8706928
tt10099322,nm8706928
tt10099324,nm8706928
tt10099326,nm8706928
tt10099328,nm8706928
tt10099330,nm8706928
tt10099334,nm8706928
tt10099336,nm8706928
tt10099338,nm8706928
tt10099340,nm8706928
tt10099342,nm8706928
tt10099344,nm8706928
tt10099346,nm8706928
tt10099348,nm8706928
tt10099350,nm8706928
tt10099352,nm8706928
tt10099354,nm8706928
tt10099356,nm8706928
tt10099358,nm8706928
tt10099362,nm8706928
tt10099364,nm8706928
tt10099368,nm8706928
tt10099370,nm8706928
tt10099372,nm8706928
tt10099374,nm8706928
tt10099376,nm8706928
tt10099378,nm8706928
tt10099384,nm9987936
tt10099386,nm9987936
tt10099388,nm9987936
tt10099390,nm9987936
tt10099392,nm9987936
tt10099394,nm9987936
tt10099396,nm9987936
tt10099400,nm9987936
tt10099402,nm9987936
tt10099404,nm9987936
tt10099406,nm9987936
tt10099408,nm9987936
tt10099410,nm9987936
tt10099412,nm9987936
tt10099414,nm9987936
tt10099416,nm9987936
tt10099418,nm9987936
tt10099420,nm9987936
tt10099422,nm9987936
tt10099426,nm9987936
tt10099430,nm5934361
tt10099430,nm6119929
tt10099432,nm5934361
tt10099432,nm6119929
tt10099436,nm5934361
tt10099436,nm6119929
tt10099438,nm5934361
tt10099438,nm6119929
tt10099440,nm5934361
tt10099440,nm6119929
tt10099442,nm5934361
tt10099442,nm6119929
tt10099444,nm5934361
tt10099444,nm6119929
tt10099450,nm5934361
tt10099450,nm6119929
tt10099452,nm5934361
tt10099452,nm6119929
tt10099456,nm5934361
tt10099456,nm6119929
tt10099458,nm5934361
tt10099458,nm6119929
tt10099462,nm5934361
tt10099462,nm6119929
tt10099464,nm5934361
tt10099464,nm6119929
tt10099466,nm5934361
tt10099466,nm6119929
tt10099468,nm5934361
tt10099468,nm6119929
tt10099470,nm5934361
tt10099470,nm6119929
tt10099474,nm5934361
tt10099474,nm6119929
tt10099476,nm5934361
tt10099476,nm6119929
tt10099480,nm9133870
tt10099482,nm5934361
tt10099482,nm6119929
tt10099486,nm5934361
tt10099486,nm6119929
tt10099488,nm5934361
tt10099488,nm6119929
tt10099490,nm5934361
tt10099490,nm6119929
tt10099494,nm5934361
tt10099494,nm6119929
tt10099496,nm5934361
tt10099496,nm6119929
tt10099498,nm5934361
tt10099498,nm6119929
tt10099500,nm5934361
tt10099500,nm6119929
tt10099502,nm5934361
tt10099502,nm6119929
tt10099504,nm5934361
tt10099504,nm6119929
tt10099506,nm5934361
tt10099506,nm6119929
tt10099510,nm5934361
tt10099510,nm6119929
tt10099512,nm5934361
tt10099512,nm6119929
tt10099516,nm5934361
tt10099516,nm6119929
tt10099518,nm5934361
tt10099518,nm6119929
tt10099522,nm5934361
tt10099522,nm6119929
tt10099524,nm5934361
tt10099524,nm6119929
tt10099534,nm6224615
tt10099546,nm4567657
tt10099548,nm5934361
tt10099548,nm6119929
tt10099554,nm5934361
tt10099554,nm6119929
tt10099556,nm5934361
tt10099556,nm6119929
tt10099562,nm5934361
tt10099562,nm6119929
tt10099564,nm5934361
tt10099564,nm6119929
tt10099568,nm5934361
tt10099568,nm6119929
tt10099570,nm5934361
tt10099570,nm6119929
tt10099572,nm5934361
tt10099572,nm6119929
tt10099576,nm5934361
tt10099576,nm6119929
tt10099578,nm5934361
tt10099578,nm6119929
tt10099580,nm5934361
tt10099580,nm6119929
tt10099582,nm5934361
tt10099582,nm6119929
tt10099586,nm5934361
tt10099586,nm6119929
tt10099588,nm5934361
tt10099588,nm6119929
tt10099590,nm5934361
tt10099590,nm6119929
tt10099592,nm5934361
tt10099592,nm6119929
tt10099594,nm5934361
tt10099594,nm6119929
tt10099600,nm5934361
tt10099600,nm6119929
tt10099604,nm5934361
tt10099604,nm6119929
tt10099610,nm5934361
tt10099610,nm6119929
tt10099612,nm5934361
tt10099612,nm6119929
tt10099618,nm5934361
tt10099618,nm6119929
tt10099620,nm5934361
tt10099620,nm6119929
tt10099626,nm5934361
tt10099626,nm6119929
tt10099628,nm5934361
tt10099628,nm6119929
tt10099630,nm5934361
tt10099630,nm6119929
tt10099636,nm5934361
tt10099636,nm6119929
tt10099638,nm5934361
tt10099638,nm6119929
tt10099642,nm5934361
tt10099642,nm6119929
tt10099644,nm5934361
tt10099644,nm6119929
tt10099646,nm5934361
tt10099646,nm6119929
tt10099650,nm5934361
tt10099650,nm6119929
tt10099652,nm5934361
tt10099652,nm6119929
tt10099654,nm5934361
tt10099654,nm6119929
tt10099656,nm5934361
tt10099656,nm6119929
tt10099658,nm5005779
tt10099742,nm0038077
tt10099860,nm1033279
tt10099924,nm8931253
tt10099928,nm8481612
tt10099986,nm4976685
tt10099986,nm9117881
tt10099986,nm9987936
tt10099990,nm4976685
tt10099990,nm9117881
tt10099990,nm9987936
tt10099992,nm4976685
tt10099992,nm9117881
tt10099992,nm9987936
tt10099994,nm4976685
tt10099994,nm9117881
tt10099994,nm9987936
tt10099996,nm4976685
tt10099996,nm9117881
tt10099996,nm9987936
tt10100004,nm4976685
tt10100004,nm9117881
tt10100004,nm9987936
tt10100006,nm4976685
tt10100006,nm9117881
tt10100006,nm9987936
tt10100008,nm4976685
tt10100008,nm9117881
tt10100008,nm9987936
tt10100010,nm4976685
tt10100010,nm9117881
tt10100010,nm9987936
tt10100012,nm4976685
tt10100012,nm9117881
tt10100012,nm9987936
tt10100014,nm4976685
tt10100014,nm9117881
tt10100014,nm9987936
tt10100016,nm4976685
tt10100016,nm9117881
tt10100016,nm9987936
tt10100018,nm4976685
tt10100018,nm9117881
tt10100018,nm9987936
tt10100020,nm4976685
tt10100020,nm9117881
tt10100020,nm9987936
tt10100022,nm4976685
tt10100022,nm9117881
tt10100022,nm9987936
tt10100024,nm4976685
tt10100024,nm9117881
tt10100024,nm9987936
tt10100026,nm4976685
tt10100026,nm9117881
tt10100026,nm9987936
tt10100028,nm4976685
tt10100028,nm9117881
tt10100028,nm9987936
tt10100030,nm4976685
tt10100030,nm9117881
tt10100030,nm9987936
tt10100032,nm4976685
tt10100032,nm9117881
tt10100032,nm9987936
tt10100036,nm1590021
tt10100036,nm4976685
tt10100036,nm9117881
tt10100036,nm9987936
tt10100040,nm1590021
tt10100040,nm4976685
tt10100040,nm9117881
tt10100040,nm9987936
tt10100042,nm1590021
tt10100042,nm4976685
tt10100042,nm9117881
tt10100042,nm9987936
tt10100044,nm1590021
tt10100044,nm4976685
tt10100044,nm9117881
tt10100044,nm9987936
tt10100046,nm1590021
tt10100046,nm4976685
tt10100046,nm9117881
tt10100046,nm9987936
tt10100048,nm1590021
tt10100048,nm4976685
tt10100048,nm9117881
tt10100048,nm9987936
tt10100050,nm1590021
tt10100050,nm4976685
tt10100050,nm9117881
tt10100050,nm9987936
tt10100052,nm1590021
tt10100052,nm4976685
tt10100052,nm9117881
tt10100052,nm9987936
tt10100054,nm1590021
tt10100054,nm4976685
tt10100054,nm9117881
tt10100054,nm9987936
tt10100056,nm1590021
tt10100056,nm4976685
tt10100056,nm9117881
tt10100056,nm9987936
tt10100058,nm1590021
tt10100058,nm4976685
tt10100058,nm9117881
tt10100058,nm9987936
tt10100060,nm1590021
tt10100060,nm4976685
tt10100060,nm9117881
tt10100060,nm9987936
tt10100064,nm1590021
tt10100064,nm4976685
tt10100064,nm9117881
tt10100064,nm9987936
tt10100068,nm1590021
tt10100068,nm4976685
tt10100068,nm9117881
tt10100068,nm9987936
tt10100070,nm1590021
tt10100070,nm4976685
tt10100070,nm9117881
tt10100070,nm9987936
tt10100072,nm1590021
tt10100072,nm4976685
tt10100072,nm9117881
tt10100072,nm9987936
tt10100074,nm1590021
tt10100074,nm4976685
tt10100074,nm9117881
tt10100074,nm9987936
tt10100076,nm1590021
tt10100076,nm4976685
tt10100076,nm9117881
tt10100076,nm9987936
tt10100078,nm1590021
tt10100078,nm4976685
tt10100078,nm9117881
tt10100078,nm9987936
tt10100080,nm1590021
tt10100080,nm4976685
tt10100080,nm9117881
tt10100080,nm9987936
tt10100082,nm1590021
tt10100082,nm4976685
tt10100082,nm9117881
tt10100082,nm9987936
tt10100084,nm1590021
tt10100084,nm4976685
tt10100084,nm9117881
tt10100084,nm9987936
tt10100086,nm1590021
tt10100086,nm4976685
tt10100086,nm9117881
tt10100086,nm9987936
tt10100088,nm1590021
tt10100088,nm4976685
tt10100088,nm9117881
tt10100088,nm9987936
tt10100090,nm1590021
tt10100090,nm4976685
tt10100090,nm9117881
tt10100090,nm9987936
tt10100092,nm1590021
tt10100092,nm4976685
tt10100092,nm9117881
tt10100092,nm9987936
tt10100096,nm1590021
tt10100096,nm4976685
tt10100096,nm9117881
tt10100096,nm9987936
tt10100098,nm1590021
tt10100098,nm4976685
tt10100098,nm9117881
tt10100098,nm9987936
tt10100100,nm1590021
tt10100100,nm4976685
tt10100100,nm9117881
tt10100100,nm9987936
tt10100102,nm1590021
tt10100102,nm4976685
tt10100102,nm9117881
tt10100102,nm9987936
tt10100104,nm1590021
tt10100104,nm4976685
tt10100104,nm9117881
tt10100104,nm9987936
tt10100106,nm1590021
tt10100106,nm4976685
tt10100106,nm9117881
tt10100106,nm9987936
tt10100108,nm1590021
tt10100108,nm4976685
tt10100108,nm9117881
tt10100108,nm9987936
tt10100110,nm1590021
tt10100110,nm4976685
tt10100110,nm9117881
tt10100110,nm9987936
tt10100112,nm1590021
tt10100112,nm4976685
tt10100112,nm9117881
tt10100112,nm9987936
tt10100114,nm1590021
tt10100114,nm4976685
tt10100114,nm9117881
tt10100116,nm1590021
tt10100116,nm4976685
tt10100116,nm9117881
tt10100118,nm1590021
tt10100118,nm4976685
tt10100118,nm9117881
tt10100122,nm1590021
tt10100122,nm4976685
tt10100122,nm9117881
tt10100124,nm1590021
tt10100124,nm4976685
tt10100124,nm9117881
tt10100136,nm1590021
tt10100136,nm4976685
tt10100136,nm9117881
tt10100142,nm3848169
tt10100182,nm3714274
tt10100226,nm3261559
tt10100418,nm10581585
tt10100526,nm8931253
tt10100540,nm10580682
tt10100574,nm10581722
tt10100660,nm5124381
tt10100670,nm10568978
tt10100670,nm10578820
tt10100686,nm10581793
tt10100688,nm6190604
tt10100734,nm1279296
tt10100740,nm5478116
tt10100754,nm1279296
tt10100760,nm5145404
tt10100780,nm0655699
tt10100820,nm1279296
tt10100844,nm9945386
tt10100862,nm1279296
tt10100904,nm0430047
tt10100912,nm8538119
tt10100980,nm1745074
tt10100994,nm3398867
tt10101030,nm10540115
tt10101030,nm10540126
tt10101036,nm0430047
tt10101044,nm10540115
tt10101044,nm10540126
tt10101064,nm10540115
tt10101064,nm10540126
tt10101068,nm0099526
tt10101068,nm6520677
tt10101068,nm6573821
tt10101082,nm8701271
tt10101104,nm7929827
tt10101106,nm10567807
tt10101118,nm6600073
tt10101124,nm1969432
tt10101168,nm4141884
tt10101188,nm4420839
tt10101196,nm1496101
tt10101198,nm10582180
tt10101260,nm1181727
tt10101270,nm10579510
tt10101282,nm10582248
tt10101296,nm10582139
tt10101314,nm0430047
tt10101362,nm10582303
tt10101366,nm10579510
tt10101478,nm0430047
tt10101482,nm4275911
tt10101484,nm1207938
tt10101500,nm2975725
tt10101504,nm4275911
tt10101516,nm10336827
tt10101574,nm0430047
tt10101576,nm10577634
tt10101578,nm1487328
tt10101604,nm7743857
tt10101606,nm0430047
tt10101622,nm10578551
tt10101624,nm3313851
tt10101628,nm10578551
tt10101648,nm10578551
tt10101672,nm8689803
tt10101686,nm10582542
tt10101700,nm8689803
tt10101786,nm4488182
tt10101816,nm2714621
tt10101822,nm0430047
tt10101838,nm5708679
tt10101838,nm9304318
tt10101844,nm0430047
tt10101850,nm5990362
tt10101858,nm1279296
tt10101866,nm1812717
tt10101874,nm4238738
tt10101880,nm1279296
tt10101904,nm0787933
tt10101928,nm3193434
tt10101948,nm2254074
tt10101954,nm5793201
tt10102020,nm0430047
tt10102024,nm0622051
tt10102068,nm0430047
tt10102096,nm0430047
tt10102122,nm0430047
tt10102180,nm10540115
tt10102180,nm10540126
tt10102184,nm10540115
tt10102184,nm10540126
tt10102186,nm10579510
tt10102210,nm0003670
tt10102234,nm4467136
tt10102250,nm7997234
tt10102258,nm10580682
tt10102260,nm6225648
tt10102274,nm1482024
tt10102276,nm9147787
tt10102292,nm9403278
tt10102296,nm10583040
tt10102322,nm10583069
tt10102356,nm9785836
tt10102406,nm10580682
tt10102408,nm0691626
tt10102420,nm10580682
tt10102424,nm10583138
tt1010248,nm0250536
tt1010248,nm1442873
tt10102502,nm9391786
tt10102516,nm7306026
tt10102694,nm2340733
tt10102782,nm8414371
tt10102804,nm9434946
tt10102812,nm5326061
tt10102814,nm9434946
tt10102822,nm7748572
tt10102826,nm7956716
tt10102828,nm9434946
tt10102840,nm9434946
tt10102846,nm1590021
tt10102846,nm4976685
tt10102846,nm9117881
tt10102848,nm1590021
tt10102848,nm4976685
tt10102848,nm9117881
tt10102850,nm1590021
tt10102850,nm4976685
tt10102850,nm9117881
tt10102852,nm1590021
tt10102852,nm4976685
tt10102852,nm9117881
tt10102854,nm1590021
tt10102854,nm4976685
tt10102854,nm9117881
tt10102856,nm1590021
tt10102856,nm4976685
tt10102856,nm9117881
tt10102858,nm1590021
tt10102858,nm4976685
tt10102858,nm9117881
tt10102860,nm1590021
tt10102860,nm4976685
tt10102860,nm9117881
tt10102862,nm1590021
tt10102862,nm4976685
tt10102862,nm9117881
tt10102864,nm1590021
tt10102864,nm4976685
tt10102864,nm9117881
tt10102866,nm1590021
tt10102866,nm4976685
tt10102866,nm9117881
tt10102868,nm1590021
tt10102868,nm4976685
tt10102868,nm9117881
tt10102870,nm1590021
tt10102870,nm4976685
tt10102870,nm9117881
tt10102872,nm9434946
tt10102874,nm1590021
tt10102874,nm4976685
tt10102874,nm9117881
tt10102876,nm1590021
tt10102876,nm4976685
tt10102876,nm9117881
tt10102878,nm1590021
tt10102878,nm4976685
tt10102878,nm9117881
tt10102880,nm1590021
tt10102880,nm4976685
tt10102880,nm9117881
tt10102882,nm1590021
tt10102882,nm4976685
tt10102882,nm9117881
tt10102884,nm1590021
tt10102884,nm4976685
tt10102884,nm9117881
tt10102886,nm1590021
tt10102886,nm4976685
tt10102886,nm9117881
tt10102892,nm1590021
tt10102892,nm4976685
tt10102892,nm9117881
tt10102892,nm9987936
tt10102896,nm1590021
tt10102896,nm4976685
tt10102896,nm9117881
tt10102896,nm9987936
tt10102898,nm1590021
tt10102898,nm4976685
tt10102898,nm9117881
tt10102898,nm9987936
tt10102900,nm1590021
tt10102900,nm4976685
tt10102900,nm9117881
tt10102900,nm9987936
tt10102902,nm1590021
tt10102902,nm4976685
tt10102902,nm9117881
tt10102902,nm9987936
tt10102904,nm1590021
tt10102904,nm4976685
tt10102904,nm9117881
tt10102904,nm9987936
tt10102906,nm1590021
tt10102906,nm4976685
tt10102906,nm9117881
tt10102906,nm9987936
tt10102908,nm1590021
tt10102908,nm4976685
tt10102908,nm9117881
tt10102908,nm9987936
tt10102910,nm1590021
tt10102910,nm4976685
tt10102910,nm9117881
tt10102910,nm9987936
tt10102914,nm1590021
tt10102914,nm4976685
tt10102914,nm9117881
tt10102914,nm9987936
tt10102916,nm1590021
tt10102916,nm4976685
tt10102916,nm9117881
tt10102916,nm9987936
tt10102944,nm0053292
tt10102944,nm1201899
tt10102948,nm6264697
tt10102950,nm0053292
tt10102950,nm1201899
tt10102954,nm1367460
tt10102956,nm0476657
tt10102960,nm0053292
tt10102960,nm1201899
tt10102968,nm1590021
tt10102968,nm4976685
tt10102968,nm9117881
tt10102968,nm9987936
tt10102970,nm10583409
tt10102974,nm0053292
tt10102974,nm1201899
tt10102978,nm8414371
tt10102982,nm1590021
tt10102982,nm4976685
tt10102982,nm9117881
tt10102982,nm9987936
tt10102984,nm1590021
tt10102984,nm4976685
tt10102984,nm9117881
tt10102984,nm9987936
tt10102986,nm1590021
tt10102986,nm4976685
tt10102986,nm9117881
tt10102986,nm9987936
tt10102990,nm1590021
tt10102990,nm4976685
tt10102990,nm9117881
tt10102990,nm9987936
tt10102992,nm1590021
tt10102992,nm4976685
tt10102992,nm9117881
tt10102992,nm9987936
tt10102994,nm1590021
tt10102994,nm4976685
tt10102994,nm9117881
tt10102994,nm9987936
tt10102996,nm1590021
tt10102996,nm4976685
tt10102996,nm9117881
tt10102996,nm9987936
tt10102998,nm1590021
tt10102998,nm4976685
tt10102998,nm9117881
tt10102998,nm9987936
tt10103000,nm4831993
tt10103002,nm1590021
tt10103002,nm4976685
tt10103002,nm9117881
tt10103002,nm9987936
tt10103004,nm1590021
tt10103004,nm4976685
tt10103004,nm9117881
tt10103004,nm9987936
tt10103006,nm1590021
tt10103006,nm4976685
tt10103006,nm9117881
tt10103006,nm9987936
tt10103008,nm1590021
tt10103008,nm4976685
tt10103008,nm9117881
tt10103008,nm9987936
tt10103010,nm1590021
tt10103010,nm4976685
tt10103010,nm9117881
tt10103010,nm9987936
tt10103012,nm1590021
tt10103012,nm4976685
tt10103012,nm9117881
tt10103012,nm9987936
tt10103016,nm1590021
tt10103016,nm4976685
tt10103016,nm9117881
tt10103016,nm9987936
tt10103018,nm1590021
tt10103018,nm4976685
tt10103018,nm9117881
tt10103018,nm9987936
tt10103020,nm1590021
tt10103020,nm4976685
tt10103020,nm9117881
tt10103020,nm9987936
tt10103022,nm1590021
tt10103022,nm4976685
tt10103022,nm9117881
tt10103022,nm9987936
tt10103024,nm1590021
tt10103024,nm4976685
tt10103024,nm9117881
tt10103024,nm9987936
tt10103026,nm1590021
tt10103026,nm4976685
tt10103026,nm9117881
tt10103026,nm9987936
tt10103030,nm1590021
tt10103030,nm4976685
tt10103030,nm9117881
tt10103030,nm9987936
tt10103034,nm1590021
tt10103034,nm4976685
tt10103034,nm9117881
tt10103034,nm9987936
tt10103036,nm1590021
tt10103036,nm4976685
tt10103036,nm9117881
tt10103036,nm9987936
tt10103038,nm1590021
tt10103038,nm4976685
tt10103038,nm9117881
tt10103038,nm9987936
tt10103040,nm1590021
tt10103040,nm4976685
tt10103040,nm9117881
tt10103040,nm9987936
tt10103042,nm1590021
tt10103042,nm4976685
tt10103042,nm9117881
tt10103042,nm9987936
tt10103046,nm1590021
tt10103046,nm4976685
tt10103046,nm9117881
tt10103046,nm9987936
tt10103048,nm1590021
tt10103048,nm4976685
tt10103048,nm9117881
tt10103048,nm9987936
tt10103050,nm4976685
tt10103050,nm9117881
tt10103050,nm9987936
tt10103052,nm4976685
tt10103052,nm9117881
tt10103052,nm9987936
tt10103054,nm4976685
tt10103054,nm9117881
tt10103054,nm9987936
tt10103056,nm4976685
tt10103056,nm9117881
tt10103056,nm9987936
tt10103058,nm4976685
tt10103058,nm9117881
tt10103058,nm9987936
tt10103060,nm4976685
tt10103060,nm9117881
tt10103060,nm9987936
tt10103062,nm4976685
tt10103062,nm9117881
tt10103062,nm9987936
tt10103064,nm4976685
tt10103064,nm9117881
tt10103064,nm9987936
tt10103066,nm4976685
tt10103066,nm9117881
tt10103066,nm9987936
tt10103068,nm4976685
tt10103068,nm9117881
tt10103068,nm9987936
tt10103070,nm4976685
tt10103070,nm9117881
tt10103070,nm9987936
tt10103072,nm4976685
tt10103072,nm9117881
tt10103072,nm9987936
tt10103074,nm4976685
tt10103074,nm9117881
tt10103074,nm9987936
tt10103076,nm4976685
tt10103076,nm9117881
tt10103076,nm9987936
tt10103078,nm4976685
tt10103078,nm9117881
tt10103078,nm9987936
tt10103080,nm4976685
tt10103080,nm9117881
tt10103080,nm9987936
tt10103082,nm4976685
tt10103082,nm9117881
tt10103082,nm9987936
tt10103084,nm4976685
tt10103084,nm9117881
tt10103084,nm9987936
tt10103086,nm4976685
tt10103086,nm9117881
tt10103086,nm9987936
tt10103088,nm4976685
tt10103088,nm9117881
tt10103088,nm9987936
tt10103092,nm4831993
tt10103094,nm4976685
tt10103094,nm9117881
tt10103094,nm9987936
tt10103096,nm4976685
tt10103096,nm9117881
tt10103096,nm9987936
tt10103098,nm4976685
tt10103098,nm9117881
tt10103098,nm9987936
tt10103100,nm4976685
tt10103100,nm9117881
tt10103100,nm9987936
tt10103106,nm4976685
tt10103106,nm9117881
tt10103106,nm9987936
tt10103110,nm4976685
tt10103110,nm9117881
tt10103110,nm9987936
tt10103112,nm4976685
tt10103112,nm9117881
tt10103112,nm9987936
tt10103114,nm4976685
tt10103114,nm9117881
tt10103114,nm9987936
tt10103116,nm4976685
tt10103116,nm9117881
tt10103116,nm9987936
tt10103118,nm4976685
tt10103118,nm9117881
tt10103118,nm9987936
tt10103120,nm4976685
tt10103120,nm9117881
tt10103120,nm9987936
tt10103122,nm4976685
tt10103122,nm9117881
tt10103122,nm9987936
tt10103124,nm4976685
tt10103124,nm9117881
tt10103124,nm9987936
tt10103126,nm4976685
tt10103126,nm9117881
tt10103126,nm9987936
tt10103128,nm0155988
tt10103130,nm4976685
tt10103130,nm9117881
tt10103130,nm9987936
tt10103132,nm4976685
tt10103132,nm9117881
tt10103132,nm9987936
tt10103134,nm4976685
tt10103134,nm9117881
tt10103134,nm9987936
tt10103136,nm4976685
tt10103136,nm9117881
tt10103136,nm9987936
tt10103140,nm4976685
tt10103140,nm9117881
tt10103140,nm9987936
tt10103142,nm4976685
tt10103142,nm9117881
tt10103142,nm9987936
tt10103168,nm4831993
tt10103326,nm0038077
tt10103328,nm0038077
tt10103330,nm0038077
tt10103332,nm0038077
tt10103336,nm0038077
tt10103340,nm0038077
tt10103344,nm10517648
tt10103346,nm0038077
tt10103348,nm0038077
tt10103350,nm0038077
tt10103352,nm0038077
tt10103354,nm0038077
tt10103356,nm0038077
tt10103358,nm0038077
tt10103362,nm0038077
tt10103364,nm0038077
tt10103366,nm5934361
tt10103366,nm6119929
tt10103372,nm5934361
tt10103372,nm6119929
tt10103376,nm5934361
tt10103376,nm6119929
tt10103378,nm5934361
tt10103378,nm6119929
tt10103380,nm5934361
tt10103380,nm6119929
tt10103382,nm5934361
tt10103382,nm6119929
tt10103384,nm9641104
tt10103386,nm5934361
tt10103386,nm6119929
tt10103390,nm5934361
tt10103390,nm6119929
tt10103392,nm5934361
tt10103392,nm6119929
tt10103394,nm5934361
tt10103394,nm6119929
tt10103400,nm5934361
tt10103400,nm6119929
tt10103402,nm5934361
tt10103402,nm6119929
tt10103404,nm5934361
tt10103404,nm6119929
tt10103406,nm5934361
tt10103406,nm6119929
tt10103412,nm5934361
tt10103412,nm6119929
tt10103416,nm5934361
tt10103416,nm6119929
tt10103422,nm5934361
tt10103422,nm6119929
tt10103436,nm5934361
tt10103436,nm6119929
tt10103438,nm5934361
tt10103438,nm6119929
tt10103442,nm5934361
tt10103442,nm6119929
tt10103444,nm5934361
tt10103444,nm6119929
tt10103446,nm5934361
tt10103446,nm6119929
tt10103448,nm5934361
tt10103448,nm6119929
tt10103450,nm5934361
tt10103450,nm6119929
tt10103452,nm5934361
tt10103452,nm6119929
tt10103458,nm5934361
tt10103458,nm6119929
tt10103462,nm5934361
tt10103462,nm6119929
tt10103464,nm5934361
tt10103464,nm6119929
tt10103466,nm5934361
tt10103466,nm6119929
tt10103468,nm5934361
tt10103468,nm6119929
tt10103472,nm5934361
tt10103472,nm6119929
tt10103474,nm5934361
tt10103474,nm6119929
tt10103476,nm5934361
tt10103476,nm6119929
tt10103480,nm5934361
tt10103480,nm6119929
tt10103488,nm5934361
tt10103488,nm6119929
tt10103490,nm5934361
tt10103490,nm6119929
tt10103492,nm5934361
tt10103492,nm6119929
tt10103494,nm5934361
tt10103494,nm6119929
tt10103496,nm5934361
tt10103496,nm6119929
tt10103498,nm5934361
tt10103498,nm6119929
tt10103500,nm5934361
tt10103500,nm6119929
tt10103502,nm5934361
tt10103502,nm6119929
tt10103504,nm5934361
tt10103504,nm6119929
tt10103506,nm5934361
tt10103506,nm6119929
tt10103508,nm0839632
tt10103508,nm5934361
tt10103508,nm6119929
tt10103510,nm5934361
tt10103510,nm6119929
tt10103512,nm5934361
tt10103512,nm6119929
tt10103514,nm5934361
tt10103514,nm6119929
tt10103516,nm0839632
tt10103516,nm5934361
tt10103516,nm6119929
tt10103518,nm5934361
tt10103518,nm6119929
tt10103520,nm5934361
tt10103520,nm6119929
tt10103522,nm5934361
tt10103522,nm6119929
tt10103526,nm5934361
tt10103526,nm6119929
tt10103528,nm5934361
tt10103528,nm6119929
tt10103530,nm5934361
tt10103530,nm6119929
tt10103542,nm7223787
tt10103586,nm5934361
tt10103586,nm6119929
tt10103588,nm5934361
tt10103588,nm6119929
tt10103590,nm5934361
tt10103590,nm6119929
tt10103594,nm5934361
tt10103594,nm6119929
tt10103598,nm5934361
tt10103598,nm6119929
tt10103600,nm5934361
tt10103600,nm6119929
tt10103602,nm5934361
tt10103602,nm6119929
tt10103604,nm5934361
tt10103604,nm6119929
tt10103606,nm5934361
tt10103606,nm6119929
tt10103608,nm5934361
tt10103608,nm6119929
tt10103610,nm5934361
tt10103610,nm6119929
tt10103612,nm5934361
tt10103612,nm6119929
tt10103614,nm5934361
tt10103614,nm6119929
tt10103616,nm5934361
tt10103616,nm6119929
tt10103618,nm5934361
tt10103618,nm6119929
tt10103620,nm5934361
tt10103620,nm6119929
tt10103632,nm9987936
tt10103634,nm9987936
tt10103638,nm9987936
tt10103640,nm9987936
tt10103642,nm9987936
tt10103644,nm10583510
tt10103650,nm4831993
tt10103652,nm9987936
tt10103654,nm9987936
tt10103656,nm9987936
tt10103660,nm9987936
tt10103662,nm9987936
tt10103664,nm9987936
tt10103666,nm9987936
tt10103668,nm9987936
tt10103670,nm9987936
tt10103672,nm9987936
tt10103674,nm9987936
tt10103676,nm9987936
tt10103678,nm9987936
tt10103682,nm9987936
tt10103684,nm9987936
tt10103688,nm8706928
tt10103690,nm8706928
tt10103692,nm8706928
tt10103694,nm8706928
tt10103696,nm8706928
tt10103698,nm8706928
tt10103700,nm8706928
tt10103702,nm8706928
tt10103706,nm8706928
tt10103708,nm8706928
tt10103710,nm8706928
tt10103712,nm8706928
tt10103714,nm8706928
tt10103716,nm8706928
tt10103718,nm8706928
tt10103724,nm8706928
tt10103726,nm8706928
tt10103728,nm8706928
tt10103730,nm8706928
tt10103732,nm8706928
tt10103736,nm8706928
tt10103738,nm8706928
tt10103740,nm8706928
tt10103742,nm8706928
tt10103746,nm8706928
tt10103748,nm8706928
tt10103750,nm8706928
tt10103752,nm8706928
tt10103754,nm8706928
tt10103756,nm8706928
tt10103758,nm8706928
tt10103760,nm8706928
tt10103762,nm8706928
tt10103764,nm8706928
tt10103766,nm8706928
tt10103768,nm8706928
tt10103770,nm8706928
tt10103772,nm8706928
tt10103774,nm8706928
tt10103778,nm8706928
tt10103882,nm2435496
tt10103926,nm10579856
tt10103932,nm3595479
tt10104026,nm10558751
tt10104026,nm3137290
tt10104028,nm10558751
tt10104028,nm3137290
tt10104030,nm10558751
tt10104030,nm3137290
tt10104032,nm10558751
tt10104032,nm3137290
tt10104034,nm10558751
tt10104034,nm3137290
tt10104040,nm10558751
tt10104040,nm3137290
tt10104042,nm10558751
tt10104042,nm3137290
tt10104044,nm10558751
tt10104044,nm3137290
tt10104046,nm10558751
tt10104046,nm3137290
tt10104050,nm10558751
tt10104050,nm3137290
tt10104054,nm10558751
tt10104054,nm3137290
tt10104056,nm10558751
tt10104056,nm3137290
tt10104058,nm10558751
tt10104058,nm3137290
tt10104060,nm10558751
tt10104060,nm3137290
tt10104062,nm10558751
tt10104062,nm3137290
tt10104064,nm10558751
tt10104064,nm3137290
tt10104066,nm10363014
tt10104066,nm10363015
tt10104066,nm10363016
tt10104066,nm10583549
tt10104066,nm1481196
tt10104068,nm10558751
tt10104068,nm3137290
tt10104070,nm10558751
tt10104070,nm3137290
tt10104072,nm10558751
tt10104072,nm3137290
tt10104074,nm10558751
tt10104074,nm3137290
tt10104138,nm10583558
tt10104150,nm10583567
tt10104188,nm10631312
tt10104188,nm11741397
tt10104188,nm4027968
tt10104190,nm10631312
tt10104190,nm11741397
tt10104190,nm4027968
tt10104192,nm10631312
tt10104192,nm11741397
tt10104192,nm4027968
tt10104196,nm10631312
tt10104196,nm11741397
tt10104196,nm4027968
tt10104198,nm10631312
tt10104198,nm11741397
tt10104198,nm4027968
tt10104200,nm10631312
tt10104200,nm11741397
tt10104200,nm4027968
tt10104202,nm10631312
tt10104202,nm11741397
tt10104202,nm4027968
tt10104288,nm1847653
tt10104422,nm2354796
tt10104428,nm5417733
tt10104430,nm5417733
tt10104432,nm5417733
tt10104434,nm5417733
tt10104436,nm5417733
tt10104438,nm5417733
tt10104440,nm5417733
tt10104444,nm5417733
tt10104446,nm5417733
tt10104448,nm5417733
tt10104450,nm5417733
tt10104452,nm5417733
tt10104456,nm5417733
tt10104458,nm5417733
tt10104462,nm5417733
tt10104464,nm5417733
tt10104466,nm5417733
tt10104468,nm5417733
tt10104470,nm5417733
tt10104474,nm5417733
tt10104556,nm8159756
tt10104840,nm0423286
tt10105014,nm6600073
tt10105080,nm10583734
tt10105094,nm10582529
tt10105138,nm9015681
tt10105168,nm2018249
tt10105222,nm1808417
tt10105306,nm1128848
tt10105314,nm2354796
tt10105354,nm6125091
tt10105438,nm2035480
tt10105442,nm10579438
tt10105492,nm2714621
tt10105498,nm6487340
tt10105510,nm4819836
tt10105532,nm1279296
tt10105542,nm3774979
tt10105544,nm10342823
tt10105548,nm4178007
tt10105558,nm8399958
tt10105568,nm1847653
tt10105570,nm5560129
tt10105586,nm0430047
tt10105588,nm4341091
tt10105590,nm1840927
tt10105612,nm1298267
tt10105714,nm3911794
tt10105722,nm3911794
tt10105738,nm2120363
tt10105832,nm6616449
tt10105906,nm0430047
tt10105922,nm1834157
tt10105938,nm1279296
tt10105964,nm1279296
tt10106018,nm1647485
tt10106020,nm0430047
tt10106022,nm1647485
tt10106026,nm0430047
tt10106030,nm1647485
tt10106032,nm1647485
tt10106124,nm2354796
tt10106142,nm1279296
tt10106144,nm10537550
tt10106144,nm10584302
tt10106148,nm0430047
tt10106152,nm7405431
tt10106154,nm8890031
tt10106158,nm0006745
tt10106196,nm3346515
tt10106216,nm4627363
tt10106224,nm0430047
tt10106232,nm10584468
tt10106250,nm0430047
tt10106282,nm1279296
tt10106286,nm1279296
tt10106300,nm0430047
tt10106334,nm0430047
tt10106344,nm10582303
tt10106362,nm10584601
tt10106368,nm3191853
tt10106392,nm1818486
tt10106402,nm10582304
tt10106402,nm10584636
tt10106402,nm10584637
tt10106418,nm10582307
tt10106520,nm1618184
tt10106528,nm1279296
tt10106544,nm1969432
tt10106604,nm10580660
tt10106618,nm10584843
tt10106644,nm10138586
tt10106710,nm1144219
tt10106710,nm5416952
tt10106712,nm2568923
tt10106718,nm10138586
tt10106724,nm9785113
tt10106740,nm10138586
tt10106752,nm10578551
tt10106754,nm10578551
tt10106798,nm2906682
tt10106804,nm10578551
tt10106806,nm2906682
tt10106810,nm10578551
tt10106816,nm2906682
tt10106818,nm10578551
tt10106822,nm7652064
tt10106822,nm9955258
tt10106824,nm2906682
tt10106832,nm2906682
tt10106836,nm4414136
tt10106838,nm10291115
tt10106840,nm2906682
tt10106842,nm2906682
tt10106846,nm2906682
tt10106848,nm10584922
tt10106852,nm2906682
tt10106854,nm10584936
tt10106854,nm3872389
tt10106856,nm10584936
tt10106856,nm3872389
tt10106858,nm2655563
tt10106860,nm2655563
tt10106864,nm7195036
tt10106866,nm5030468
tt10106868,nm2510720
tt10106870,nm2510720
tt10106872,nm2510720
tt10106874,nm10584968
tt10106874,nm2387112
tt10106876,nm10584970
tt10106876,nm10584971
tt10106876,nm10584972
tt10106876,nm10584975
tt10106876,nm10584976
tt10106876,nm10584977
tt10106878,nm10584969
tt10106880,nm2906682
tt10106882,nm10584978
tt10106882,nm10584979
tt10106884,nm10584980
tt10106884,nm5503688
tt10106886,nm10584981
tt10106888,nm3335006
tt10106890,nm10584981
tt10106892,nm10584981
tt10106894,nm10584989
tt10106894,nm2510720
tt10106896,nm2387112
tt10106896,nm2461453
tt10106898,nm5659516
tt10106900,nm10418056
tt10106902,nm2906682
tt10106904,nm10584990
tt10106906,nm2602822
tt10106906,nm6943783
tt10106908,nm10584991
tt10106908,nm10584992
tt10106912,nm10565624
tt10106914,nm10584968
tt10106914,nm2387112
tt10106916,nm7195036
tt10106918,nm2269310
tt10106920,nm10584994
tt10106922,nm10584994
tt10106924,nm10449512
tt10106924,nm10584995
tt10106924,nm10584996
tt10106924,nm2417413
tt10106924,nm9907283
tt10106926,nm10584997
tt10106928,nm2906682
tt10106930,nm3221528
tt10106932,nm10585005
tt10106934,nm10584979
tt10106936,nm4819821
tt10106938,nm2655563
tt10106940,nm10585005
tt10106942,nm4671364
tt10106944,nm10584968
tt10106944,nm2387112
tt10106946,nm10584978
tt10106950,nm7195036
tt10106958,nm10578551
tt10106966,nm2906682
tt10106974,nm2906682
tt10106990,nm2906682
tt10107012,nm2686289
tt10107016,nm10583510
tt10107044,nm0882078
tt10107044,nm2849107
tt10107044,nm4387002
tt10107208,nm10585108
tt10107240,nm10578551
tt10107244,nm10585132
tt10107252,nm10578551
tt10107258,nm10578551
tt10107266,nm10578551
tt10107268,nm10578551
tt10107356,nm2209251
tt10107440,nm10585190
tt10107482,nm5730005
tt10107500,nm0951376
tt10107500,nm6667559
tt10107504,nm1953732
tt10107522,nm7049631
tt10107618,nm6685752
tt10107640,nm0865291
tt10107800,nm7067676
tt10107882,nm9241500
tt10107884,nm10975956
tt10107884,nm7616903
tt10107886,nm4238738
tt10107946,nm0096049
tt10108068,nm0218838
tt10108068,nm2465157
tt10108076,nm5417733
tt10108078,nm5417733
tt10108080,nm5417733
tt10108082,nm5417733
tt10108084,nm5417733
tt10108086,nm5417733
tt10108088,nm5417733
tt10108090,nm5417733
tt10108092,nm5417733
tt10108094,nm5417733
tt10108096,nm5417733
tt10108098,nm5417733
tt10108100,nm5417733
tt10108102,nm5417733
tt10108104,nm5417733
tt10108106,nm5417733
tt10108108,nm5417733
tt10108110,nm5417733
tt10108112,nm5417733
tt10108114,nm5417733
tt10108204,nm7616903
tt10108242,nm10975956
tt10108244,nm10975956
tt10108246,nm10975956
tt10108250,nm10975956
tt10108254,nm10583331
tt10108258,nm10975956
tt10108260,nm10975956
tt10108262,nm7616903
tt10108266,nm7616903
tt10108268,nm7616903
tt10108286,nm0616567
tt10108410,nm10631312
tt10108410,nm11741397
tt10108410,nm4027968
tt10108412,nm10631312
tt10108412,nm11741397
tt10108412,nm4027968
tt10108414,nm10631312
tt10108414,nm11741397
tt10108414,nm4027968
tt10108416,nm10631312
tt10108416,nm11741397
tt10108416,nm4027968
tt10108418,nm10631312
tt10108418,nm11741397
tt10108418,nm4027968
tt10108420,nm10631312
tt10108420,nm11741397
tt10108420,nm4027968
tt10108422,nm10631312
tt10108422,nm11741397
tt10108422,nm4027968
tt10108424,nm10631312
tt10108424,nm11741397
tt10108424,nm4027968
tt10108426,nm10631312
tt10108426,nm11741397
tt10108426,nm4027968
tt10108428,nm10631312
tt10108428,nm11741397
tt10108428,nm4027968
tt10108432,nm10631312
tt10108432,nm11741397
tt10108432,nm4027968
tt10108434,nm10631312
tt10108434,nm11741397
tt10108434,nm4027968
tt10108436,nm10631312
tt10108436,nm11741397
tt10108436,nm4027968
tt10108438,nm10631312
tt10108438,nm11741397
tt10108438,nm4027968
tt10108440,nm10631312
tt10108440,nm11741397
tt10108440,nm4027968
tt10108444,nm10631312
tt10108444,nm11741397
tt10108444,nm4027968
tt10108448,nm10631312
tt10108448,nm11741397
tt10108448,nm4027968
tt10108450,nm10558751
tt10108450,nm3137290
tt10108452,nm10558751
tt10108452,nm3137290
tt10108454,nm10558751
tt10108454,nm3137290
tt10108456,nm10558751
tt10108456,nm3137290
tt10108458,nm10558751
tt10108458,nm3137290
tt10108460,nm10558751
tt10108460,nm3137290
tt10108462,nm10558751
tt10108462,nm3137290
tt10108464,nm10558751
tt10108464,nm3137290
tt10108466,nm10558751
tt10108466,nm3137290
tt10108468,nm10558751
tt10108468,nm3137290
tt10108470,nm10558751
tt10108470,nm3137290
tt10108472,nm10558751
tt10108472,nm3137290
tt10108474,nm10558751
tt10108474,nm3137290
tt10108476,nm10558751
tt10108476,nm3137290
tt10108478,nm10558751
tt10108478,nm3137290
tt10108480,nm10558751
tt10108480,nm3137290
tt10108482,nm10558751
tt10108482,nm3137290
tt10108484,nm10558751
tt10108484,nm3137290
tt10108486,nm10558751
tt10108486,nm3137290
tt10108710,nm8706928
tt10108712,nm8706928
tt10108714,nm8706928
tt10108716,nm8706928
tt10108718,nm8706928
tt10108720,nm8706928
tt10108722,nm8706928
tt10108724,nm8706928
tt10108726,nm8706928
tt10108728,nm8706928
tt10108732,nm8706928
tt10108734,nm8706928
tt10108736,nm8706928
tt10108738,nm8706928
tt10108740,nm8706928
tt10108742,nm8706928
tt10108744,nm8706928
tt10108746,nm8706928
tt10108748,nm8706928
tt10108750,nm8706928
tt10108752,nm8706928
tt10108754,nm8706928
tt10108756,nm8706928
tt10108758,nm8706928
tt10108760,nm8706928
tt10108762,nm8706928
tt10108764,nm8706928
tt10108766,nm8706928
tt10108768,nm8706928
tt10108770,nm8706928
tt10108772,nm8706928
tt10108774,nm8706928
tt10108776,nm8706928
tt10108778,nm8706928
tt10108780,nm8706928
tt10108782,nm8706928
tt10108784,nm8706928
tt10108786,nm8706928
tt10108788,nm8706928
tt10108790,nm8706928
tt10108792,nm9987936
tt10108794,nm9987936
tt10108796,nm9987936
tt10108798,nm9987936
tt10108800,nm9987936
tt10108802,nm9987936
tt10108804,nm9987936
tt10108806,nm9987936
tt10108808,nm9987936
tt10108810,nm9987936
tt10108814,nm9987936
tt10108816,nm9987936
tt10108818,nm9987936
tt10108820,nm9987936
tt10108822,nm9987936
tt10108824,nm9987936
tt10108830,nm9987936
tt10108832,nm9987936
tt10108834,nm9987936
tt10108836,nm9987936
tt10108838,nm5934361
tt10108838,nm6119929
tt10108840,nm5934361
tt10108840,nm6119929
tt10108842,nm5934361
tt10108842,nm6119929
tt10108844,nm5934361
tt10108844,nm6119929
tt10108846,nm5934361
tt10108846,nm6119929
tt10108848,nm5934361
tt10108848,nm6119929
tt10108850,nm5934361
tt10108850,nm6119929
tt10108852,nm5934361
tt10108852,nm6119929
tt10108858,nm5934361
tt10108858,nm6119929
tt10108860,nm5934361
tt10108860,nm6119929
tt10108862,nm5934361
tt10108862,nm6119929
tt10108864,nm5934361
tt10108864,nm6119929
tt10108866,nm5934361
tt10108866,nm6119929
tt10108868,nm5934361
tt10108868,nm6119929
tt10108870,nm5934361
tt10108870,nm6119929
tt10108872,nm5934361
tt10108872,nm6119929
tt10108874,nm5934361
tt10108874,nm6119929
tt10108878,nm5934361
tt10108878,nm6119929
tt10108880,nm5934361
tt10108880,nm6119929
tt10108882,nm5934361
tt10108882,nm6119929
tt10108884,nm5934361
tt10108884,nm6119929
tt10108886,nm5934361
tt10108886,nm6119929
tt10108888,nm5934361
tt10108888,nm6119929
tt10108890,nm5934361
tt10108890,nm6119929
tt10108892,nm5934361
tt10108892,nm6119929
tt10108896,nm5934361
tt10108896,nm6119929
tt10108898,nm5934361
tt10108898,nm6119929
tt10108902,nm5934361
tt10108902,nm6119929
tt10108904,nm5934361
tt10108904,nm6119929
tt10108906,nm5934361
tt10108906,nm6119929
tt10108908,nm5934361
tt10108908,nm6119929
tt10108912,nm5934361
tt10108912,nm6119929
tt10108914,nm5934361
tt10108914,nm6119929
tt10108916,nm5934361
tt10108916,nm6119929
tt10108918,nm5934361
tt10108918,nm6119929
tt10108924,nm5934361
tt10108924,nm6119929
tt10108926,nm5934361
tt10108926,nm6119929
tt10108928,nm5934361
tt10108928,nm6119929
tt10108930,nm5934361
tt10108930,nm6119929
tt10108932,nm5934361
tt10108932,nm6119929
tt10108934,nm5934361
tt10108934,nm6119929
tt10108936,nm5934361
tt10108936,nm6119929
tt10108938,nm5934361
tt10108938,nm6119929
tt10108940,nm5934361
tt10108940,nm6119929
tt10108944,nm5934361
tt10108944,nm6119929
tt10108946,nm5934361
tt10108946,nm6119929
tt10108948,nm5934361
tt10108948,nm6119929
tt10108950,nm5934361
tt10108950,nm6119929
tt10108952,nm5934361
tt10108952,nm6119929
tt10108954,nm5934361
tt10108954,nm6119929
tt10108956,nm5934361
tt10108956,nm6119929
tt10108960,nm5934361
tt10108960,nm6119929
tt10108962,nm5934361
tt10108962,nm6119929
tt10108968,nm5934361
tt10108968,nm6119929
tt10108994,nm10585451
tt10108994,nm8355802
tt10109000,nm0038077
tt10109002,nm0038077
tt10109004,nm0038077
tt10109006,nm0038077
tt10109008,nm7678897
tt10109010,nm0038077
tt10109012,nm0038077
tt10109014,nm0038077
tt10109016,nm0038077
tt10109018,nm0038077
tt10109020,nm0038077
tt10109022,nm0038077
tt10109024,nm0038077
tt10109026,nm0038077
tt10109028,nm0038077
tt10109032,nm0038077
tt10109034,nm0038077
tt10109036,nm0038077
tt10109038,nm0038077
tt10109040,nm0038077
tt10109042,nm0038077
tt10109160,nm4471551
tt10109232,nm5665415
tt10109234,nm3812027
tt10109282,nm4976685
tt10109282,nm9117881
tt10109282,nm9987936
tt10109284,nm4976685
tt10109284,nm9117881
tt10109284,nm9987936
tt10109288,nm4976685
tt10109288,nm9117881
tt10109288,nm9987936
tt10109290,nm4976685
tt10109290,nm9117881
tt10109290,nm9987936
tt10109292,nm4976685
tt10109292,nm9117881
tt10109292,nm9987936
tt10109294,nm4976685
tt10109294,nm9117881
tt10109294,nm9987936
tt10109296,nm4976685
tt10109296,nm9117881
tt10109296,nm9987936
tt10109298,nm4976685
tt10109298,nm9117881
tt10109298,nm9987936
tt10109300,nm4976685
tt10109300,nm9117881
tt10109300,nm9987936
tt10109302,nm4976685
tt10109302,nm9117881
tt10109302,nm9987936
tt10109304,nm4976685
tt10109304,nm9117881
tt10109304,nm9987936
tt10109306,nm4976685
tt10109306,nm9117881
tt10109306,nm9987936
tt10109308,nm4976685
tt10109308,nm9117881
tt10109308,nm9987936
tt10109310,nm4976685
tt10109310,nm9117881
tt10109310,nm9987936
tt10109312,nm4976685
tt10109312,nm9117881
tt10109312,nm9987936
tt10109314,nm4976685
tt10109314,nm9117881
tt10109314,nm9987936
tt10109316,nm4976685
tt10109316,nm9117881
tt10109316,nm9987936
tt10109318,nm4976685
tt10109318,nm9117881
tt10109318,nm9987936
tt10109320,nm4976685
tt10109320,nm9117881
tt10109320,nm9987936
tt10109322,nm4976685
tt10109322,nm9117881
tt10109322,nm9987936
tt10109326,nm4976685
tt10109326,nm9117881
tt10109326,nm9987936
tt10109328,nm4976685
tt10109328,nm9117881
tt10109328,nm9987936
tt10109330,nm4976685
tt10109330,nm9117881
tt10109330,nm9987936
tt10109332,nm4976685
tt10109332,nm9117881
tt10109332,nm9987936
tt10109334,nm4976685
tt10109334,nm9117881
tt10109334,nm9987936
tt10109336,nm4976685
tt10109336,nm9117881
tt10109336,nm9987936
tt10109338,nm4976685
tt10109338,nm9117881
tt10109338,nm9987936
tt10109340,nm4976685
tt10109340,nm9117881
tt10109340,nm9987936
tt10109342,nm4976685
tt10109342,nm9117881
tt10109342,nm9987936
tt10109344,nm4976685
tt10109344,nm9117881
tt10109344,nm9987936
tt10109346,nm4976685
tt10109346,nm9117881
tt10109346,nm9987936
tt10109348,nm4976685
tt10109348,nm9117881
tt10109348,nm9987936
tt10109350,nm4976685
tt10109350,nm9117881
tt10109350,nm9987936
tt10109352,nm4976685
tt10109352,nm9117881
tt10109352,nm9987936
tt10109354,nm4976685
tt10109354,nm9117881
tt10109354,nm9987936
tt10109356,nm4976685
tt10109356,nm9117881
tt10109356,nm9987936
tt10109358,nm4976685
tt10109358,nm9117881
tt10109358,nm9987936
tt10109360,nm4976685
tt10109360,nm9117881
tt10109360,nm9987936
tt10109362,nm4976685
tt10109362,nm9117881
tt10109362,nm9987936
tt10109364,nm4976685
tt10109364,nm9117881
tt10109364,nm9987936
tt10109366,nm1590021
tt10109366,nm4976685
tt10109366,nm9117881
tt10109366,nm9987936
tt10109368,nm1590021
tt10109368,nm4976685
tt10109368,nm9117881
tt10109368,nm9987936
tt10109370,nm1590021
tt10109370,nm4976685
tt10109370,nm9117881
tt10109370,nm9987936
tt10109374,nm1590021
tt10109374,nm4976685
tt10109374,nm9117881
tt10109374,nm9987936
tt10109376,nm1590021
tt10109376,nm4976685
tt10109376,nm9117881
tt10109376,nm9987936
tt10109378,nm1590021
tt10109378,nm4976685
tt10109378,nm9117881
tt10109378,nm9987936
tt10109380,nm1590021
tt10109380,nm4976685
tt10109380,nm9117881
tt10109380,nm9987936
tt10109382,nm1590021
tt10109382,nm4976685
tt10109382,nm9117881
tt10109382,nm9987936
tt10109384,nm1590021
tt10109384,nm4976685
tt10109384,nm9117881
tt10109384,nm9987936
tt10109386,nm1590021
tt10109386,nm4976685
tt10109386,nm9117881
tt10109386,nm9987936
tt10109388,nm1590021
tt10109388,nm4976685
tt10109388,nm9117881
tt10109388,nm9987936
tt10109390,nm1590021
tt10109390,nm4976685
tt10109390,nm9117881
tt10109390,nm9987936
tt10109392,nm1590021
tt10109392,nm4976685
tt10109392,nm9117881
tt10109392,nm9987936
tt10109394,nm1590021
tt10109394,nm4976685
tt10109394,nm9117881
tt10109394,nm9987936
tt10109396,nm1590021
tt10109396,nm4976685
tt10109396,nm9117881
tt10109396,nm9987936
tt10109398,nm1590021
tt10109398,nm4976685
tt10109398,nm9117881
tt10109398,nm9987936
tt10109400,nm1590021
tt10109400,nm4976685
tt10109400,nm9117881
tt10109400,nm9987936
tt10109402,nm1590021
tt10109402,nm4976685
tt10109402,nm9117881
tt10109402,nm9987936
tt10109404,nm1590021
tt10109404,nm4976685
tt10109404,nm9117881
tt10109404,nm9987936
tt10109406,nm1590021
tt10109406,nm4976685
tt10109406,nm9117881
tt10109406,nm9987936
tt10109408,nm1590021
tt10109408,nm4976685
tt10109408,nm9117881
tt10109408,nm9987936
tt10109412,nm1590021
tt10109412,nm4976685
tt10109412,nm9117881
tt10109412,nm9987936
tt10109414,nm1590021
tt10109414,nm4976685
tt10109414,nm9117881
tt10109414,nm9987936
tt10109416,nm1590021
tt10109416,nm4976685
tt10109416,nm9117881
tt10109416,nm9987936
tt10109418,nm1590021
tt10109418,nm4976685
tt10109418,nm9117881
tt10109418,nm9987936
tt10109422,nm1590021
tt10109422,nm4976685
tt10109422,nm9117881
tt10109422,nm9987936
tt10109424,nm1590021
tt10109424,nm4976685
tt10109424,nm9117881
tt10109424,nm9987936
tt10109426,nm1590021
tt10109426,nm4976685
tt10109426,nm9117881
tt10109426,nm9987936
tt10109428,nm1590021
tt10109428,nm4976685
tt10109428,nm9117881
tt10109428,nm9987936
tt10109430,nm1590021
tt10109430,nm4976685
tt10109430,nm9117881
tt10109430,nm9987936
tt10109432,nm1590021
tt10109432,nm4976685
tt10109432,nm9117881
tt10109432,nm9987936
tt10109434,nm1590021
tt10109434,nm4976685
tt10109434,nm9117881
tt10109434,nm9987936
tt10109436,nm1590021
tt10109436,nm4976685
tt10109436,nm9117881
tt10109436,nm9987936
tt10109438,nm1590021
tt10109438,nm4976685
tt10109438,nm9117881
tt10109438,nm9987936
tt10109444,nm1590021
tt10109444,nm4976685
tt10109444,nm9117881
tt10109444,nm9987936
tt10109446,nm1590021
tt10109446,nm4976685
tt10109446,nm9117881
tt10109446,nm9987936
tt10109448,nm1590021
tt10109448,nm4976685
tt10109448,nm9117881
tt10109448,nm9987936
tt10109450,nm1590021
tt10109450,nm4976685
tt10109450,nm9117881
tt10109450,nm9987936
tt10109452,nm1590021
tt10109452,nm4976685
tt10109452,nm9117881
tt10109452,nm9987936
tt10109454,nm1590021
tt10109454,nm4976685
tt10109454,nm9117881
tt10109454,nm9987936
tt10109456,nm1590021
tt10109456,nm4976685
tt10109456,nm9117881
tt10109458,nm1590021
tt10109458,nm4976685
tt10109458,nm9117881
tt10109460,nm1590021
tt10109460,nm4976685
tt10109460,nm9117881
tt10109462,nm1590021
tt10109462,nm4976685
tt10109462,nm9117881
tt10109464,nm1590021
tt10109464,nm4976685
tt10109464,nm9117881
tt10109468,nm1590021
tt10109468,nm4976685
tt10109468,nm9117881
tt10109470,nm1590021
tt10109470,nm4976685
tt10109470,nm9117881
tt10109472,nm1590021
tt10109472,nm4976685
tt10109472,nm9117881
tt10109474,nm1590021
tt10109474,nm4976685
tt10109474,nm9117881
tt10109476,nm1590021
tt10109476,nm4976685
tt10109476,nm9117881
tt10109478,nm1590021
tt10109478,nm4976685
tt10109478,nm9117881
tt10109480,nm1590021
tt10109480,nm4976685
tt10109480,nm9117881
tt10109482,nm1590021
tt10109482,nm4976685
tt10109482,nm9117881
tt10109484,nm1590021
tt10109484,nm4976685
tt10109484,nm9117881
tt10109486,nm1590021
tt10109486,nm4976685
tt10109486,nm9117881
tt10109488,nm1590021
tt10109488,nm4976685
tt10109488,nm9117881
tt10109492,nm1590021
tt10109492,nm4976685
tt10109492,nm9117881
tt10109494,nm1590021
tt10109494,nm4976685
tt10109494,nm9117881
tt10109496,nm1590021
tt10109496,nm4976685
tt10109496,nm9117881
tt10109498,nm1590021
tt10109498,nm4976685
tt10109498,nm9117881
tt10109680,nm3783046
tt10109688,nm8652785
tt10109714,nm10374390
tt10109714,nm6168641
tt10109714,nm6168642
tt10109724,nm7977379
tt10109726,nm10374390
tt10109726,nm6168641
tt10109726,nm6168642
tt10109742,nm10374390
tt10109742,nm6168641
tt10109742,nm6168642
tt10109746,nm10374390
tt10109746,nm6168641
tt10109746,nm6168642
tt10109756,nm9178471
tt10109770,nm5326018
tt10109772,nm5326018
tt10109774,nm9178471
tt10109776,nm6307282
tt10109786,nm2623713
tt10109802,nm2623713
tt10109806,nm2623713
tt10109812,nm2623713
tt10109820,nm5636398
tt10109836,nm2159386
tt10109846,nm1618184
tt10109870,nm3053931
tt10109876,nm2413734
tt10109876,nm3505157
tt10109884,nm10648195
tt10109884,nm9822841
tt10109912,nm1279296
tt10109930,nm8445710
tt10109932,nm10585899
tt10109940,nm0430047
tt10109944,nm3328815
tt10109970,nm7024096
tt10110002,nm1279296
tt10110028,nm5977285
tt10110028,nm9492054
tt10110038,nm0430047
tt10110040,nm5977285
tt10110040,nm9492054
tt10110044,nm5977285
tt10110044,nm9492054
tt10110052,nm5977285
tt10110052,nm9492054
tt10110060,nm5977285
tt10110060,nm9492054
tt10110074,nm5977285
tt10110074,nm9492054
tt10110134,nm6616449
tt10110138,nm6616449
tt10110140,nm6703006
tt10110144,nm9653038
tt10110152,nm2954370
tt10110302,nm0430047
tt10110304,nm0053292
tt10110304,nm1201899
tt10110314,nm9593118
tt10110328,nm0430047
tt10110384,nm0053292
tt10110384,nm1201899
tt10110422,nm0053292
tt10110422,nm1201899
tt10110428,nm9822841
tt10110452,nm0430047
tt10110520,nm0430047
tt10110554,nm0430047
tt10110560,nm6909180
tt10110562,nm0430047
tt10110578,nm8917878
tt10110588,nm8917878
tt10110604,nm3328815
tt10110664,nm10586007
tt10110686,nm10560818
tt10110742,nm10586452
tt10110768,nm8016717
tt10110790,nm6928669
tt10110808,nm8016717
tt10110810,nm1181727
tt10110848,nm3410843
tt10110856,nm1181727
tt10110860,nm1181727
tt10110982,nm7842467
tt10111082,nm1181727
tt10111090,nm1181727
tt10111096,nm6808924
tt10111096,nm6831420
tt10111102,nm10579438
tt10111124,nm3365457
tt10111128,nm8122793
tt10111136,nm10579438
tt10111188,nm4516444
tt10111194,nm1361162
tt10111194,nm1362262
tt10111194,nm3761723
tt10111216,nm6621561
tt10111222,nm6667436
tt10111232,nm0607574
tt10111232,nm1361162
tt10111232,nm1362262
tt10111232,nm4495554
tt10111246,nm1361162
tt10111246,nm1362262
tt10111258,nm1170277
tt10111266,nm6652770
tt10111270,nm1315238
tt10111270,nm1930435
tt10111288,nm10173877
tt10111362,nm10571246
tt10111364,nm10571246
tt10111366,nm10571246
tt10111368,nm10571246
tt10111370,nm10571246
tt10111372,nm10571246
tt10111374,nm10571246
tt10111388,nm10586860
tt10111436,nm10586890
tt10111460,nm10586913
tt10111472,nm5046124
tt10111484,nm9058573
tt10111522,nm7755805
tt10111528,nm7116332
tt10111530,nm10586996
tt10111532,nm7737383
tt10111534,nm10586998
tt10111536,nm1867686
tt10111536,nm2847677
tt10111538,nm10586999
tt10111560,nm5345703
tt10111562,nm5345703
tt10111564,nm5345703
tt10111566,nm5345703
tt10111576,nm2081524
tt10111712,nm10587043
tt10111774,nm1505638
tt10111778,nm1505638
tt10111782,nm0053292
tt10111782,nm1201899
tt10111784,nm5655906
tt10111788,nm1505638
tt10111814,nm0882078
tt10111814,nm2849107
tt10111814,nm4387002
tt10111816,nm0882078
tt10111816,nm2849107
tt10111816,nm4387002
tt10111818,nm0882078
tt10111818,nm2849107
tt10111818,nm4387002
tt10111820,nm0882078
tt10111820,nm2849107
tt10111820,nm4387002
tt10111822,nm0882078
tt10111822,nm2849107
tt10111822,nm4387002
tt10111824,nm0882078
tt10111824,nm2849107
tt10111824,nm4387002
tt10111826,nm0882078
tt10111826,nm2849107
tt10111826,nm4387002
tt10111828,nm0882078
tt10111828,nm2849107
tt10111828,nm4387002
tt10111830,nm1601625
tt10111842,nm0035531
tt10111842,nm2517626
tt10111842,nm8742063
tt10111844,nm1601625
tt10111858,nm1601625
tt10111860,nm1601625
tt10111868,nm1601625
tt10111876,nm1601625
tt10111936,nm0035531
tt10111948,nm1011961
tt10111966,nm0969395
tt10111976,nm10571237
tt10111976,nm7329048
tt10111976,nm9529323
tt10111978,nm10571237
tt10111978,nm7329048
tt10111978,nm9529323
tt10111980,nm9213953
tt10111982,nm10571237
tt10111982,nm7329048
tt10111982,nm9529323
tt10111984,nm10571237
tt10111984,nm7329048
tt10111984,nm9529323
tt10111986,nm10571237
tt10111986,nm7329048
tt10111986,nm9529323
tt10111988,nm0458034
tt10112006,nm10587182
tt10112018,nm6919565
tt10112022,nm0458034
tt10112052,nm7196717
tt10112058,nm2198675
tt10112114,nm5475700
tt10112128,nm7127455
tt10112134,nm5475700
tt10112136,nm7329048
tt10112136,nm9529323
tt10112138,nm7329048
tt10112138,nm9529323
tt10112140,nm7329048
tt10112140,nm9529323
tt10112142,nm7329048
tt10112142,nm9529323
tt10112146,nm5475700
tt10112148,nm1357038
tt10112150,nm0592022
tt10112158,nm7931526
tt10112184,nm2758048
tt10112206,nm3491868
tt10112216,nm6905397
tt10112220,nm10588027
tt10112224,nm2434260
tt10112242,nm6905397
tt10112332,nm10587364
tt10112332,nm10587365
tt10112342,nm4362598
tt10112390,nm3778688
tt10112390,nm6520681
tt10112424,nm6520677
tt10112464,nm0389415
tt10112480,nm10587562
tt10112500,nm7127455
tt10112538,nm9724313
tt10112552,nm9642406
tt10112552,nm9642407
tt10112564,nm9642406
tt10112564,nm9642407
tt10112582,nm9642406
tt10112582,nm9642407
tt10112600,nm9642406
tt10112600,nm9642407
tt10112604,nm9642406
tt10112604,nm9642407
tt10112610,nm9642406
tt10112610,nm9642407
tt10112616,nm9642406
tt10112616,nm9642407
tt10112630,nm9642406
tt10112652,nm9642406
tt10112652,nm9642407
tt10112698,nm9642406
tt10112698,nm9642407
tt10112714,nm9642406
tt10112714,nm9642407
tt10112720,nm8874325
tt10112722,nm9642406
tt10112722,nm9642407
tt10112724,nm1590021
tt10112724,nm4976685
tt10112724,nm9117881
tt10112726,nm1590021
tt10112726,nm4976685
tt10112726,nm9117881
tt10112728,nm1590021
tt10112728,nm4976685
tt10112728,nm9117881
tt10112730,nm1590021
tt10112730,nm4976685
tt10112730,nm9117881
tt10112732,nm1590021
tt10112732,nm4976685
tt10112732,nm9117881
tt10112734,nm1590021
tt10112734,nm4976685
tt10112734,nm9117881
tt10112738,nm1590021
tt10112738,nm4976685
tt10112738,nm9117881
tt10112740,nm1590021
tt10112740,nm4976685
tt10112740,nm9117881
tt10112742,nm1590021
tt10112742,nm4976685
tt10112742,nm9117881
tt10112744,nm1590021
tt10112744,nm4976685
tt10112744,nm9117881
tt10112746,nm1590021
tt10112746,nm4976685
tt10112746,nm9117881
tt10112748,nm1590021
tt10112748,nm4976685
tt10112748,nm9117881
tt10112750,nm1590021
tt10112750,nm4976685
tt10112750,nm9117881
tt10112752,nm1590021
tt10112752,nm4976685
tt10112752,nm9117881
tt10112754,nm1590021
tt10112754,nm4976685
tt10112754,nm9117881
tt10112756,nm1590021
tt10112756,nm4976685
tt10112756,nm9117881
tt10112758,nm1590021
tt10112758,nm4976685
tt10112758,nm9117881
tt10112760,nm1590021
tt10112760,nm4976685
tt10112760,nm9117881
tt10112762,nm1590021
tt10112762,nm4976685
tt10112762,nm9117881
tt10112764,nm1590021
tt10112764,nm4976685
tt10112764,nm9117881
tt10112766,nm1590021
tt10112766,nm4976685
tt10112766,nm9117881
tt10112766,nm9987936
tt10112768,nm1590021
tt10112768,nm4976685
tt10112768,nm9117881
tt10112768,nm9987936
tt10112772,nm1590021
tt10112772,nm4976685
tt10112772,nm9117881
tt10112772,nm9987936
tt10112774,nm1590021
tt10112774,nm4976685
tt10112774,nm9117881
tt10112774,nm9987936
tt10112776,nm1590021
tt10112776,nm4976685
tt10112776,nm9117881
tt10112776,nm9987936
tt10112778,nm1590021
tt10112778,nm4976685
tt10112778,nm9117881
tt10112778,nm9987936
tt10112780,nm1590021
tt10112780,nm4976685
tt10112780,nm9117881
tt10112780,nm9987936
tt10112782,nm1590021
tt10112782,nm4976685
tt10112782,nm9117881
tt10112782,nm9987936
tt10112784,nm1590021
tt10112784,nm4976685
tt10112784,nm9117881
tt10112784,nm9987936
tt10112786,nm1590021
tt10112786,nm4976685
tt10112786,nm9117881
tt10112786,nm9987936
tt10112788,nm1590021
tt10112788,nm4976685
tt10112788,nm9117881
tt10112788,nm9987936
tt10112790,nm10562960
tt10112792,nm1590021
tt10112792,nm4976685
tt10112792,nm9117881
tt10112792,nm9987936
tt10112794,nm1590021
tt10112794,nm4976685
tt10112794,nm9117881
tt10112794,nm9987936
tt10112798,nm1590021
tt10112798,nm4976685
tt10112798,nm9117881
tt10112798,nm9987936
tt10112800,nm1590021
tt10112800,nm4976685
tt10112800,nm9117881
tt10112800,nm9987936
tt10112802,nm1590021
tt10112802,nm4976685
tt10112802,nm9117881
tt10112802,nm9987936
tt10112806,nm1590021
tt10112806,nm4976685
tt10112806,nm9117881
tt10112806,nm9987936
tt10112808,nm1590021
tt10112808,nm4976685
tt10112808,nm9117881
tt10112808,nm9987936
tt10112810,nm1590021
tt10112810,nm4976685
tt10112810,nm9117881
tt10112810,nm9987936
tt10112812,nm1590021
tt10112812,nm4976685
tt10112812,nm9117881
tt10112812,nm9987936
tt10112814,nm1590021
tt10112814,nm4976685
tt10112814,nm9117881
tt10112814,nm9987936
tt10112816,nm1590021
tt10112816,nm4976685
tt10112816,nm9117881
tt10112816,nm9987936
tt10112818,nm1590021
tt10112818,nm4976685
tt10112818,nm9117881
tt10112818,nm9987936
tt10112820,nm1590021
tt10112820,nm4976685
tt10112820,nm9117881
tt10112820,nm9987936
tt10112822,nm1590021
tt10112822,nm4976685
tt10112822,nm9117881
tt10112822,nm9987936
tt10112824,nm1590021
tt10112824,nm4976685
tt10112824,nm9117881
tt10112824,nm9987936
tt10112826,nm1590021
tt10112826,nm4976685
tt10112826,nm9117881
tt10112826,nm9987936
tt10112828,nm1590021
tt10112828,nm4976685
tt10112828,nm9117881
tt10112828,nm9987936
tt10112830,nm1590021
tt10112830,nm4976685
tt10112830,nm9117881
tt10112830,nm9987936
tt10112834,nm1590021
tt10112834,nm4976685
tt10112834,nm9117881
tt10112834,nm9987936
tt10112836,nm1590021
tt10112836,nm4976685
tt10112836,nm9117881
tt10112836,nm9987936
tt10112838,nm1590021
tt10112838,nm4976685
tt10112838,nm9117881
tt10112838,nm9987936
tt10112840,nm1590021
tt10112840,nm4976685
tt10112840,nm9117881
tt10112840,nm9987936
tt10112842,nm1590021
tt10112842,nm4976685
tt10112842,nm9117881
tt10112842,nm9987936
tt10112844,nm1590021
tt10112844,nm4976685
tt10112844,nm9117881
tt10112844,nm9987936
tt10112846,nm1590021
tt10112846,nm4976685
tt10112846,nm9117881
tt10112846,nm9987936
tt10112850,nm1590021
tt10112850,nm4976685
tt10112850,nm9117881
tt10112850,nm9987936
tt10112852,nm1590021
tt10112852,nm4976685
tt10112852,nm9117881
tt10112852,nm9987936
tt10112854,nm1590021
tt10112854,nm4976685
tt10112854,nm9117881
tt10112854,nm9987936
tt10112856,nm1590021
tt10112856,nm4976685
tt10112856,nm9117881
tt10112856,nm9987936
tt10112860,nm4976685
tt10112860,nm9117881
tt10112860,nm9987936
tt10112862,nm4976685
tt10112862,nm9117881
tt10112862,nm9987936
tt10112866,nm4976685
tt10112866,nm9117881
tt10112866,nm9987936
tt10112868,nm4976685
tt10112868,nm9117881
tt10112868,nm9987936
tt10112870,nm4976685
tt10112870,nm9117881
tt10112870,nm9987936
tt10112872,nm4976685
tt10112872,nm9117881
tt10112872,nm9987936
tt10112874,nm4976685
tt10112874,nm9117881
tt10112874,nm9987936
tt10112878,nm4976685
tt10112878,nm9117881
tt10112878,nm9987936
tt10112880,nm4976685
tt10112880,nm9117881
tt10112880,nm9987936
tt10112882,nm4976685
tt10112882,nm9117881
tt10112882,nm9987936
tt10112884,nm4976685
tt10112884,nm9117881
tt10112884,nm9987936
tt10112886,nm4976685
tt10112886,nm9117881
tt10112886,nm9987936
tt10112888,nm4976685
tt10112888,nm9117881
tt10112888,nm9987936
tt10112890,nm4976685
tt10112890,nm9117881
tt10112890,nm9987936
tt10112892,nm4976685
tt10112892,nm9117881
tt10112892,nm9987936
tt10112894,nm4976685
tt10112894,nm9117881
tt10112894,nm9987936
tt10112896,nm4976685
tt10112896,nm9117881
tt10112896,nm9987936
tt10112898,nm4976685
tt10112898,nm9117881
tt10112898,nm9987936
tt10112900,nm4976685
tt10112900,nm9117881
tt10112900,nm9987936
tt10112902,nm4976685
tt10112902,nm9117881
tt10112902,nm9987936
tt10112906,nm4976685
tt10112906,nm9117881
tt10112906,nm9987936
tt10112908,nm4976685
tt10112908,nm9117881
tt10112908,nm9987936
tt10112910,nm4976685
tt10112910,nm9117881
tt10112910,nm9987936
tt10112912,nm4976685
tt10112912,nm9117881
tt10112912,nm9987936
tt10112914,nm4976685
tt10112914,nm9117881
tt10112914,nm9987936
tt10112918,nm4976685
tt10112918,nm9117881
tt10112918,nm9987936
tt10112920,nm4976685
tt10112920,nm9117881
tt10112920,nm9987936
tt10112924,nm4976685
tt10112924,nm9117881
tt10112924,nm9987936
tt10112926,nm4976685
tt10112926,nm9117881
tt10112926,nm9987936
tt10112928,nm4976685
tt10112928,nm9117881
tt10112928,nm9987936
tt10112930,nm4976685
tt10112930,nm9117881
tt10112930,nm9987936
tt10112932,nm4976685
tt10112932,nm9117881
tt10112932,nm9987936
tt10112934,nm4976685
tt10112934,nm9117881
tt10112934,nm9987936
tt10112936,nm4976685
tt10112936,nm9117881
tt10112936,nm9987936
tt10112938,nm4976685
tt10112938,nm9117881
tt10112938,nm9987936
tt10112940,nm4976685
tt10112940,nm9117881
tt10112940,nm9987936
tt10112942,nm4976685
tt10112942,nm9117881
tt10112942,nm9987936
tt10112944,nm4976685
tt10112944,nm9117881
tt10112944,nm9987936
tt10112946,nm4976685
tt10112946,nm9117881
tt10112946,nm9987936
tt10112948,nm4976685
tt10112948,nm9117881
tt10112948,nm9987936
tt10113064,nm10527996
tt10113110,nm9884807
tt10113314,nm5934361
tt10113314,nm6119929
tt10113318,nm5934361
tt10113318,nm6119929
tt10113320,nm5934361
tt10113320,nm6119929
tt10113324,nm5934361
tt10113324,nm6119929
tt10113328,nm5934361
tt10113328,nm6119929
tt10113330,nm5934361
tt10113330,nm6119929
tt10113334,nm5934361
tt10113334,nm6119929
tt10113336,nm5934361
tt10113336,nm6119929
tt10113338,nm5934361
tt10113338,nm6119929
tt10113346,nm5934361
tt10113346,nm6119929
tt10113348,nm5934361
tt10113348,nm6119929
tt10113350,nm5934361
tt10113350,nm6119929
tt10113352,nm5934361
tt10113352,nm6119929
tt10113354,nm5934361
tt10113354,nm6119929
tt10113356,nm5934361
tt10113356,nm6119929
tt10113358,nm5934361
tt10113358,nm6119929
tt10113360,nm5934361
tt10113360,nm6119929
tt10113362,nm5934361
tt10113362,nm6119929
tt10113374,nm5934361
tt10113374,nm6119929
tt10113376,nm5934361
tt10113376,nm6119929
tt10113378,nm5934361
tt10113378,nm6119929
tt10113382,nm5934361
tt10113382,nm6119929
tt10113384,nm5934361
tt10113384,nm6119929
tt10113386,nm5934361
tt10113386,nm6119929
tt10113390,nm5934361
tt10113390,nm6119929
tt10113392,nm5934361
tt10113392,nm6119929
tt10113394,nm5934361
tt10113394,nm6119929
tt10113398,nm5934361
tt10113398,nm6119929
tt10113400,nm5934361
tt10113400,nm6119929
tt10113402,nm5934361
tt10113402,nm6119929
tt10113404,nm5934361
tt10113404,nm6119929
tt10113406,nm5934361
tt10113406,nm6119929
tt10113410,nm5934361
tt10113410,nm6119929
tt10113414,nm5934361
tt10113414,nm6119929
tt10113416,nm5934361
tt10113416,nm6119929
tt10113418,nm5934361
tt10113418,nm6119929
tt10113422,nm5934361
tt10113422,nm6119929
tt10113424,nm5934361
tt10113424,nm6119929
tt10113426,nm5934361
tt10113426,nm6119929
tt10113428,nm5934361
tt10113428,nm6119929
tt10113432,nm5934361
tt10113432,nm6119929
tt10113436,nm5934361
tt10113436,nm6119929
tt10113438,nm5934361
tt10113438,nm6119929
tt10113440,nm5934361
tt10113440,nm6119929
tt10113442,nm5934361
tt10113442,nm6119929
tt10113444,nm5934361
tt10113444,nm6119929
tt10113446,nm5934361
tt10113446,nm6119929
tt10113450,nm5934361
tt10113450,nm6119929
tt10113452,nm5934361
tt10113452,nm6119929
tt10113454,nm5934361
tt10113454,nm6119929
tt10113456,nm5934361
tt10113456,nm6119929
tt10113458,nm5934361
tt10113458,nm6119929
tt10113460,nm10527996
tt10113462,nm5934361
tt10113462,nm6119929
tt10113464,nm5934361
tt10113464,nm6119929
tt10113466,nm6289718
tt10113468,nm5934361
tt10113468,nm6119929
tt10113472,nm9987936
tt10113474,nm9987936
tt10113476,nm9987936
tt10113478,nm9987936
tt10113480,nm9987936
tt10113482,nm9987936
tt10113484,nm9987936
tt10113492,nm9987936
tt10113494,nm9987936
tt10113496,nm9987936
tt10113498,nm9987936
tt10113500,nm9987936
tt10113502,nm9987936
tt10113504,nm9987936
tt10113506,nm9987936
tt10113510,nm9987936
tt10113512,nm9987936
tt10113514,nm9987936
tt10113516,nm9987936
tt10113524,nm9987936
tt10113526,nm8706928
tt10113528,nm8706928
tt10113530,nm8706928
tt10113532,nm8706928
tt10113534,nm8706928
tt10113536,nm8706928
tt10113540,nm8706928
tt10113542,nm8706928
tt10113544,nm8706928
tt10113546,nm8706928
tt10113548,nm8706928
tt10113552,nm8706928
tt10113554,nm8706928
tt10113556,nm8706928
tt10113558,nm8706928
tt10113560,nm8706928
tt10113562,nm8706928
tt10113564,nm8706928
tt10113566,nm8706928
tt10113570,nm8706928
tt10113574,nm8706928
tt10113576,nm0038077
tt10113578,nm0038077
tt10113582,nm0038077
tt10113584,nm0038077
tt10113586,nm10527996
tt10113588,nm0038077
tt10113590,nm0038077
tt10113592,nm0038077
tt10113594,nm0038077
tt10113596,nm10587744
tt10113600,nm0038077
tt10113602,nm0038077
tt10113604,nm0038077
tt10113606,nm0038077
tt10113610,nm0038077
tt10113612,nm0038077
tt10113620,nm10527996
tt10113622,nm0038077
tt10113630,nm8706928
tt10113632,nm0038077
tt10113634,nm8706928
tt10113638,nm0038077
tt10113640,nm8706928
tt10113646,nm8706928
tt10113648,nm12842868
tt10113648,nm8706928
tt10113652,nm0038077
tt10113654,nm8706928
tt10113656,nm8706928
tt10113660,nm8706928
tt10113666,nm8706928
tt10113668,nm8706928
tt10113672,nm0038077
tt10113676,nm8706928
tt10113680,nm8706928
tt10113682,nm8706928
tt10113684,nm8706928
tt10113686,nm0038077
tt10113688,nm0038077
tt10113692,nm8706928
tt10113694,nm0038077
tt10113698,nm0038077
tt10113702,nm0038077
tt10113714,nm8706928
tt10113724,nm8706928
tt10113726,nm8706928
tt10113730,nm8706928
tt10113732,nm0099526
tt10113732,nm6520677
tt10113732,nm6573821
tt10113772,nm0099526
tt10113772,nm6520677
tt10113772,nm6573821
tt10113800,nm0099526
tt10113800,nm6520677
tt10113800,nm6573821
tt10113818,nm0099526
tt10113818,nm6520677
tt10113818,nm6573821
tt10113834,nm3828673
tt10113848,nm0099526
tt10113848,nm6520677
tt10113848,nm6573821
tt10113854,nm3828673
tt10113886,nm3828673
tt10113892,nm0099526
tt10113892,nm6520677
tt10113892,nm6573821
tt10113900,nm0099526
tt10113900,nm6520677
tt10113900,nm6573821
tt10113902,nm3828673
tt10113912,nm0099526
tt10113912,nm6520677
tt10113912,nm6573821
tt10113926,nm3828673
tt10113932,nm0038077
tt10113934,nm0038077
tt10113944,nm0038077
tt10113960,nm3828673
tt10113970,nm10553732
tt10113970,nm6870368
tt10113982,nm0099526
tt10113982,nm6520677
tt10113982,nm6573821
tt10113984,nm3828673
tt10113986,nm0099526
tt10113986,nm6520677
tt10113986,nm6573821
tt10113994,nm10631312
tt10113994,nm11741397
tt10113994,nm4027968
tt10113996,nm10631312
tt10113996,nm11741397
tt10113996,nm4027968
tt10113998,nm10631312
tt10113998,nm11741397
tt10113998,nm4027968
tt10114002,nm10631312
tt10114002,nm11741397
tt10114002,nm4027968
tt10114004,nm10631312
tt10114004,nm11741397
tt10114004,nm4027968
tt10114006,nm1136398
tt10114008,nm10631312
tt10114008,nm11741397
tt10114008,nm4027968
tt10114010,nm10631312
tt10114010,nm11741397
tt10114010,nm4027968
tt10114012,nm10631312
tt10114012,nm11741397
tt10114012,nm4027968
tt10114014,nm10631312
tt10114014,nm11741397
tt10114014,nm4027968
tt10114016,nm10631312
tt10114016,nm11741397
tt10114016,nm4027968
tt10114018,nm0099526
tt10114018,nm6520677
tt10114018,nm6573821
tt10114020,nm10631312
tt10114020,nm11741397
tt10114020,nm4027968
tt10114022,nm10631312
tt10114022,nm11741397
tt10114022,nm4027968
tt10114024,nm10631312
tt10114024,nm11741397
tt10114024,nm4027968
tt10114026,nm10631312
tt10114026,nm11741397
tt10114026,nm4027968
tt10114028,nm10631312
tt10114028,nm11741397
tt10114028,nm4027968
tt10114030,nm0099526
tt10114030,nm6520677
tt10114030,nm6573821
tt10114032,nm10631312
tt10114032,nm11741397
tt10114032,nm4027968
tt10114034,nm10631312
tt10114034,nm11741397
tt10114034,nm4027968
tt10114036,nm10631312
tt10114036,nm11741397
tt10114036,nm4027968
tt10114038,nm10631312
tt10114038,nm11741397
tt10114038,nm4027968
tt10114040,nm10631312
tt10114040,nm11741397
tt10114040,nm4027968
tt10114042,nm0099526
tt10114042,nm6520677
tt10114042,nm6573821
tt10114054,nm0099526
tt10114054,nm6520677
tt10114054,nm6573821
tt10114072,nm0099526
tt10114072,nm6520677
tt10114072,nm6573821
tt10114090,nm0099526
tt10114090,nm6520677
tt10114090,nm6573821
tt10114390,nm5417733
tt10114392,nm5417733
tt10114396,nm5417733
tt10114398,nm5417733
tt10114400,nm5417733
tt10114404,nm5417733
tt10114406,nm5417733
tt10114408,nm5417733
tt10114412,nm5417733
tt10114414,nm5417733
tt10114418,nm5417733
tt10114420,nm5417733
tt10114422,nm5417733
tt10114426,nm5417733
tt10114428,nm5417733
tt10114430,nm5417733
tt10114432,nm5417733
tt10114434,nm5417733
tt10114436,nm5417733
tt10114438,nm5417733
tt10114442,nm2749463
tt10114582,nm8136416
tt10114732,nm1960406
tt10114964,nm3778688
tt10114964,nm6520681
tt10115002,nm4684002
tt10115012,nm3778688
tt10115012,nm6520681
tt10115026,nm3778688
tt10115026,nm6520681
tt10115032,nm3778688
tt10115032,nm6520681
tt10115042,nm3778688
tt10115042,nm6520681
tt10115056,nm0655699
tt10115110,nm1037528
tt10115148,nm10587928
tt10115158,nm9642406
tt10115158,nm9642407
tt10115166,nm9593118
tt10115176,nm9593118
tt10115210,nm3470778
tt10115230,nm4301534
tt10115236,nm9593118
tt10115298,nm2933323
tt10115300,nm6409888
tt10115306,nm10527996
tt10115314,nm6021959
tt10115318,nm10527996
tt10115340,nm6021959
tt10115356,nm5694009
tt10115364,nm2966054
tt10115370,nm10588361
tt10115370,nm9493947
tt10115382,nm9417819
tt10115392,nm0099526
tt10115392,nm6520677
tt10115392,nm6573821
tt10115398,nm0099526
tt10115398,nm6520677
tt10115398,nm6573821
tt10115402,nm0099526
tt10115402,nm6520677
tt10115402,nm6573821
tt10115412,nm0099526
tt10115412,nm6520677
tt10115412,nm6573821
tt10115414,nm5113120
tt10115414,nm6018716
tt10115416,nm0099526
tt10115416,nm6520677
tt10115416,nm6573821
tt10115474,nm10445511
tt10115494,nm0316054
tt10115506,nm10527996
tt10115574,nm10527996
tt10115586,nm10588529
tt10115628,nm0461776
tt10115668,nm10588572
tt10115680,nm10588579
tt10115692,nm2966054
tt10115700,nm10584638
tt10115712,nm2966054
tt10115736,nm10582306
tt10115740,nm8812755
tt10115754,nm6083196
tt10115756,nm7895507
tt10115822,nm9015684
tt10115850,nm4962153
tt10115852,nm3169115
tt10115852,nm4820877
tt10115882,nm8201303
tt10115958,nm6407490
tt10116004,nm8582986
tt10116006,nm3312367
tt10116016,nm4781580
tt10116028,nm2966054
tt10116036,nm10579438
tt10116038,nm10155991
tt10116086,nm4931107
tt10116090,nm2966054
tt10116374,nm8774434
tt10116454,nm10589116
tt10116482,nm4832407
tt10116494,nm2008948
tt10116498,nm2008948
tt10116504,nm10459972
tt10116506,nm0802551
tt10116528,nm10589170
tt10116534,nm8524975
tt10116554,nm10589189
tt10116566,nm5597047
tt10116578,nm10589229
tt10116684,nm10589308
tt10116784,nm5990362
tt10116792,nm5542667
tt10116798,nm10589354
tt10116798,nm9546575
tt10116828,nm1181727
tt10116836,nm8901194
tt10116840,nm10588556
tt10116934,nm3500685
tt10116992,nm3757758
tt10117004,nm3757758
tt10117018,nm10540950
tt10117020,nm4300388
tt10117026,nm2198675
tt10117030,nm10540950
tt10117046,nm7504975
tt10117064,nm7504975
tt10117110,nm8715746
tt10117134,nm10076696
tt10117214,nm8941952
tt10117222,nm0299823
tt10117242,nm5655906
tt10117274,nm6409900
tt10117276,nm10052966
tt10117326,nm10436197
tt10117326,nm9888447
tt10117348,nm10590020
tt10117352,nm6841578
tt10117372,nm8815466
tt10117396,nm0348485
tt10117398,nm4904734
tt10117416,nm0245040
tt10117420,nm0245040
tt10117424,nm0245040
tt10117428,nm0245040
tt10117436,nm0245040
tt10117442,nm0245040
tt10117458,nm10392181
tt10117520,nm10590182
tt10117550,nm1049912
tt10117576,nm1033279
tt10117582,nm1033279
tt10117592,nm1033279
tt10117600,nm1033279
tt10117604,nm1033279
tt10117612,nm1033279
tt10117654,nm6686706
tt10117696,nm2866141
tt10117704,nm3227817
tt10117786,nm10567807
tt10117788,nm0773231
tt10117818,nm0773231
tt10117842,nm10567807
tt10117848,nm10585258
tt10117924,nm10590376
tt10118022,nm10590376
tt10118034,nm7903479
tt10118052,nm10590426
tt10118054,nm10590427
tt10118072,nm7903479
tt10118100,nm7903479
tt10118134,nm8276431
tt10118138,nm10590530
tt10118174,nm8582647
tt10118240,nm0655699
tt10118270,nm8349149
tt10118270,nm9272490
tt10118294,nm2633477
tt10118380,nm4513516
tt10118594,nm5417733
tt10118596,nm5417733
tt10118598,nm5417733
tt10118600,nm5417733
tt10118602,nm8715727
tt10118604,nm5417733
tt10118606,nm5417733
tt10118608,nm5417733
tt10118610,nm5417733
tt10118614,nm5417733
tt10118616,nm5417733
tt10118618,nm5417733
tt10118620,nm5417733
tt10118622,nm5417733
tt10118624,nm5417733
tt10118626,nm5417733
tt10118628,nm5417733
tt10118630,nm5417733
tt10118632,nm5417733
tt10118636,nm5417733
tt10118638,nm5417733
tt10118642,nm9464125
tt10118768,nm4420789
tt10118930,nm4420789
tt10118952,nm10631312
tt10118952,nm11741397
tt10118952,nm4027968
tt10118954,nm10631312
tt10118954,nm11741397
tt10118954,nm4027968
tt10118956,nm10631312
tt10118956,nm11741397
tt10118956,nm4027968
tt10118958,nm10631312
tt10118958,nm11741397
tt10118958,nm4027968
tt10118960,nm10631312
tt10118960,nm11741397
tt10118960,nm4027968
tt10118962,nm10631312
tt10118962,nm11741397
tt10118962,nm4027968
tt10118964,nm10631312
tt10118964,nm11741397
tt10118964,nm4027968
tt10118966,nm10631312
tt10118966,nm11741397
tt10118966,nm4027968
tt10118968,nm10631312
tt10118968,nm11741397
tt10118968,nm4027968
tt10118970,nm10631312
tt10118970,nm11741397
tt10118970,nm4027968
tt10118972,nm10631312
tt10118972,nm11741397
tt10118972,nm4027968
tt10118974,nm10631312
tt10118974,nm11741397
tt10118974,nm4027968
tt10118976,nm10631312
tt10118976,nm11741397
tt10118976,nm4027968
tt10118978,nm10631312
tt10118978,nm11741397
tt10118978,nm4027968
tt10118982,nm10631312
tt10118982,nm11741397
tt10118982,nm4027968
tt10118984,nm10631312
tt10118984,nm11741397
tt10118984,nm4027968
tt10118988,nm10631312
tt10118988,nm11741397
tt10118988,nm4027968
tt10118990,nm10631312
tt10118990,nm11741397
tt10118990,nm4027968
tt10118992,nm10631312
tt10118992,nm11741397
tt10118992,nm4027968
tt10118994,nm10631312
tt10118994,nm11741397
tt10118994,nm4027968
tt10119028,nm9965442
tt10119044,nm10391714
tt10119146,nm2452601
tt10119164,nm10530992
tt10119202,nm0415961
tt10119222,nm8706928
tt10119224,nm8706928
tt10119226,nm0415961
tt10119228,nm8706928
tt10119230,nm8706928
tt10119232,nm8706928
tt10119234,nm8706928
tt10119236,nm8706928
tt10119238,nm8706928
tt10119240,nm8706928
tt10119242,nm8706928
tt10119246,nm8706928
tt10119248,nm8706928
tt10119250,nm8706928
tt10119252,nm8706928
tt10119254,nm8706928
tt10119256,nm8706928
tt10119258,nm8706928
tt10119260,nm8706928
tt10119262,nm8706928
tt10119264,nm8706928
tt10119268,nm0415961
tt10119272,nm8706928
tt10119274,nm8706928
tt10119276,nm8706928
tt10119278,nm8706928
tt10119280,nm8706928
tt10119282,nm8706928
tt10119286,nm8706928
tt10119288,nm8706928
tt10119290,nm8706928
tt10119292,nm8706928
tt10119294,nm8706928
tt10119296,nm8706928
tt10119298,nm8706928
tt10119300,nm8706928
tt10119302,nm8706928
tt10119304,nm8706928
tt10119306,nm8706928
tt10119308,nm8706928
tt10119310,nm8706928
tt10119312,nm8706928
tt10119314,nm0415961
tt10119318,nm9987936
tt10119320,nm9987936
tt10119322,nm9987936
tt10119324,nm9987936
tt10119326,nm9987936
tt10119328,nm9987936
tt10119330,nm9987936
tt10119332,nm9987936
tt10119334,nm9987936
tt10119336,nm9987936
tt10119338,nm9987936
tt10119340,nm9987936
tt10119342,nm0415961
tt10119344,nm9987936
tt10119346,nm9987936
tt10119348,nm9987936
tt10119350,nm9987936
tt10119352,nm9987936
tt10119354,nm9987936
tt10119360,nm9987936
tt10119362,nm9987936
tt10119366,nm9987936
tt10119368,nm9987936
tt10119370,nm0415961
tt10119372,nm9987936
tt10119374,nm0415961
tt10119376,nm5934361
tt10119376,nm6119929
tt10119378,nm5934361
tt10119378,nm6119929
tt10119380,nm5934361
tt10119380,nm6119929
tt10119382,nm5934361
tt10119382,nm6119929
tt10119384,nm5934361
tt10119384,nm6119929
tt10119386,nm5934361
tt10119386,nm6119929
tt10119388,nm0415961
tt10119390,nm5934361
tt10119390,nm6119929
tt10119392,nm5934361
tt10119392,nm6119929
tt10119394,nm5934361
tt10119394,nm6119929
tt10119396,nm5934361
tt10119396,nm6119929
tt10119398,nm5934361
tt10119398,nm6119929
tt10119404,nm5934361
tt10119404,nm6119929
tt10119406,nm5934361
tt10119406,nm6119929
tt10119408,nm5934361
tt10119408,nm6119929
tt10119410,nm5934361
tt10119410,nm6119929
tt10119412,nm5934361
tt10119412,nm6119929
tt10119414,nm5934361
tt10119414,nm6119929
tt10119420,nm5934361
tt10119420,nm6119929
tt10119426,nm5934361
tt10119426,nm6119929
tt10119428,nm5934361
tt10119428,nm6119929
tt10119430,nm5934361
tt10119430,nm6119929
tt10119432,nm5934361
tt10119432,nm6119929
tt10119434,nm5934361
tt10119434,nm6119929
tt10119436,nm5934361
tt10119436,nm6119929
tt10119438,nm5934361
tt10119438,nm6119929
tt10119440,nm5934361
tt10119440,nm6119929
tt10119442,nm5934361
tt10119442,nm6119929
tt10119444,nm5934361
tt10119444,nm6119929
tt10119446,nm5934361
tt10119446,nm6119929
tt10119448,nm5934361
tt10119448,nm6119929
tt10119450,nm5934361
tt10119450,nm6119929
tt10119452,nm5934361
tt10119452,nm6119929
tt10119454,nm5934361
tt10119454,nm6119929
tt10119456,nm5934361
tt10119456,nm6119929
tt10119458,nm5934361
tt10119458,nm6119929
tt10119472,nm5934361
tt10119472,nm6119929
tt10119474,nm5934361
tt10119474,nm6119929
tt10119486,nm9547631
tt10119494,nm5934361
tt10119494,nm6119929
tt10119496,nm5934361
tt10119496,nm6119929
tt10119500,nm5934361
tt10119500,nm6119929
tt10119502,nm5934361
tt10119502,nm6119929
tt10119504,nm5934361
tt10119504,nm6119929
tt10119506,nm5934361
tt10119506,nm6119929
tt10119508,nm5934361
tt10119508,nm6119929
tt10119510,nm10590794
tt10119514,nm5934361
tt10119514,nm6119929
tt10119518,nm5934361
tt10119518,nm6119929
tt10119520,nm5934361
tt10119520,nm6119929
tt10119522,nm5934361
tt10119522,nm6119929
tt10119524,nm5934361
tt10119524,nm6119929
tt10119526,nm5934361
tt10119526,nm6119929
tt10119552,nm2699016
tt10119556,nm9039659
tt10119564,nm5934361
tt10119564,nm6119929
tt10119568,nm5934361
tt10119568,nm6119929
tt10119570,nm5934361
tt10119570,nm6119929
tt10119572,nm5934361
tt10119572,nm6119929
tt10119574,nm5934361
tt10119574,nm6119929
tt10119576,nm5934361
tt10119576,nm6119929
tt10119578,nm5934361
tt10119578,nm6119929
tt10119580,nm5934361
tt10119580,nm6119929
tt10119582,nm5934361
tt10119582,nm6119929
tt10119632,nm4578929
tt10119726,nm10590830
tt10119738,nm4976685
tt10119738,nm9117881
tt10119738,nm9987936
tt10119740,nm4976685
tt10119740,nm9117881
tt10119740,nm9987936
tt10119742,nm4976685
tt10119742,nm9117881
tt10119742,nm9987936
tt10119744,nm4976685
tt10119744,nm9117881
tt10119744,nm9987936
tt10119746,nm4976685
tt10119746,nm9117881
tt10119746,nm9987936
tt10119748,nm4976685
tt10119748,nm9117881
tt10119748,nm9987936
tt10119750,nm4976685
tt10119750,nm9117881
tt10119750,nm9987936
tt10119752,nm4976685
tt10119752,nm9117881
tt10119752,nm9987936
tt10119754,nm4976685
tt10119754,nm9117881
tt10119754,nm9987936
tt10119756,nm4976685
tt10119756,nm9117881
tt10119756,nm9987936
tt10119758,nm4976685
tt10119758,nm9117881
tt10119758,nm9987936
tt10119760,nm4976685
tt10119760,nm9117881
tt10119760,nm9987936
tt10119762,nm4976685
tt10119762,nm9117881
tt10119762,nm9987936
tt10119764,nm4976685
tt10119764,nm9117881
tt10119764,nm9987936
tt10119766,nm4976685
tt10119766,nm9117881
tt10119766,nm9987936
tt10119770,nm4976685
tt10119770,nm9117881
tt10119770,nm9987936
tt10119772,nm4976685
tt10119772,nm9117881
tt10119772,nm9987936
tt10119774,nm4976685
tt10119774,nm9117881
tt10119774,nm9987936
tt10119776,nm4976685
tt10119776,nm9117881
tt10119776,nm9987936
tt10119778,nm4976685
tt10119778,nm9117881
tt10119778,nm9987936
tt10119780,nm2966054
tt10119782,nm4976685
tt10119782,nm9117881
tt10119782,nm9987936
tt10119784,nm4976685
tt10119784,nm9117881
tt10119784,nm9987936
tt10119786,nm4976685
tt10119786,nm9117881
tt10119786,nm9987936
tt10119788,nm4976685
tt10119788,nm9117881
tt10119788,nm9987936
tt10119790,nm4976685
tt10119790,nm9117881
tt10119790,nm9987936
tt10119792,nm4976685
tt10119792,nm9117881
tt10119792,nm9987936
tt10119794,nm4976685
tt10119794,nm9117881
tt10119794,nm9987936
tt10119796,nm4976685
tt10119796,nm9117881
tt10119796,nm9987936
tt10119798,nm4976685
tt10119798,nm9117881
tt10119798,nm9987936
tt10119800,nm4976685
tt10119800,nm9117881
tt10119800,nm9987936
tt10119802,nm4976685
tt10119802,nm9117881
tt10119802,nm9987936
tt10119804,nm4976685
tt10119804,nm9117881
tt10119804,nm9987936
tt10119806,nm4976685
tt10119806,nm9117881
tt10119806,nm9987936
tt10119808,nm4976685
tt10119808,nm9117881
tt10119808,nm9987936
tt10119810,nm4976685
tt10119810,nm9117881
tt10119810,nm9987936
tt10119812,nm4976685
tt10119812,nm9117881
tt10119812,nm9987936
tt10119814,nm4976685
tt10119814,nm9117881
tt10119814,nm9987936
tt10119816,nm4976685
tt10119816,nm9117881
tt10119816,nm9987936
tt10119818,nm4976685
tt10119818,nm9117881
tt10119818,nm9987936
tt10119820,nm4976685
tt10119820,nm9117881
tt10119820,nm9987936
tt10119822,nm1590021
tt10119822,nm4976685
tt10119822,nm9117881
tt10119822,nm9987936
tt10119824,nm1590021
tt10119824,nm4976685
tt10119824,nm9117881
tt10119824,nm9987936
tt10119826,nm1590021
tt10119826,nm4976685
tt10119826,nm9117881
tt10119826,nm9987936
tt10119828,nm1590021
tt10119828,nm4976685
tt10119828,nm9117881
tt10119828,nm9987936
tt10119830,nm1590021
tt10119830,nm4976685
tt10119830,nm9117881
tt10119830,nm9987936
tt10119832,nm1590021
tt10119832,nm4976685
tt10119832,nm9117881
tt10119832,nm9987936
tt10119834,nm1590021
tt10119834,nm4976685
tt10119834,nm9117881
tt10119834,nm9987936
tt10119836,nm1590021
tt10119836,nm4976685
tt10119836,nm9117881
tt10119836,nm9987936
tt10119838,nm1590021
tt10119838,nm4976685
tt10119838,nm9117881
tt10119838,nm9987936
tt10119840,nm1590021
tt10119840,nm4976685
tt10119840,nm9117881
tt10119840,nm9987936
tt10119842,nm1590021
tt10119842,nm4976685
tt10119842,nm9117881
tt10119842,nm9987936
tt10119844,nm1590021
tt10119844,nm4976685
tt10119844,nm9117881
tt10119844,nm9987936
tt10119848,nm1590021
tt10119848,nm4976685
tt10119848,nm9117881
tt10119848,nm9987936
tt10119850,nm1590021
tt10119850,nm4976685
tt10119850,nm9117881
tt10119850,nm9987936
tt10119852,nm1590021
tt10119852,nm4976685
tt10119852,nm9117881
tt10119852,nm9987936
tt10119854,nm1590021
tt10119854,nm4976685
tt10119854,nm9117881
tt10119854,nm9987936
tt10119856,nm1590021
tt10119856,nm4976685
tt10119856,nm9117881
tt10119856,nm9987936
tt10119858,nm1590021
tt10119858,nm4976685
tt10119858,nm9117881
tt10119858,nm9987936
tt10119860,nm1590021
tt10119860,nm4976685
tt10119860,nm9117881
tt10119860,nm9987936
tt10119862,nm1590021
tt10119862,nm4976685
tt10119862,nm9117881
tt10119862,nm9987936
tt10119864,nm1590021
tt10119864,nm4976685
tt10119864,nm9117881
tt10119864,nm9987936
tt10119866,nm1590021
tt10119866,nm4976685
tt10119866,nm9117881
tt10119866,nm9987936
tt10119868,nm1590021
tt10119868,nm4976685
tt10119868,nm9117881
tt10119868,nm9987936
tt10119870,nm1590021
tt10119870,nm4976685
tt10119870,nm9117881
tt10119870,nm9987936
tt10119872,nm1590021
tt10119872,nm4976685
tt10119872,nm9117881
tt10119872,nm9987936
tt10119874,nm1590021
tt10119874,nm4976685
tt10119874,nm9117881
tt10119874,nm9987936
tt10119876,nm1590021
tt10119876,nm4976685
tt10119876,nm9117881
tt10119876,nm9987936
tt10119878,nm1590021
tt10119878,nm4976685
tt10119878,nm9117881
tt10119878,nm9987936
tt10119880,nm1590021
tt10119880,nm4976685
tt10119880,nm9117881
tt10119880,nm9987936
tt10119884,nm1590021
tt10119884,nm4976685
tt10119884,nm9117881
tt10119884,nm9987936
tt10119886,nm1590021
tt10119886,nm4976685
tt10119886,nm9117881
tt10119886,nm9987936
tt10119888,nm1590021
tt10119888,nm4976685
tt10119888,nm9117881
tt10119888,nm9987936
tt10119890,nm1590021
tt10119890,nm4976685
tt10119890,nm9117881
tt10119890,nm9987936
tt10119892,nm1590021
tt10119892,nm4976685
tt10119892,nm9117881
tt10119892,nm9987936
tt10119894,nm1590021
tt10119894,nm4976685
tt10119894,nm9117881
tt10119894,nm9987936
tt10119896,nm1590021
tt10119896,nm4976685
tt10119896,nm9117881
tt10119896,nm9987936
tt10119898,nm1590021
tt10119898,nm4976685
tt10119898,nm9117881
tt10119898,nm9987936
tt10119900,nm1590021
tt10119900,nm4976685
tt10119900,nm9117881
tt10119900,nm9987936
tt10119906,nm1590021
tt10119906,nm4976685
tt10119906,nm9117881
tt10119906,nm9987936
tt10119910,nm1590021
tt10119910,nm4976685
tt10119910,nm9117881
tt10119910,nm9987936
tt10119914,nm1590021
tt10119914,nm4976685
tt10119914,nm9117881
tt10119916,nm1590021
tt10119916,nm4976685
tt10119916,nm9117881
tt10119918,nm1590021
tt10119918,nm4976685
tt10119918,nm9117881
tt10119920,nm1590021
tt10119920,nm4976685
tt10119920,nm9117881
tt10119922,nm1590021
tt10119922,nm4976685
tt10119922,nm9117881
tt10119924,nm1590021
tt10119924,nm4976685
tt10119924,nm9117881
tt10119926,nm1590021
tt10119926,nm4976685
tt10119926,nm9117881
tt10119928,nm1590021
tt10119928,nm4976685
tt10119928,nm9117881
tt10119930,nm1590021
tt10119930,nm4976685
tt10119930,nm9117881
tt10119932,nm1590021
tt10119932,nm4976685
tt10119932,nm9117881
tt10119934,nm1590021
tt10119934,nm4976685
tt10119934,nm9117881
tt10119936,nm1590021
tt10119936,nm4976685
tt10119936,nm9117881
tt10119938,nm1590021
tt10119938,nm4976685
tt10119938,nm9117881
tt10119940,nm1590021
tt10119940,nm4976685
tt10119940,nm9117881
tt10119942,nm1590021
tt10119942,nm4976685
tt10119942,nm9117881
tt10119944,nm1590021
tt10119944,nm4976685
tt10119944,nm9117881
tt10119946,nm1590021
tt10119946,nm4976685
tt10119946,nm9117881
tt10119948,nm1590021
tt10119948,nm4976685
tt10119948,nm9117881
tt10119950,nm1590021
tt10119950,nm4976685
tt10119950,nm9117881
tt10119952,nm1590021
tt10119952,nm4976685
tt10119952,nm9117881
tt10120130,nm8154693
tt10120162,nm1181727
tt10120330,nm10590710
tt10120344,nm10590710
tt10120344,nm10590968
tt10120344,nm10590970
tt10120346,nm10590710
tt10120348,nm10590711
tt10120378,nm10587982
tt10120420,nm3982372
tt10120428,nm3982372
tt10120448,nm3982372
tt10120462,nm3801633
tt10120462,nm4676477
tt10120484,nm10591169
tt10120504,nm10591181
tt10120504,nm11557580
tt10120504,nm4894302
tt10120552,nm1956835
tt10120604,nm10591226
tt10120608,nm1375928
tt10120620,nm0423286
tt10120654,nm0679739
tt10120678,nm0056789
tt10120696,nm2851641
tt10120706,nm0056789
tt10120724,nm9015684
tt10120730,nm0056789
tt10120734,nm1680305
tt10120734,nm4383633
tt10120738,nm9015684
tt10120754,nm0056789
tt10120758,nm10588572
tt10120760,nm0056789
tt10120772,nm9924683
tt10120774,nm10591225
tt10120780,nm0056789
tt10120790,nm3055825
tt10120802,nm10591327
tt10120884,nm2523154
tt10120908,nm1628590
tt10120910,nm10591363
tt10120934,nm10570207
tt10120950,nm4854086
tt10120976,nm10591414
tt10120984,nm1308213
tt10120994,nm10591443
tt10121006,nm9015684
tt10121010,nm9015684
tt10121012,nm6416551
tt10121018,nm9015684
tt10121044,nm6828303
tt10121046,nm2217525
tt10121048,nm9015684
tt10121054,nm9015684
tt10121060,nm7827448
tt10121070,nm9015684
tt10121082,nm9015684
tt10121092,nm9015684
tt10121096,nm7681042
tt10121098,nm9015684
tt10121100,nm3301035
tt10121104,nm9015684
tt10121116,nm9015684
tt10121136,nm6828303
tt10121166,nm10591609
tt10121174,nm4917368
tt10121212,nm10591226
tt10121256,nm1832683
tt10121256,nm1930995
tt10121260,nm7800042
tt10121266,nm6828303
tt10121276,nm7800042
tt10121304,nm1832683
tt10121304,nm1930995
tt10121308,nm0646019
tt10121314,nm0646019
tt10121324,nm6984522
tt10121334,nm0646019
tt10121386,nm10591782
tt10121406,nm10591782
tt10121418,nm8861685
tt10121438,nm1181727
tt10121462,nm1181727
tt10121636,nm0056789
tt10121642,nm3626959
tt10121642,nm4465970
tt10121684,nm0056789
tt10121698,nm5826521
tt10121726,nm0056789
tt10121728,nm0899169
tt10121732,nm0056789
tt10121742,nm0436784
tt10121756,nm0056789
tt10121756,nm1368866
tt10121758,nm0052054
tt10121758,nm4690224
tt10121760,nm10592111
tt10121764,nm0056789
tt10121780,nm0056789
tt10121784,nm10583549
tt10121784,nm10822845
tt10121852,nm10592182
tt10121880,nm7216907
tt10121900,nm1361162
tt10121900,nm1362262
tt10121910,nm10587119
tt10121910,nm2629835
tt10121916,nm1361162
tt10121916,nm1362262
tt10121936,nm1361162
tt10121936,nm1362262
tt10121956,nm10231401
tt10121956,nm1361162
tt10121968,nm1361162
tt10121968,nm3761723
tt10121968,nm5631359
tt10121992,nm6452762
tt10121992,nm6740536
tt10121996,nm6452762
tt10121996,nm6740536
tt10121998,nm6452762
tt10121998,nm6740536
tt10122002,nm6452762
tt10122002,nm6740536
tt10122004,nm6452762
tt10122004,nm6740536
tt10122006,nm6452762
tt10122006,nm6740536
tt10122010,nm0655699
tt10122014,nm6452762
tt10122014,nm6740536
tt10122018,nm6452762
tt10122018,nm6740536
tt10122022,nm6452762
tt10122022,nm6740536
tt10122024,nm6452762
tt10122024,nm6740536
tt10122068,nm2043837
tt10122070,nm2043837
tt10122078,nm4287924
tt10122100,nm6504776
tt10122106,nm9872623
tt10122112,nm4033418
tt10122132,nm6504776
tt10122148,nm6504776
tt10122186,nm10592366
tt10122186,nm11828294
tt10122192,nm10592372
tt10122244,nm9464125
tt10122246,nm9464125
tt10122256,nm9464125
tt10122260,nm9464125
tt10122332,nm10592486
tt10122366,nm1936604
tt10122374,nm0458034
tt10122374,nm2198675
tt10122384,nm0458034
tt10122384,nm2198675
tt10122386,nm0458034
tt10122386,nm2198675
tt10122388,nm0458034
tt10122402,nm5844907
tt10122452,nm9670417
tt10122468,nm4064592
tt10122490,nm3224928
tt10122498,nm9628825
tt10122514,nm10354531
tt10122548,nm0081935
tt10122612,nm2193141
tt10122614,nm11314668
tt10122614,nm12556026
tt10122614,nm3137290
tt10122614,nm8706928
tt10122652,nm0082699
tt10122670,nm14631648
tt10122688,nm10574445
tt10122694,nm0082699
tt10122700,nm10574445
tt10122710,nm2588948
tt10122736,nm2493744
tt10122736,nm9578245
tt10122746,nm3211207
tt10122752,nm3211207
tt10122764,nm3211207
tt10122870,nm10592796
tt10122870,nm1699755
tt10122870,nm8472006
tt10122884,nm3982372
tt10122884,nm5378297
tt10122896,nm4050105
tt10122904,nm3982372
tt10122926,nm10592817
tt10122944,nm0679739
tt10122956,nm10592834
tt10123208,nm1590021
tt10123208,nm4976685
tt10123208,nm9117881
tt10123210,nm1590021
tt10123210,nm4976685
tt10123210,nm9117881
tt10123212,nm1590021
tt10123212,nm4976685
tt10123212,nm9117881
tt10123214,nm1590021
tt10123214,nm4976685
tt10123214,nm9117881
tt10123216,nm1590021
tt10123216,nm4976685
tt10123216,nm9117881
tt10123218,nm1590021
tt10123218,nm4976685
tt10123218,nm9117881
tt10123220,nm1590021
tt10123220,nm4976685
tt10123220,nm9117881
tt10123222,nm1590021
tt10123222,nm4976685
tt10123222,nm9117881
tt10123224,nm1590021
tt10123224,nm4976685
tt10123224,nm9117881
tt10123226,nm1590021
tt10123226,nm4976685
tt10123226,nm9117881
tt10123228,nm1590021
tt10123228,nm4976685
tt10123228,nm9117881
tt10123230,nm1590021
tt10123230,nm4976685
tt10123230,nm9117881
tt10123232,nm1590021
tt10123232,nm4976685
tt10123232,nm9117881
tt10123234,nm1590021
tt10123234,nm4976685
tt10123234,nm9117881
tt10123238,nm1590021
tt10123238,nm4976685
tt10123238,nm9117881
tt10123240,nm1590021
tt10123240,nm4976685
tt10123240,nm9117881
tt10123242,nm1590021
tt10123242,nm4976685
tt10123242,nm9117881
tt10123244,nm1590021
tt10123244,nm4976685
tt10123244,nm9117881
tt10123248,nm1590021
tt10123248,nm3246845
tt10123248,nm4976685
tt10123248,nm9117881
tt10123250,nm1590021
tt10123250,nm4976685
tt10123250,nm9117881
tt10123252,nm1590021
tt10123252,nm4976685
tt10123252,nm9117881
tt10123252,nm9987936
tt10123254,nm1590021
tt10123254,nm4976685
tt10123254,nm9117881
tt10123254,nm9987936
tt10123256,nm1590021
tt10123256,nm4976685
tt10123256,nm9117881
tt10123256,nm9987936
tt10123258,nm1590021
tt10123258,nm4976685
tt10123258,nm9117881
tt10123258,nm9987936
tt10123260,nm1590021
tt10123260,nm4976685
tt10123260,nm9117881
tt10123260,nm9987936
tt10123262,nm1590021
tt10123262,nm4976685
tt10123262,nm9117881
tt10123262,nm9987936
tt10123266,nm1590021
tt10123266,nm4976685
tt10123266,nm9117881
tt10123266,nm9987936
tt10123270,nm1590021
tt10123270,nm4976685
tt10123270,nm9117881
tt10123270,nm9987936
tt10123272,nm1590021
tt10123272,nm4976685
tt10123272,nm9117881
tt10123272,nm9987936
tt10123274,nm1590021
tt10123274,nm4976685
tt10123274,nm9117881
tt10123274,nm9987936
tt10123276,nm1590021
tt10123276,nm4976685
tt10123276,nm9117881
tt10123276,nm9987936
tt10123278,nm1590021
tt10123278,nm4976685
tt10123278,nm9117881
tt10123278,nm9987936
tt10123280,nm1590021
tt10123280,nm4976685
tt10123280,nm9117881
tt10123280,nm9987936
tt10123282,nm1590021
tt10123282,nm4976685
tt10123282,nm9117881
tt10123282,nm9987936
tt10123286,nm1590021
tt10123286,nm4976685
tt10123286,nm9117881
tt10123286,nm9987936
tt10123288,nm1590021
tt10123288,nm4976685
tt10123288,nm9117881
tt10123288,nm9987936
tt10123290,nm1590021
tt10123290,nm4976685
tt10123290,nm9117881
tt10123290,nm9987936
tt10123294,nm1590021
tt10123294,nm4976685
tt10123294,nm9117881
tt10123294,nm9987936
tt10123296,nm1590021
tt10123296,nm4976685
tt10123296,nm9117881
tt10123296,nm9987936
tt10123298,nm1590021
tt10123298,nm4976685
tt10123298,nm9117881
tt10123298,nm9987936
tt10123300,nm1590021
tt10123300,nm4976685
tt10123300,nm9117881
tt10123300,nm9987936
tt10123302,nm1590021
tt10123302,nm4976685
tt10123302,nm9117881
tt10123302,nm9987936
tt10123304,nm1590021
tt10123304,nm4976685
tt10123304,nm9117881
tt10123304,nm9987936
tt10123306,nm1590021
tt10123306,nm4976685
tt10123306,nm9117881
tt10123306,nm9987936
tt10123308,nm1590021
tt10123308,nm4976685
tt10123308,nm9117881
tt10123308,nm9987936
tt10123310,nm1590021
tt10123310,nm4976685
tt10123310,nm9117881
tt10123310,nm9987936
tt10123312,nm1590021
tt10123312,nm4976685
tt10123312,nm9117881
tt10123312,nm9987936
tt10123314,nm1590021
tt10123314,nm4976685
tt10123314,nm9117881
tt10123314,nm9987936
tt10123316,nm1590021
tt10123316,nm4976685
tt10123316,nm9117881
tt10123316,nm9987936
tt10123320,nm1590021
tt10123320,nm4976685
tt10123320,nm9117881
tt10123320,nm9987936
tt10123322,nm1590021
tt10123322,nm4976685
tt10123322,nm9117881
tt10123322,nm9987936
tt10123324,nm1590021
tt10123324,nm4976685
tt10123324,nm9117881
tt10123324,nm9987936
tt10123326,nm1590021
tt10123326,nm4976685
tt10123326,nm9117881
tt10123326,nm9987936
tt10123328,nm1590021
tt10123328,nm4976685
tt10123328,nm9117881
tt10123328,nm9987936
tt10123330,nm1590021
tt10123330,nm4976685
tt10123330,nm9117881
tt10123330,nm9987936
tt10123332,nm1590021
tt10123332,nm4976685
tt10123332,nm9117881
tt10123332,nm9987936
tt10123334,nm1590021
tt10123334,nm4976685
tt10123334,nm9117881
tt10123334,nm9987936
tt10123336,nm1590021
tt10123336,nm4976685
tt10123336,nm9117881
tt10123336,nm9987936
tt10123338,nm1590021
tt10123338,nm4976685
tt10123338,nm9117881
tt10123338,nm9987936
tt10123340,nm1590021
tt10123340,nm4976685
tt10123340,nm9117881
tt10123340,nm9987936
tt10123344,nm4976685
tt10123344,nm9117881
tt10123344,nm9987936
tt10123346,nm4976685
tt10123346,nm9117881
tt10123346,nm9987936
tt10123348,nm4976685
tt10123348,nm9117881
tt10123348,nm9987936
tt10123350,nm4976685
tt10123350,nm9117881
tt10123350,nm9987936
tt10123352,nm4976685
tt10123352,nm9117881
tt10123352,nm9987936
tt10123356,nm4976685
tt10123356,nm9117881
tt10123356,nm9987936
tt10123358,nm4976685
tt10123358,nm9117881
tt10123358,nm9987936
tt10123360,nm4976685
tt10123360,nm9117881
tt10123360,nm9987936
tt10123362,nm4976685
tt10123362,nm9117881
tt10123362,nm9987936
tt10123364,nm4976685
tt10123364,nm9117881
tt10123364,nm9987936
tt10123366,nm4976685
tt10123366,nm9117881
tt10123366,nm9987936
tt10123368,nm4976685
tt10123368,nm9117881
tt10123368,nm9987936
tt10123370,nm4976685
tt10123370,nm9117881
tt10123370,nm9987936
tt10123372,nm4976685
tt10123372,nm9117881
tt10123372,nm9987936
tt10123374,nm4976685
tt10123374,nm9117881
tt10123374,nm9987936
tt10123378,nm4976685
tt10123378,nm9117881
tt10123378,nm9987936
tt10123380,nm4976685
tt10123380,nm9117881
tt10123380,nm9987936
tt10123386,nm4976685
tt10123386,nm9117881
tt10123386,nm9987936
tt10123388,nm4976685
tt10123388,nm9117881
tt10123388,nm9987936
tt10123390,nm4976685
tt10123390,nm9117881
tt10123390,nm9987936
tt10123398,nm4976685
tt10123398,nm9117881
tt10123398,nm9987936
tt10123402,nm4976685
tt10123402,nm9117881
tt10123402,nm9987936
tt10123404,nm4976685
tt10123404,nm9117881
tt10123404,nm9987936
tt10123410,nm4976685
tt10123410,nm9117881
tt10123410,nm9987936
tt10123412,nm4976685
tt10123412,nm9117881
tt10123412,nm9987936
tt10123416,nm4976685
tt10123416,nm9117881
tt10123416,nm9987936
tt10123420,nm4976685
tt10123420,nm9117881
tt10123420,nm9987936
tt10123424,nm4976685
tt10123424,nm9117881
tt10123424,nm9987936
tt10123426,nm4976685
tt10123426,nm9117881
tt10123426,nm9987936
tt10123428,nm4976685
tt10123428,nm9117881
tt10123428,nm9987936
tt10123434,nm4976685
tt10123434,nm9117881
tt10123434,nm9987936
tt10123436,nm4976685
tt10123436,nm9117881
tt10123436,nm9987936
tt10123438,nm4976685
tt10123438,nm9117881
tt10123438,nm9987936
tt10123440,nm4976685
tt10123440,nm9117881
tt10123440,nm9987936
tt10123442,nm4976685
tt10123442,nm9117881
tt10123442,nm9987936
tt10123444,nm4976685
tt10123444,nm9117881
tt10123444,nm9987936
tt10123446,nm4976685
tt10123446,nm9117881
tt10123446,nm9987936
tt10123448,nm4976685
tt10123448,nm9117881
tt10123448,nm9987936
tt10123452,nm4976685
tt10123452,nm9117881
tt10123452,nm9987936
tt10123456,nm4976685
tt10123456,nm9117881
tt10123456,nm9987936
tt10123546,nm1893507
tt10123616,nm5934361
tt10123616,nm6119929
tt10123618,nm5934361
tt10123618,nm6119929
tt10123620,nm5934361
tt10123620,nm6119929
tt10123622,nm5934361
tt10123622,nm6119929
tt10123624,nm5934361
tt10123624,nm6119929
tt10123626,nm5934361
tt10123626,nm6119929
tt10123628,nm5934361
tt10123628,nm6119929
tt10123630,nm5934361
tt10123630,nm6119929
tt10123632,nm5934361
tt10123632,nm6119929
tt10123636,nm5934361
tt10123636,nm6119929
tt10123638,nm5934361
tt10123638,nm6119929
tt10123640,nm5934361
tt10123640,nm6119929
tt10123646,nm5934361
tt10123646,nm6119929
tt10123648,nm5934361
tt10123648,nm6119929
tt10123650,nm5934361
tt10123650,nm6119929
tt10123654,nm5934361
tt10123654,nm6119929
tt10123656,nm5934361
tt10123656,nm6119929
tt10123662,nm5934361
tt10123662,nm6119929
tt10123664,nm5934361
tt10123664,nm6119929
tt10123668,nm5934361
tt10123668,nm6119929
tt10123670,nm5934361
tt10123670,nm6119929
tt10123674,nm6720134
tt10123676,nm5934361
tt10123676,nm6119929
tt10123680,nm5934361
tt10123680,nm6119929
tt10123684,nm5934361
tt10123684,nm6119929
tt10123686,nm5934361
tt10123686,nm6119929
tt10123688,nm5934361
tt10123688,nm6119929
tt10123690,nm10133971
tt10123692,nm5934361
tt10123692,nm6119929
tt10123694,nm5934361
tt10123694,nm6119929
tt10123696,nm5934361
tt10123696,nm6119929
tt10123700,nm5934361
tt10123700,nm6119929
tt10123702,nm5934361
tt10123702,nm6119929
tt10123704,nm5934361
tt10123704,nm6119929
tt10123708,nm5934361
tt10123708,nm6119929
tt10123712,nm5934361
tt10123712,nm6119929
tt10123716,nm5934361
tt10123716,nm6119929
tt10123718,nm5934361
tt10123718,nm6119929
tt10123720,nm5934361
tt10123720,nm6119929
tt10123724,nm5934361
tt10123724,nm6119929
tt10123728,nm5934361
tt10123728,nm6119929
tt10123730,nm10592962
tt10123730,nm10592963
tt10123732,nm5934361
tt10123732,nm6119929
tt10123734,nm5934361
tt10123734,nm6119929
tt10123736,nm5934361
tt10123736,nm6119929
tt10123742,nm5934361
tt10123742,nm6119929
tt10123744,nm0839632
tt10123744,nm5934361
tt10123744,nm6119929
tt10123746,nm5934361
tt10123746,nm6119929
tt10123748,nm5934361
tt10123748,nm6119929
tt10123750,nm5934361
tt10123750,nm6119929
tt10123752,nm5934361
tt10123752,nm6119929
tt10123754,nm5934361
tt10123754,nm6119929
tt10123756,nm5934361
tt10123756,nm6119929
tt10123758,nm7761632
tt10123760,nm5934361
tt10123760,nm6119929
tt10123768,nm5934361
tt10123768,nm6119929
tt10123770,nm5934361
tt10123770,nm6119929
tt10123772,nm5934361
tt10123772,nm6119929
tt10123774,nm5934361
tt10123774,nm6119929
tt10123778,nm5934361
tt10123778,nm6119929
tt10123780,nm5934361
tt10123780,nm6119929
tt10123782,nm5934361
tt10123782,nm6119929
tt10123784,nm5934361
tt10123784,nm6119929
tt10123786,nm5934361
tt10123786,nm6119929
tt10123788,nm5934361
tt10123788,nm6119929
tt10123792,nm5934361
tt10123792,nm6119929
tt10123794,nm5934361
tt10123794,nm6119929
tt10123796,nm5934361
tt10123796,nm6119929
tt10123798,nm5934361
tt10123798,nm6119929
tt10123800,nm5934361
tt10123800,nm6119929
tt10123802,nm5934361
tt10123802,nm6119929
tt10123804,nm5934361
tt10123804,nm6119929
tt10123808,nm5934361
tt10123808,nm6119929
tt10123810,nm2678642
tt10123832,nm8706928
tt10123836,nm8706928
tt10123838,nm8706928
tt10123840,nm8706928
tt10123842,nm8706928
tt10123844,nm8706928
tt10123846,nm8706928
tt10123848,nm8706928
tt10123850,nm8706928
tt10123854,nm8706928
tt10123858,nm8706928
tt10123860,nm8706928
tt10123862,nm8706928
tt10123864,nm8706928
tt10123866,nm8706928
tt10123868,nm8706928
tt10123870,nm8706928
tt10123872,nm8706928
tt10123874,nm8706928
tt10123876,nm8706928
tt10123882,nm8706928
tt10123884,nm8706928
tt10123886,nm8706928
tt10123888,nm8706928
tt10123890,nm8706928
tt10123892,nm8706928
tt10123894,nm8706928
tt10123896,nm8706928
tt10123898,nm8706928
tt10123900,nm8706928
tt10123902,nm8706928
tt10123904,nm8706928
tt10123906,nm8706928
tt10123908,nm8706928
tt10123910,nm8706928
tt10123912,nm8706928
tt10123950,nm10593000
tt10123950,nm10593001
tt10124004,nm6720134
tt10124172,nm1181727
tt10124182,nm10631312
tt10124182,nm11741397
tt10124182,nm4027968
tt10124184,nm10631312
tt10124184,nm11741397
tt10124184,nm4027968
tt10124186,nm10631312
tt10124186,nm11741397
tt10124186,nm4027968
tt10124188,nm10631312
tt10124188,nm11741397
tt10124188,nm4027968
tt10124190,nm10631312
tt10124190,nm11741397
tt10124190,nm4027968
tt10124192,nm10631312
tt10124192,nm11741397
tt10124192,nm4027968
tt10124194,nm10631312
tt10124194,nm11741397
tt10124194,nm4027968
tt10124198,nm10631312
tt10124198,nm11741397
tt10124198,nm4027968
tt10124200,nm10631312
tt10124200,nm11741397
tt10124200,nm4027968
tt10124202,nm10631312
tt10124202,nm11741397
tt10124202,nm4027968
tt10124206,nm10631312
tt10124206,nm11741397
tt10124206,nm4027968
tt10124208,nm10631312
tt10124208,nm11741397
tt10124208,nm4027968
tt10124214,nm10631312
tt10124214,nm11741397
tt10124214,nm4027968
tt10124216,nm10631312
tt10124216,nm11741397
tt10124216,nm4027968
tt10124218,nm10631312
tt10124218,nm11741397
tt10124218,nm4027968
tt10124220,nm10631312
tt10124220,nm11741397
tt10124220,nm4027968
tt10124222,nm10631312
tt10124222,nm11741397
tt10124222,nm4027968
tt10124224,nm10631312
tt10124224,nm11741397
tt10124224,nm4027968
tt10124226,nm10631312
tt10124226,nm11741397
tt10124226,nm4027968
tt10124228,nm10631312
tt10124228,nm11741397
tt10124228,nm4027968
tt10124230,nm9464125
tt10124238,nm9464125
tt10124244,nm10593065
tt10124270,nm9464125
tt10124458,nm5417733
tt10124464,nm5417733
tt10124468,nm5417733
tt10124470,nm5417733
tt10124472,nm5417733
tt10124474,nm5417733
tt10124476,nm5417733
tt10124478,nm5417733
tt10124480,nm5417733
tt10124482,nm5417733
tt10124484,nm5417733
tt10124488,nm5417733
tt10124490,nm5417733
tt10124492,nm5417733
tt10124494,nm5417733
tt10124496,nm5417733
tt10124498,nm5417733
tt10124500,nm5417733
tt10124502,nm5417733
tt10124504,nm5417733
tt10124728,nm1131014
tt10124750,nm10590376
tt10125030,nm8517860
tt10125032,nm6307282
tt10125034,nm6307282
tt10125036,nm6307282
tt10125038,nm9731882
tt10125040,nm6307282
tt10125042,nm6307282
tt10125044,nm6307282
tt10125046,nm6307282
tt10125048,nm6307282
tt10125050,nm6307282
tt10125054,nm6307282
tt10125056,nm6307282
tt10125058,nm6307282
tt10125060,nm6307282
tt10125062,nm6307282
tt10125064,nm6307282
tt10125068,nm6307282
tt10125070,nm6307282
tt10125072,nm6307282
tt10125074,nm6307282
tt10125076,nm6307282
tt10125078,nm6307282
tt10125080,nm6307282
tt10125084,nm6307282
tt10125086,nm6307282
tt10125088,nm6307282
tt10125090,nm6307282
tt10125092,nm6307282
tt10125096,nm6307282
tt10125098,nm6307282
tt10125100,nm6307282
tt10125102,nm6307282
tt10125106,nm6307282
tt10125108,nm6307282
tt10125110,nm6307282
tt10125112,nm6307282
tt10125114,nm6307282
tt10125116,nm6307282
tt10125118,nm6307282
tt10125122,nm6657397
tt10125126,nm4294120
tt10125128,nm8317761
tt10125134,nm6307282
tt10125138,nm6307282
tt10125140,nm6307282
tt10125142,nm6307282
tt10125144,nm6307282
tt10125146,nm6307282
tt10125148,nm6307282
tt10125150,nm6307282
tt10125152,nm6307282
tt10125154,nm6307282
tt10125156,nm6307282
tt10125158,nm6307282
tt10125160,nm6307282
tt10125162,nm6307282
tt10125166,nm6307282
tt10125170,nm6307282
tt10125172,nm6307282
tt10125174,nm6307282
tt10125176,nm6307282
tt10125180,nm6307282
tt10125182,nm6307282
tt10125266,nm0056789
tt10125278,nm3513211
tt10125282,nm10593320
tt10125304,nm7378652
tt10125314,nm10593334
tt10125316,nm4294120
tt10125346,nm10231008
tt10125346,nm10593359
tt10125346,nm10593360
tt10125380,nm8506789
tt10125414,nm8294992
tt10125440,nm7066363
tt10125484,nm1583195
tt10125490,nm10536622
tt10125500,nm0056789
tt10125548,nm10593509
tt10125550,nm10593509
tt10125552,nm10593509
tt10125554,nm10593509
tt10125566,nm0535984
tt10125566,nm2410803
tt10125570,nm10527996
tt10125578,nm3563885
tt10125582,nm4684002
tt10125584,nm10231401
tt10125584,nm1361162
tt10125584,nm1362262
tt10125590,nm10527996
tt10125598,nm7615149
tt10125622,nm1361162
tt10125622,nm1362262
tt10125622,nm3761723
tt10125678,nm6119329
tt10125690,nm1878198
tt10125690,nm5317100
tt10125702,nm0818912
tt10125714,nm6099958
tt10125716,nm6263214
tt10125770,nm10593676
tt10125772,nm4854086
tt10125776,nm9767256
tt10125780,nm4854086
tt10125782,nm0711250
tt10125784,nm10559011
tt10125786,nm9979574
tt10125790,nm9815309
tt10125794,nm9767256
tt10125810,nm9767256
tt10125814,nm4606257
tt10125822,nm0711250
tt10125824,nm4141884
tt10125832,nm7551810
tt10125834,nm4050105
tt10125848,nm6698826
tt10125854,nm5317117
tt10125882,nm9464125
tt10125884,nm9464125
tt10125926,nm9628825
tt10125986,nm1963808
tt10126012,nm7354557
tt10126032,nm5734243
tt10126036,nm10593905
tt10126042,nm1709499
tt10126044,nm10593909
tt10126052,nm4538211
tt10126070,nm8726241
tt10126154,nm10594002
tt10126156,nm5067565
tt10126230,nm10594095
tt10126380,nm10594226
tt10126474,nm6895553
tt10126496,nm3691130
tt10126510,nm10594300
tt10126512,nm9134298
tt10126522,nm5521944
tt10126534,nm6560760
tt10126536,nm10594313
tt10126544,nm0612731
tt10126560,nm2699931
tt10126566,nm9122887
tt10126576,nm4803968
tt10126602,nm3266254
tt10126612,nm3266254
tt10126616,nm3266254
tt10126618,nm3266254
tt10126682,nm10594390
tt10126682,nm10594391
tt10126698,nm6560760
tt10126708,nm1978076
tt10126726,nm5665415
tt10126744,nm1011172
tt10126744,nm1695408
tt10126744,nm3740437
tt10126748,nm10594495
tt10126748,nm10595929
tt10126748,nm10596130
tt10126748,nm6096919
tt10126766,nm3766090
tt10126826,nm2149515
tt10126826,nm7013241
tt10126838,nm9824672
tt10126842,nm9566722
tt10126842,nm9566723
tt10126858,nm1216178
tt10126932,nm1896117
tt10126932,nm2609083
tt10127140,nm8129827
tt10127144,nm4753589
tt10127144,nm8129827
tt10127148,nm4753589
tt10127150,nm10570207
tt10127152,nm1332308
tt10127152,nm4753589
tt10127154,nm3332018
tt10127164,nm4753589
tt10127166,nm10594598
tt10127170,nm4753589
tt10127170,nm8439891
tt10127178,nm9958638
tt10127186,nm0172089
tt10127186,nm1860645
tt10127194,nm0172089
tt10127194,nm1860645
tt10127240,nm4610360
tt10127246,nm10594606
tt10127270,nm9320064
tt10127362,nm3169113
tt10127362,nm5218087
tt10127374,nm10604490
tt10127390,nm10594694
tt10127396,nm2053600
tt10127402,nm10594705
tt10127406,nm14115405
tt10127430,nm3982372
tt10127452,nm9517691
tt10127466,nm3943729
tt10127536,nm10594794
tt10127552,nm10594804
tt10127558,nm1936500
tt10127568,nm10594834
tt10127582,nm7652064
tt10127604,nm10594848
tt10127624,nm4787074
tt10127628,nm10594868
tt10127644,nm10083112
tt10127644,nm5511734
tt10127660,nm10083112
tt10127680,nm3669566
tt10127688,nm4294120
tt10127702,nm8294714
tt10127730,nm10594908
tt10127738,nm4762224
tt10127740,nm12371267
tt10127740,nm2198077
tt10127754,nm5545673
tt10127784,nm10594978
tt10127790,nm2463104
tt10127792,nm6621655
tt10127808,nm10388383
tt10127816,nm6621655
tt10127828,nm10388383
tt10127832,nm10388383
tt10127842,nm10388383
tt10127872,nm10388383
tt10127874,nm10595022
tt10127876,nm10388383
tt10127888,nm10388383
tt10127894,nm10388383
tt10127900,nm2463104
tt10127902,nm10388383
tt10127910,nm6874806
tt10127914,nm10388383
tt10127918,nm10388383
tt10127924,nm10388383
tt10127968,nm4029254
tt10127986,nm7075457
tt10127986,nm7075461
tt10128006,nm7075455
tt10128006,nm7075457
tt10128036,nm5945260
tt10128042,nm10522250
tt10128060,nm8482244
tt10128082,nm5945260
tt10128098,nm11118790
tt10128098,nm11118791
tt10128100,nm9506110
tt10128118,nm10595235
tt10128148,nm9642406
tt10128148,nm9642407
tt10128152,nm10595246
tt10128152,nm10595247
tt10128152,nm11007307
tt10128152,nm13833308
tt10128152,nm5425799
tt10128152,nm7419363
tt10128154,nm9642406
tt10128154,nm9642407
tt10128170,nm5945260
tt10128232,nm0766173
tt10128234,nm5945260
tt10128246,nm9251879
tt10128248,nm1450808
tt10128272,nm9251879
tt10128294,nm9642406
tt10128294,nm9642407
tt10128310,nm8171702
tt10128322,nm5870749
tt10128336,nm0996406
tt10128346,nm9642406
tt10128346,nm9642407
tt10128354,nm10595393
tt10128360,nm9642406
tt10128360,nm9642407
tt10128366,nm9642406
tt10128366,nm9642407
tt10128368,nm0996406
tt10128372,nm9642406
tt10128372,nm9642407
tt10128374,nm0996406
tt10128378,nm2732635
tt10128380,nm9642406
tt10128380,nm9642407
tt10128382,nm0996406
tt10128384,nm0996406
tt10128392,nm0996406
tt10128408,nm0996406
tt10128426,nm0996406
tt10128440,nm0996406
tt10128444,nm6307282
tt10128446,nm6307282
tt10128448,nm6307282
tt10128452,nm6307282
tt10128456,nm6307282
tt10128458,nm0996406
tt10128462,nm6307282
tt10128464,nm6307282
tt10128466,nm6307282
tt10128468,nm6307282
tt10128470,nm6307282
tt10128472,nm6307282
tt10128474,nm6307282
tt10128476,nm0996406
tt10128478,nm6307282
tt10128480,nm6307282
tt10128482,nm6307282
tt10128484,nm6307282
tt10128486,nm6307282
tt10128488,nm6307282
tt10128490,nm6307282
tt10128492,nm6307282
tt10128498,nm0996406
tt10128504,nm0996406
tt10128506,nm6307282
tt10128508,nm6307282
tt10128510,nm6307282
tt10128512,nm6307282
tt10128516,nm6307282
tt10128518,nm6307282
tt10128520,nm6307282
tt10128522,nm6307282
tt10128524,nm0996406
tt10128526,nm6307282
tt10128528,nm6307282
tt10128530,nm6307282
tt10128532,nm0996406
tt10128536,nm6307282
tt10128538,nm6307282
tt10128540,nm6307282
tt10128542,nm10598531
tt10128542,nm10599762
tt10128542,nm9642406
tt10128544,nm6307282
tt10128546,nm6307282
tt10128548,nm6307282
tt10128550,nm10598531
tt10128550,nm10599762
tt10128550,nm9642406
tt10128552,nm0996406
tt10128554,nm6307282
tt10128556,nm6307282
tt10128558,nm6307282
tt10128562,nm10598531
tt10128562,nm10599762
tt10128562,nm9642406
tt10128564,nm0996406
tt10128570,nm0996406
tt10128576,nm10598531
tt10128576,nm10599762
tt10128576,nm9642406
tt10128580,nm5208683
tt10128580,nm7527861
tt10128588,nm10598531
tt10128588,nm10599762
tt10128588,nm9642406
tt10128594,nm0996406
tt10128600,nm10595444
tt10128604,nm10598531
tt10128604,nm10599762
tt10128604,nm9642406
tt10128606,nm0996406
tt10128608,nm10598531
tt10128608,nm10599762
tt10128608,nm9642406
tt10128618,nm10598531
tt10128618,nm10599762
tt10128618,nm9642406
tt10128622,nm0996406
tt10128630,nm10598531
tt10128630,nm10599762
tt10128630,nm9642406
tt10128640,nm0996406
tt10128642,nm10598531
tt10128642,nm10599762
tt10128642,nm9642406
tt10128650,nm10595457
tt10128682,nm0996406
tt10128688,nm10598531
tt10128688,nm10599762
tt10128688,nm9642406
tt10128694,nm0996406
tt10128714,nm0996406
tt10128730,nm10598531
tt10128730,nm10599762
tt10128730,nm9642406
tt10128740,nm10598531
tt10128740,nm10599762
tt10128740,nm9642406
tt10128918,nm8575033
tt10129140,nm5547913
tt10129186,nm5417733
tt10129188,nm5417733
tt10129190,nm5417733
tt10129192,nm5417733
tt10129194,nm9482759
tt10129196,nm5417733
tt10129202,nm5417733
tt10129206,nm5417733
tt10129208,nm5417733
tt10129210,nm5417733
tt10129212,nm5417733
tt10129214,nm5417733
tt10129218,nm5417733
tt10129220,nm5417733
tt10129222,nm5417733
tt10129226,nm5417733
tt10129228,nm5417733
tt10129230,nm5417733
tt10129232,nm5417733
tt10129234,nm5417733
tt10129236,nm5417733
tt10129238,nm5417733
tt10129242,nm5417733
tt10129244,nm5417733
tt10129246,nm5417733
tt10129248,nm5417733
tt10129252,nm5417733
tt10129264,nm10595541
tt10129316,nm0184193
tt10129330,nm10595552
tt10129330,nm10612201
tt10129362,nm0815946
tt10129370,nm8539071
tt10129372,nm10631312
tt10129372,nm11741397
tt10129372,nm4027968
tt10129374,nm10631312
tt10129374,nm11741397
tt10129374,nm4027968
tt10129376,nm10631312
tt10129376,nm11741397
tt10129376,nm4027968
tt10129380,nm10631312
tt10129380,nm11741397
tt10129380,nm4027968
tt10129382,nm10631312
tt10129382,nm11741397
tt10129382,nm4027968
tt10129384,nm10631312
tt10129384,nm11741397
tt10129384,nm4027968
tt10129386,nm10631312
tt10129386,nm11741397
tt10129386,nm4027968
tt10129388,nm10631312
tt10129388,nm11741397
tt10129388,nm4027968
tt10129390,nm10631312
tt10129390,nm11741397
tt10129390,nm4027968
tt10129392,nm10631312
tt10129392,nm11741397
tt10129392,nm4027968
tt10129396,nm10631312
tt10129396,nm11741397
tt10129396,nm4027968
tt10129398,nm10631312
tt10129398,nm11741397
tt10129398,nm4027968
tt10129400,nm10631312
tt10129400,nm11741397
tt10129400,nm4027968
tt10129410,nm7948739
tt10129422,nm10595599
tt10129470,nm10631312
tt10129470,nm11741397
tt10129470,nm4027968
tt10129472,nm10631312
tt10129472,nm11741397
tt10129472,nm4027968
tt10129474,nm10631312
tt10129474,nm11741397
tt10129474,nm4027968
tt10129476,nm10631312
tt10129476,nm11741397
tt10129476,nm4027968
tt10129478,nm10631312
tt10129478,nm11741397
tt10129478,nm4027968
tt10129480,nm10631312
tt10129480,nm11741397
tt10129480,nm4027968
tt10129482,nm10631312
tt10129482,nm11741397
tt10129482,nm4027968
tt10129530,nm10595606
tt10129530,nm10607100
tt10129542,nm1033003
tt10129614,nm8706928
tt10129622,nm8706928
tt10129624,nm8706928
tt10129626,nm8706928
tt10129628,nm8706928
tt10129630,nm8706928
tt10129632,nm8706928
tt10129634,nm8706928
tt10129636,nm8706928
tt10129638,nm8706928
tt10129640,nm8706928
tt10129642,nm8706928
tt10129644,nm8706928
tt10129648,nm8706928
tt10129650,nm8706928
tt10129652,nm8706928
tt10129654,nm8706928
tt10129656,nm8706928
tt10129658,nm8706928
tt10129660,nm8706928
tt10129662,nm5934361
tt10129662,nm6119929
tt10129664,nm5934361
tt10129664,nm6119929
tt10129666,nm5934361
tt10129666,nm6119929
tt10129670,nm5934361
tt10129670,nm6119929
tt10129674,nm5934361
tt10129674,nm6119929
tt10129676,nm5934361
tt10129676,nm6119929
tt10129680,nm5934361
tt10129680,nm6119929
tt10129682,nm5934361
tt10129682,nm6119929
tt10129686,nm5934361
tt10129686,nm6119929
tt10129690,nm5934361
tt10129690,nm6119929
tt10129692,nm5934361
tt10129692,nm6119929
tt10129698,nm5934361
tt10129698,nm6119929
tt10129700,nm5934361
tt10129700,nm6119929
tt10129702,nm5934361
tt10129702,nm6119929
tt10129704,nm5934361
tt10129704,nm6119929
tt10129706,nm5934361
tt10129706,nm6119929
tt10129708,nm5934361
tt10129708,nm6119929
tt10129714,nm5934361
tt10129714,nm6119929
tt10129718,nm0839632
tt10129718,nm5934361
tt10129718,nm6119929
tt10129720,nm5934361
tt10129720,nm6119929
tt10129722,nm5934361
tt10129722,nm6119929
tt10129726,nm5934361
tt10129726,nm6119929
tt10129728,nm5934361
tt10129728,nm6119929
tt10129732,nm5934361
tt10129732,nm6119929
tt10129750,nm0839632
tt10129750,nm5934361
tt10129750,nm6119929
tt10129752,nm5934361
tt10129752,nm6119929
tt10129756,nm5934361
tt10129756,nm6119929
tt10129758,nm5934361
tt10129758,nm6119929
tt10129760,nm5934361
tt10129760,nm6119929
tt10129762,nm5934361
tt10129762,nm6119929
tt10129764,nm5934361
tt10129764,nm6119929
tt10129768,nm5934361
tt10129768,nm6119929
tt10129770,nm5934361
tt10129770,nm6119929
tt10129776,nm5934361
tt10129776,nm6119929
tt10129778,nm5934361
tt10129778,nm6119929
tt10129788,nm5934361
tt10129788,nm6119929
tt10129790,nm5934361
tt10129790,nm6119929
tt10129792,nm5934361
tt10129792,nm6119929
tt10129794,nm5934361
tt10129794,nm6119929
tt10129798,nm5934361
tt10129798,nm6119929
tt10129800,nm5934361
tt10129800,nm6119929
tt10129802,nm5934361
tt10129802,nm6119929
tt10129804,nm5934361
tt10129804,nm6119929
tt10129806,nm5934361
tt10129806,nm6119929
tt10129810,nm5934361
tt10129810,nm6119929
tt10129812,nm5934361
tt10129812,nm6119929
tt10129814,nm5934361
tt10129814,nm6119929
tt10129818,nm5934361
tt10129818,nm6119929
tt10129824,nm2240132
tt10129826,nm5934361
tt10129826,nm6119929
tt10129828,nm5934361
tt10129828,nm6119929
tt10129832,nm5934361
tt10129832,nm6119929
tt10129834,nm5934361
tt10129834,nm6119929
tt10129836,nm5934361
tt10129836,nm6119929
tt10129840,nm5934361
tt10129840,nm6119929
tt10129844,nm5934361
tt10129844,nm6119929
tt10129846,nm5934361
tt10129846,nm6119929
tt10129848,nm5934361
tt10129848,nm6119929
tt10129850,nm5934361
tt10129850,nm6119929
tt10129852,nm5934361
tt10129852,nm6119929
tt10129854,nm5934361
tt10129854,nm6119929
tt10129856,nm5934361
tt10129856,nm6119929
tt10129858,nm5934361
tt10129858,nm6119929
tt10129862,nm5934361
tt10129862,nm6119929
tt10129864,nm5934361
tt10129864,nm6119929
tt10129866,nm5934361
tt10129866,nm6119929
tt10129870,nm5934361
tt10129870,nm6119929
tt10129872,nm9961741
tt10129874,nm5934361
tt10129874,nm6119929
tt10129878,nm5934361
tt10129878,nm6119929
tt10129880,nm2357165
tt10129882,nm5934361
tt10129882,nm6119929
tt10129884,nm5934361
tt10129884,nm6119929
tt10129886,nm5934361
tt10129886,nm6119929
tt10129938,nm4976685
tt10129938,nm9117881
tt10129938,nm9987936
tt10129940,nm4976685
tt10129940,nm9117881
tt10129940,nm9987936
tt10129942,nm4976685
tt10129942,nm9117881
tt10129942,nm9987936
tt10129944,nm4976685
tt10129944,nm9117881
tt10129944,nm9987936
tt10129946,nm4976685
tt10129946,nm9117881
tt10129946,nm9987936
tt10129950,nm4976685
tt10129950,nm9117881
tt10129950,nm9987936
tt10129952,nm4976685
tt10129952,nm9117881
tt10129952,nm9987936
tt10129954,nm4976685
tt10129954,nm9117881
tt10129954,nm9987936
tt10129956,nm4976685
tt10129956,nm9117881
tt10129956,nm9987936
tt10129958,nm4976685
tt10129958,nm9117881
tt10129958,nm9987936
tt10129960,nm4976685
tt10129960,nm9117881
tt10129960,nm9987936
tt10129964,nm4976685
tt10129964,nm9117881
tt10129964,nm9987936
tt10129966,nm4976685
tt10129966,nm9117881
tt10129966,nm9987936
tt10129968,nm4976685
tt10129968,nm9117881
tt10129968,nm9987936
tt10129970,nm4976685
tt10129970,nm9117881
tt10129970,nm9987936
tt10129972,nm4976685
tt10129972,nm9117881
tt10129972,nm9987936
tt10129974,nm4976685
tt10129974,nm9117881
tt10129974,nm9987936
tt10129976,nm4976685
tt10129976,nm9117881
tt10129976,nm9987936
tt10129978,nm4976685
tt10129978,nm9117881
tt10129978,nm9987936
tt10129980,nm4976685
tt10129980,nm9117881
tt10129980,nm9987936
tt10129982,nm4976685
tt10129982,nm9117881
tt10129982,nm9987936
tt10129984,nm4976685
tt10129984,nm9117881
tt10129984,nm9987936
tt10129986,nm4976685
tt10129986,nm9117881
tt10129986,nm9987936
tt10129988,nm4976685
tt10129988,nm9117881
tt10129988,nm9987936
tt10129990,nm4976685
tt10129990,nm9117881
tt10129990,nm9987936
tt10129992,nm4976685
tt10129992,nm9117881
tt10129992,nm9987936
tt10129994,nm4976685
tt10129994,nm9117881
tt10129994,nm9987936
tt10129996,nm4976685
tt10129996,nm9117881
tt10129996,nm9987936
tt10129998,nm4976685
tt10129998,nm9117881
tt10129998,nm9987936
tt10130000,nm4976685
tt10130000,nm9117881
tt10130000,nm9987936
tt10130002,nm4976685
tt10130002,nm9117881
tt10130002,nm9987936
tt10130004,nm4976685
tt10130004,nm9117881
tt10130004,nm9987936
tt10130006,nm4976685
tt10130006,nm9117881
tt10130006,nm9987936
tt10130008,nm4976685
tt10130008,nm9117881
tt10130008,nm9987936
tt10130012,nm4976685
tt10130012,nm9117881
tt10130012,nm9987936
tt10130014,nm4976685
tt10130014,nm9117881
tt10130014,nm9987936
tt10130016,nm4976685
tt10130016,nm9117881
tt10130016,nm9987936
tt10130018,nm4976685
tt10130018,nm9117881
tt10130018,nm9987936
tt10130020,nm4976685
tt10130020,nm9117881
tt10130020,nm9987936
tt10130026,nm3077449
tt10130044,nm4976685
tt10130044,nm9117881
tt10130044,nm9987936
tt10130048,nm3513211
tt10130054,nm5027657
tt10130058,nm0554076
tt10130100,nm10537533
tt10130134,nm1590021
tt10130134,nm4976685
tt10130134,nm9117881
tt10130134,nm9987936
tt10130136,nm1590021
tt10130136,nm4976685
tt10130136,nm9117881
tt10130136,nm9987936
tt10130138,nm1590021
tt10130138,nm4976685
tt10130138,nm9117881
tt10130138,nm9987936
tt10130140,nm1590021
tt10130140,nm4976685
tt10130140,nm9117881
tt10130140,nm9987936
tt10130142,nm1590021
tt10130142,nm4976685
tt10130142,nm9117881
tt10130142,nm9987936
tt10130144,nm1590021
tt10130144,nm4976685
tt10130144,nm9117881
tt10130144,nm9987936
tt10130148,nm10595763
tt10130150,nm1590021
tt10130150,nm4976685
tt10130150,nm9117881
tt10130150,nm9987936
tt10130152,nm1590021
tt10130152,nm4976685
tt10130152,nm9117881
tt10130152,nm9987936
tt10130154,nm1590021
tt10130154,nm4976685
tt10130154,nm9117881
tt10130154,nm9987936
tt10130156,nm1590021
tt10130156,nm4976685
tt10130156,nm9117881
tt10130156,nm9987936
tt10130158,nm1590021
tt10130158,nm4976685
tt10130158,nm9117881
tt10130158,nm9987936
tt10130160,nm1590021
tt10130160,nm4976685
tt10130160,nm9117881
tt10130160,nm9987936
tt10130162,nm1590021
tt10130162,nm4976685
tt10130162,nm9117881
tt10130162,nm9987936
tt10130166,nm1590021
tt10130166,nm4976685
tt10130166,nm9117881
tt10130166,nm9987936
tt10130168,nm1590021
tt10130168,nm4976685
tt10130168,nm9117881
tt10130168,nm9987936
tt10130170,nm1590021
tt10130170,nm4976685
tt10130170,nm9117881
tt10130170,nm9987936
tt10130172,nm1590021
tt10130172,nm4976685
tt10130172,nm9117881
tt10130172,nm9987936
tt10130174,nm1590021
tt10130174,nm4976685
tt10130174,nm9117881
tt10130174,nm9987936
tt10130176,nm1590021
tt10130176,nm4976685
tt10130176,nm9117881
tt10130176,nm9987936
tt10130178,nm1590021
tt10130178,nm4976685
tt10130178,nm9117881
tt10130178,nm9987936
tt10130180,nm1590021
tt10130180,nm4976685
tt10130180,nm9117881
tt10130180,nm9987936
tt10130182,nm1590021
tt10130182,nm4976685
tt10130182,nm9117881
tt10130182,nm9987936
tt10130184,nm1590021
tt10130184,nm4976685
tt10130184,nm9117881
tt10130184,nm9987936
tt10130186,nm1590021
tt10130186,nm4976685
tt10130186,nm9117881
tt10130186,nm9987936
tt10130188,nm1590021
tt10130188,nm4976685
tt10130188,nm9117881
tt10130188,nm9987936
tt10130190,nm1590021
tt10130190,nm4976685
tt10130190,nm9117881
tt10130190,nm9987936
tt10130192,nm1590021
tt10130192,nm4976685
tt10130192,nm9117881
tt10130192,nm9987936
tt10130194,nm1590021
tt10130194,nm4976685
tt10130194,nm9117881
tt10130194,nm9987936
tt10130198,nm1590021
tt10130198,nm4976685
tt10130198,nm9117881
tt10130198,nm9987936
tt10130200,nm1590021
tt10130200,nm4976685
tt10130200,nm9117881
tt10130200,nm9987936
tt10130202,nm1590021
tt10130202,nm4976685
tt10130202,nm9117881
tt10130202,nm9987936
tt10130206,nm1590021
tt10130206,nm4976685
tt10130206,nm9117881
tt10130206,nm9987936
tt10130208,nm1590021
tt10130208,nm4976685
tt10130208,nm9117881
tt10130208,nm9987936
tt10130210,nm1590021
tt10130210,nm4976685
tt10130210,nm9117881
tt10130210,nm9987936
tt10130212,nm1590021
tt10130212,nm4976685
tt10130212,nm9117881
tt10130212,nm9987936
tt10130214,nm1590021
tt10130214,nm4976685
tt10130214,nm9117881
tt10130214,nm9987936
tt10130216,nm1590021
tt10130216,nm4976685
tt10130216,nm9117881
tt10130216,nm9987936
tt10130218,nm1590021
tt10130218,nm4976685
tt10130218,nm9117881
tt10130218,nm9987936
tt10130220,nm1590021
tt10130220,nm4976685
tt10130220,nm9117881
tt10130220,nm9987936
tt10130222,nm1590021
tt10130222,nm4976685
tt10130222,nm9117881
tt10130222,nm9987936
tt10130224,nm1590021
tt10130224,nm4976685
tt10130224,nm9117881
tt10130226,nm1590021
tt10130226,nm4976685
tt10130226,nm9117881
tt10130228,nm1590021
tt10130228,nm4976685
tt10130228,nm9117881
tt10130230,nm1590021
tt10130230,nm4976685
tt10130230,nm9117881
tt10130232,nm1590021
tt10130232,nm4976685
tt10130232,nm9117881
tt10130234,nm1590021
tt10130234,nm4976685
tt10130234,nm9117881
tt10130238,nm1590021
tt10130238,nm4976685
tt10130238,nm9117881
tt10130240,nm1590021
tt10130240,nm4976685
tt10130240,nm9117881
tt10130242,nm1590021
tt10130242,nm4976685
tt10130242,nm9117881
tt10130244,nm1590021
tt10130244,nm4976685
tt10130244,nm9117881
tt10130246,nm1590021
tt10130246,nm4976685
tt10130246,nm9117881
tt10130248,nm1590021
tt10130248,nm4976685
tt10130248,nm9117881
tt10130250,nm1590021
tt10130250,nm4976685
tt10130250,nm9117881
tt10130252,nm1590021
tt10130252,nm4976685
tt10130252,nm9117881
tt10130254,nm1590021
tt10130254,nm4976685
tt10130254,nm9117881
tt10130256,nm1590021
tt10130256,nm4976685
tt10130256,nm9117881
tt10130258,nm1590021
tt10130258,nm4976685
tt10130258,nm9117881
tt10130260,nm1590021
tt10130260,nm4976685
tt10130260,nm9117881
tt10130262,nm1590021
tt10130262,nm4976685
tt10130262,nm9117881
tt10130264,nm1590021
tt10130264,nm4976685
tt10130264,nm9117881
tt10130376,nm1202477
tt10130678,nm10591181
tt10130678,nm11557580
tt10130678,nm4894302
tt10130688,nm0854248
tt10130690,nm0854248
tt10130698,nm10591181
tt10130698,nm11557580
tt10130698,nm4894302
tt10130712,nm10591181
tt10130712,nm11557580
tt10130712,nm4894302
tt10130728,nm10591181
tt10130728,nm11557580
tt10130728,nm4894302
tt10130748,nm5040333
tt10130752,nm10591181
tt10130752,nm4894302
tt10130756,nm8545987
tt10130760,nm0177744
tt10130764,nm10591181
tt10130764,nm4894302
tt10130770,nm3814704
tt10130770,nm4031759
tt10130780,nm1409127
tt10130780,nm5044114
tt10130780,nm6093484
tt10130780,nm6200584
tt10130780,nm6200585
tt10130792,nm10594495
tt10130792,nm10595929
tt10130792,nm10596130
tt10130792,nm6096919
tt10130826,nm2317602
tt10130826,nm4542563
tt10130852,nm7074172
tt10130864,nm10594495
tt10130864,nm10595929
tt10130864,nm10596130
tt10130864,nm6096919
tt10130868,nm0857399
tt10130910,nm10596039
tt10130910,nm5733116
tt10130924,nm8582646
tt10130934,nm1583195
tt10130944,nm1583195
tt10130956,nm1583195
tt10130960,nm1583195
tt10130970,nm8796453
tt10130982,nm8228478
tt10130988,nm1047352
tt10131002,nm3774750
tt10131004,nm0872780
tt10131018,nm0470676
tt10131026,nm10596125
tt10131048,nm7545321
tt10131094,nm0690787
tt10131110,nm10596190
tt10131136,nm10596217
tt10131154,nm0128292
tt10131180,nm0128292
tt10131186,nm7678104
tt10131220,nm9870358
tt10131252,nm10596314
tt10131256,nm10596317
tt10131268,nm9063162
tt10131356,nm0128292
tt10131362,nm10596493
tt10131366,nm8609388
tt10131386,nm0128292
tt10131392,nm7860519
tt10131400,nm0128292
tt10131430,nm7545321
tt10131506,nm2278183
tt10131506,nm8826962
tt10131506,nm8826963
tt10131518,nm8193067
tt10131736,nm8570446
tt10131808,nm4680121
tt10131808,nm4698717
tt10131810,nm1590021
tt10131810,nm4976685
tt10131810,nm9117881
tt10131812,nm1590021
tt10131812,nm4976685
tt10131812,nm9117881
tt10131814,nm1590021
tt10131814,nm4976685
tt10131814,nm9117881
tt10131816,nm1590021
tt10131816,nm4976685
tt10131816,nm9117881
tt10131820,nm1590021
tt10131820,nm4976685
tt10131820,nm9117881
tt10131822,nm1590021
tt10131822,nm4976685
tt10131822,nm9117881
tt10131824,nm1590021
tt10131824,nm4976685
tt10131824,nm9117881
tt10131826,nm1590021
tt10131826,nm4976685
tt10131826,nm9117881
tt10131828,nm1590021
tt10131828,nm4976685
tt10131828,nm9117881
tt10131830,nm1590021
tt10131830,nm3246845
tt10131830,nm4976685
tt10131830,nm9117881
tt10131832,nm1590021
tt10131832,nm4976685
tt10131832,nm9117881
tt10131834,nm1590021
tt10131834,nm4976685
tt10131834,nm9117881
tt10131842,nm1590021
tt10131842,nm4976685
tt10131842,nm9117881
tt10131842,nm9987936
tt10131844,nm1590021
tt10131844,nm4976685
tt10131844,nm9117881
tt10131844,nm9987936
tt10131846,nm1590021
tt10131846,nm4976685
tt10131846,nm9117881
tt10131846,nm9987936
tt10131848,nm1590021
tt10131848,nm4976685
tt10131848,nm9117881
tt10131848,nm9987936
tt10131850,nm1590021
tt10131850,nm4976685
tt10131850,nm9117881
tt10131850,nm9987936
tt10131852,nm1590021
tt10131852,nm4976685
tt10131852,nm9117881
tt10131852,nm9987936
tt10131854,nm1590021
tt10131854,nm4976685
tt10131854,nm9117881
tt10131854,nm9987936
tt10131856,nm1590021
tt10131856,nm4976685
tt10131856,nm9117881
tt10131856,nm9987936
tt10131858,nm1590021
tt10131858,nm4976685
tt10131858,nm9117881
tt10131858,nm9987936
tt10131860,nm1590021
tt10131860,nm4976685
tt10131860,nm9117881
tt10131860,nm9987936
tt10131862,nm1590021
tt10131862,nm4976685
tt10131862,nm9117881
tt10131862,nm9987936
tt10131864,nm1590021
tt10131864,nm4976685
tt10131864,nm9117881
tt10131864,nm9987936
tt10131866,nm1590021
tt10131866,nm4976685
tt10131866,nm9117881
tt10131866,nm9987936
tt10131868,nm1590021
tt10131868,nm4976685
tt10131868,nm9117881
tt10131868,nm9987936
tt10131870,nm1590021
tt10131870,nm4976685
tt10131870,nm9117881
tt10131870,nm9987936
tt10131872,nm1590021
tt10131872,nm4976685
tt10131872,nm9117881
tt10131872,nm9987936
tt10131874,nm1590021
tt10131874,nm4976685
tt10131874,nm9117881
tt10131874,nm9987936
tt10131876,nm1590021
tt10131876,nm4976685
tt10131876,nm9117881
tt10131876,nm9987936
tt10131878,nm1590021
tt10131878,nm4976685
tt10131878,nm9117881
tt10131878,nm9987936
tt10131882,nm1590021
tt10131882,nm4976685
tt10131882,nm9117881
tt10131882,nm9987936
tt10131884,nm1590021
tt10131884,nm4976685
tt10131884,nm9117881
tt10131884,nm9987936
tt10131886,nm1590021
tt10131886,nm4976685
tt10131886,nm9117881
tt10131886,nm9987936
tt10131888,nm1590021
tt10131888,nm4976685
tt10131888,nm9117881
tt10131888,nm9987936
tt10131892,nm1590021
tt10131892,nm4976685
tt10131892,nm9117881
tt10131892,nm9987936
tt10131894,nm1590021
tt10131894,nm4976685
tt10131894,nm9117881
tt10131894,nm9987936
tt10131898,nm1590021
tt10131898,nm4976685
tt10131898,nm9117881
tt10131898,nm9987936
tt10131900,nm1590021
tt10131900,nm4976685
tt10131900,nm9117881
tt10131900,nm9987936
tt10131902,nm1590021
tt10131902,nm4976685
tt10131902,nm9117881
tt10131902,nm9987936
tt10131904,nm5140080
tt10131906,nm1590021
tt10131906,nm4976685
tt10131906,nm9117881
tt10131906,nm9987936
tt10131908,nm1590021
tt10131908,nm4976685
tt10131908,nm9117881
tt10131908,nm9987936
tt10131910,nm1590021
tt10131910,nm4976685
tt10131910,nm9117881
tt10131910,nm9987936
tt10131912,nm1590021
tt10131912,nm4976685
tt10131912,nm9117881
tt10131912,nm9987936
tt10131914,nm1590021
tt10131914,nm4976685
tt10131914,nm9117881
tt10131914,nm9987936
tt10131918,nm1590021
tt10131918,nm4976685
tt10131918,nm9117881
tt10131918,nm9987936
tt10131920,nm1590021
tt10131920,nm4976685
tt10131920,nm9117881
tt10131920,nm9987936
tt10131922,nm1590021
tt10131922,nm4976685
tt10131922,nm9117881
tt10131922,nm9987936
tt10131926,nm1590021
tt10131926,nm4976685
tt10131926,nm9117881
tt10131926,nm9987936
tt10131928,nm1590021
tt10131928,nm4976685
tt10131928,nm9117881
tt10131928,nm9987936
tt10131930,nm1590021
tt10131930,nm4976685
tt10131930,nm9117881
tt10131930,nm9987936
tt10131936,nm4976685
tt10131936,nm9117881
tt10131936,nm9987936
tt10131938,nm4976685
tt10131938,nm9117881
tt10131938,nm9987936
tt10131940,nm4976685
tt10131940,nm9117881
tt10131940,nm9987936
tt10131942,nm4976685
tt10131942,nm9117881
tt10131942,nm9987936
tt10131944,nm4976685
tt10131944,nm9117881
tt10131944,nm9987936
tt10131946,nm4976685
tt10131946,nm9117881
tt10131946,nm9987936
tt10131948,nm4976685
tt10131948,nm9117881
tt10131948,nm9987936
tt10131950,nm4976685
tt10131950,nm9117881
tt10131950,nm9987936
tt10131952,nm4976685
tt10131952,nm9117881
tt10131952,nm9987936
tt10131954,nm4976685
tt10131954,nm9117881
tt10131954,nm9987936
tt10131956,nm4976685
tt10131956,nm9117881
tt10131956,nm9987936
tt10131958,nm4976685
tt10131958,nm9117881
tt10131958,nm9987936
tt10131960,nm4976685
tt10131960,nm9117881
tt10131960,nm9987936
tt10131962,nm4976685
tt10131962,nm9117881
tt10131962,nm9987936
tt10131964,nm4976685
tt10131964,nm9117881
tt10131964,nm9987936
tt10131966,nm4976685
tt10131966,nm9117881
tt10131966,nm9987936
tt10131968,nm4976685
tt10131968,nm9117881
tt10131968,nm9987936
tt10131970,nm4976685
tt10131970,nm9117881
tt10131970,nm9987936
tt10131972,nm4976685
tt10131972,nm9117881
tt10131972,nm9987936
tt10131974,nm7545321
tt10131976,nm4976685
tt10131976,nm9117881
tt10131976,nm9987936
tt10131978,nm3266254
tt10131980,nm4976685
tt10131980,nm9117881
tt10131980,nm9987936
tt10131982,nm4976685
tt10131982,nm9117881
tt10131982,nm9987936
tt10131984,nm4976685
tt10131984,nm9117881
tt10131984,nm9987936
tt10131986,nm4976685
tt10131986,nm9117881
tt10131986,nm9987936
tt10131988,nm4976685
tt10131988,nm9117881
tt10131988,nm9987936
tt10131990,nm4976685
tt10131990,nm9117881
tt10131990,nm9987936
tt10131992,nm4976685
tt10131992,nm9117881
tt10131992,nm9987936
tt10131994,nm4976685
tt10131994,nm9117881
tt10131994,nm9987936
tt10131996,nm4976685
tt10131996,nm9117881
tt10131996,nm9987936
tt10131998,nm4976685
tt10131998,nm9117881
tt10131998,nm9987936
tt10132000,nm4976685
tt10132000,nm9117881
tt10132000,nm9987936
tt10132002,nm4976685
tt10132002,nm9117881
tt10132002,nm9987936
tt10132004,nm4976685
tt10132004,nm9117881
tt10132004,nm9987936
tt10132006,nm4976685
tt10132006,nm9117881
tt10132006,nm9987936
tt10132008,nm4976685
tt10132008,nm9117881
tt10132008,nm9987936
tt10132012,nm4976685
tt10132012,nm9117881
tt10132012,nm9987936
tt10132014,nm4976685
tt10132014,nm9117881
tt10132014,nm9987936
tt10132016,nm4976685
tt10132016,nm9117881
tt10132016,nm9987936
tt10132018,nm4976685
tt10132018,nm9117881
tt10132018,nm9987936
tt10132066,nm6807566
tt10132070,nm5934361
tt10132070,nm6119929
tt10132072,nm5934361
tt10132072,nm6119929
tt10132074,nm5934361
tt10132074,nm6119929
tt10132076,nm5934361
tt10132076,nm6119929
tt10132078,nm5934361
tt10132078,nm6119929
tt10132080,nm5934361
tt10132080,nm6119929
tt10132082,nm5934361
tt10132082,nm6119929
tt10132084,nm5934361
tt10132084,nm6119929
tt10132086,nm5934361
tt10132086,nm6119929
tt10132090,nm5934361
tt10132090,nm6119929
tt10132092,nm5934361
tt10132092,nm6119929
tt10132094,nm5934361
tt10132094,nm6119929
tt10132096,nm5934361
tt10132096,nm6119929
tt10132100,nm5934361
tt10132100,nm6119929
tt10132102,nm5934361
tt10132102,nm6119929
tt10132104,nm5934361
tt10132104,nm6119929
tt10132114,nm5934361
tt10132114,nm6119929
tt10132116,nm5934361
tt10132116,nm6119929
tt10132120,nm5934361
tt10132120,nm6119929
tt10132122,nm5934361
tt10132122,nm6119929
tt10132124,nm5934361
tt10132124,nm6119929
tt10132126,nm5934361
tt10132126,nm6119929
tt10132128,nm5934361
tt10132128,nm6119929
tt10132130,nm5934361
tt10132130,nm6119929
tt10132132,nm5934361
tt10132132,nm6119929
tt10132136,nm5934361
tt10132136,nm6119929
tt10132138,nm5934361
tt10132138,nm6119929
tt10132140,nm5934361
tt10132140,nm6119929
tt10132142,nm5934361
tt10132142,nm6119929
tt10132144,nm5934361
tt10132144,nm6119929
tt10132148,nm5934361
tt10132148,nm6119929
tt10132150,nm5934361
tt10132150,nm6119929
tt10132154,nm5934361
tt10132154,nm6119929
tt10132156,nm5934361
tt10132156,nm6119929
tt10132158,nm5934361
tt10132158,nm6119929
tt10132160,nm5934361
tt10132160,nm6119929
tt10132162,nm5934361
tt10132162,nm6119929
tt10132164,nm5934361
tt10132164,nm6119929
tt10132166,nm5934361
tt10132166,nm6119929
tt10132168,nm5934361
tt10132168,nm6119929
tt10132170,nm5934361
tt10132170,nm6119929
tt10132172,nm5934361
tt10132172,nm6119929
tt10132174,nm5934361
tt10132174,nm6119929
tt10132176,nm5934361
tt10132176,nm6119929
tt10132178,nm5934361
tt10132178,nm6119929
tt10132182,nm5934361
tt10132182,nm6119929
tt10132184,nm5934361
tt10132184,nm6119929
tt10132186,nm5934361
tt10132186,nm6119929
tt10132188,nm5934361
tt10132188,nm6119929
tt10132190,nm5934361
tt10132190,nm6119929
tt10132192,nm5934361
tt10132192,nm6119929
tt10132198,nm5934361
tt10132198,nm6119929
tt10132200,nm5934361
tt10132200,nm6119929
tt10132202,nm5934361
tt10132202,nm6119929
tt10132204,nm5934361
tt10132204,nm6119929
tt10132206,nm5934361
tt10132206,nm6119929
tt10132210,nm5934361
tt10132210,nm6119929
tt10132212,nm5934361
tt10132212,nm6119929
tt10132214,nm5934361
tt10132214,nm6119929
tt10132216,nm5934361
tt10132216,nm6119929
tt10132218,nm5934361
tt10132218,nm6119929
tt10132220,nm5934361
tt10132220,nm6119929
tt10132222,nm5934361
tt10132222,nm6119929
tt10132224,nm5934361
tt10132224,nm6119929
tt10132226,nm5934361
tt10132226,nm6119929
tt10132228,nm5934361
tt10132228,nm6119929
tt10132230,nm5934361
tt10132230,nm6119929
tt10132232,nm5934361
tt10132232,nm6119929
tt10132234,nm5934361
tt10132234,nm6119929
tt10132236,nm8706928
tt10132238,nm8706928
tt10132240,nm8706928
tt10132242,nm8706928
tt10132244,nm8706928
tt10132246,nm8706928
tt10132248,nm8706928
tt10132250,nm8706928
tt10132252,nm8706928
tt10132254,nm8706928
tt10132256,nm8706928
tt10132258,nm8706928
tt10132260,nm8706928
tt10132262,nm8706928
tt10132264,nm8706928
tt10132266,nm8706928
tt10132268,nm8706928
tt10132270,nm8706928
tt10132272,nm8706928
tt10132274,nm8706928
tt10132280,nm10631312
tt10132280,nm11741397
tt10132280,nm4027968
tt10132282,nm10631312
tt10132282,nm11741397
tt10132282,nm4027968
tt10132284,nm10631312
tt10132284,nm11741397
tt10132284,nm4027968
tt10132286,nm10631312
tt10132286,nm11741397
tt10132286,nm4027968
tt10132288,nm10631312
tt10132288,nm11741397
tt10132288,nm4027968
tt10132290,nm10631312
tt10132290,nm11741397
tt10132290,nm4027968
tt10132292,nm10631312
tt10132292,nm11741397
tt10132292,nm4027968
tt10132294,nm10631312
tt10132294,nm11741397
tt10132294,nm4027968
tt10132296,nm10631312
tt10132296,nm11741397
tt10132296,nm4027968
tt10132298,nm10631312
tt10132298,nm11741397
tt10132298,nm4027968
tt10132300,nm10631312
tt10132300,nm11741397
tt10132300,nm4027968
tt10132302,nm10631312
tt10132302,nm11741397
tt10132302,nm4027968
tt10132304,nm1368219
tt10132308,nm10631312
tt10132308,nm11741397
tt10132308,nm4027968
tt10132310,nm10631312
tt10132310,nm11741397
tt10132310,nm4027968
tt10132312,nm5579304
tt10132350,nm5897053
tt10132410,nm1590021
tt10132410,nm4976685
tt10132410,nm9117881
tt10132410,nm9987936
tt10132420,nm4976685
tt10132420,nm9117881
tt10132420,nm9987936
tt10132452,nm4405909
tt10132470,nm1832683
tt10132470,nm1930995
tt10132474,nm1832683
tt10132474,nm1930995
tt10132478,nm1832683
tt10132478,nm1930995
tt10132494,nm1832683
tt10132494,nm1930995
tt10132512,nm2119370
tt10132516,nm1832683
tt10132516,nm1930995
tt10132518,nm1832683
tt10132518,nm1930995
tt10132520,nm1832683
tt10132520,nm1930995
tt10132522,nm1832683
tt10132522,nm1930995
tt10132524,nm1832683
tt10132524,nm1930995
tt10132526,nm1832683
tt10132526,nm1930995
tt10132528,nm1832683
tt10132528,nm1930995
tt10132530,nm1832683
tt10132530,nm1930995
tt10132532,nm1832683
tt10132532,nm1930995
tt10132534,nm1832683
tt10132534,nm1930995
tt10132594,nm6438313
tt10132634,nm6438313
tt10132848,nm10592998
tt10132856,nm4078252
tt10132868,nm10113665
tt10132870,nm3431529
tt10132938,nm1633536
tt10132942,nm6507698
tt10132968,nm10540950
tt10132992,nm3730508
tt10133016,nm8488703
tt10133110,nm10540950
tt10133118,nm9147787
tt10133128,nm10540950
tt10133172,nm10540950
tt10133194,nm9918729
tt10133210,nm10597146
tt10133284,nm10597204
tt10133286,nm10535728
tt10133294,nm10530447
tt10133316,nm8462945
tt10133330,nm3162024
tt10133352,nm2147182
tt10133382,nm2219631
tt10133384,nm3162024
tt10133384,nm6763134
tt10133392,nm2219631
tt10133404,nm2219631
tt10133406,nm2219631
tt10133414,nm2219631
tt10133420,nm1459873
tt10133432,nm10597354
tt10133434,nm9629850
tt10133464,nm4033418
tt10133468,nm8506569
tt10133524,nm10593000
tt10133524,nm10593001
tt10133528,nm3190043
tt10133626,nm0492437
tt10133630,nm0655699
tt10133652,nm0492437
tt10133662,nm4033418
tt10133666,nm4033418
tt10133684,nm1548089
tt10133730,nm2033320
tt10133748,nm10537533
tt10133748,nm10595661
tt10133808,nm7229931
tt10133968,nm4395788
tt10133984,nm10597688
tt10133988,nm10597690
tt10134180,nm5945260
tt10134230,nm6307282
tt10134232,nm6307282
tt10134234,nm6307282
tt10134236,nm6307282
tt10134238,nm6307282
tt10134242,nm6307282
tt10134244,nm6307282
tt10134246,nm6307282
tt10134248,nm6307282
tt10134250,nm6307282
tt10134252,nm6307282
tt10134254,nm6307282
tt10134256,nm6307282
tt10134258,nm6307282
tt10134260,nm6307282
tt10134262,nm6307282
tt10134266,nm6307282
tt10134268,nm6307282
tt10134270,nm6307282
tt10134272,nm6307282
tt10134274,nm6307282
tt10134276,nm6307282
tt10134280,nm6307282
tt10134282,nm6307282
tt10134284,nm6307282
tt10134286,nm6307282
tt10134288,nm6307282
tt10134290,nm6307282
tt10134292,nm6307282
tt10134294,nm6307282
tt10134296,nm6307282
tt10134298,nm6307282
tt10134300,nm6307282
tt10134302,nm6307282
tt10134304,nm6307282
tt10134306,nm6307282
tt10134308,nm6307282
tt10134312,nm6307282
tt10134314,nm6307282
tt10134316,nm5945260
tt10134318,nm6307282
tt10134370,nm3644180
tt10134384,nm10597741
tt10134408,nm1066081
tt10134412,nm5945260
tt10134502,nm10597769
tt10134544,nm10612201
tt10134564,nm10612201
tt10134570,nm10612201
tt10134576,nm10612201
tt10134578,nm10612201
tt10134652,nm9604900
tt10134690,nm9604900
tt10134692,nm2388339
tt10134744,nm10597819
tt10134750,nm0961532
tt10134764,nm9604900
tt10134838,nm1008324
tt10134854,nm9604900
tt10134878,nm3448377
tt10134890,nm9604900
tt10134898,nm9604900
tt10134966,nm9329315
tt10134976,nm10586029
tt10135078,nm1908375
tt10135120,nm10598096
tt10135154,nm10598096
tt10135174,nm5638464
tt10135178,nm10598096
tt10135188,nm10598135
tt10135198,nm10598146
tt10135214,nm9824672
tt10135220,nm3914832
tt10135224,nm2619880
tt10135226,nm1409127
tt10135244,nm0891919
tt10135244,nm2575667
tt10135246,nm0891919
tt10135246,nm2575667
tt10135360,nm8222221
tt10135452,nm6560760
tt10135536,nm5317100
tt10135560,nm6096919
tt10135566,nm8680376
tt10135604,nm6175022
tt10135614,nm3324234
tt10135624,nm10691633
tt10135624,nm2141868
tt10135626,nm3324234
tt10135630,nm4591981
tt10135638,nm3324234
tt10135670,nm3324234
tt10135720,nm10598638
tt10135730,nm10540224
tt10135730,nm7505659
tt10135734,nm3324234
tt10135736,nm10309022
tt10135746,nm3324234
tt10135754,nm3324234
tt10135756,nm6096919
tt10135760,nm6096919
tt10135768,nm6096919
tt10135770,nm3324234
tt10135772,nm6096919
tt10135776,nm2770404
tt10135776,nm8223148
tt10135778,nm6096919
tt10135784,nm6096919
tt10135786,nm6096919
tt10135788,nm6096919
tt10135790,nm6096919
tt10135794,nm6096919
tt10135798,nm6096919
tt10135800,nm6096919
tt10135804,nm6096919
tt10135810,nm3324234
tt10135822,nm3324234
tt10135846,nm3324234
tt10135852,nm4965863
tt10135868,nm10598742
tt10135870,nm3324234
tt10135872,nm6735386
tt10135878,nm3324234
tt10135880,nm8467318
tt10135888,nm3324234
tt10135940,nm3324234
tt10135966,nm6096919
tt10135970,nm6096919
tt10135972,nm3324234
tt10135974,nm6096919
tt10135976,nm6096919
tt10135978,nm6096919
tt10135982,nm3324234
tt10135986,nm5023986
tt10135988,nm2062756
tt10135994,nm3324234
tt10135998,nm3324234
tt10136006,nm3324234
tt10136008,nm3324234
tt10136014,nm3324234
tt10136028,nm7708411
tt10136030,nm3324234
tt10136038,nm6052888
tt10136040,nm3324234
tt10136044,nm3324234
tt10136048,nm3324234
tt10136056,nm3324234
tt10136060,nm10598854
tt10136074,nm3324234
tt10136078,nm3324234
tt10136086,nm3324234
tt10136100,nm3324234
tt10136108,nm3324234
tt10136122,nm3324234
tt10136126,nm8570446
tt10136156,nm3324234
tt10136172,nm3324234
tt10136184,nm3324234
tt10136200,nm8720016
tt10136218,nm0231222
tt10136218,nm0479886
tt10136278,nm3324234
tt10136284,nm0231222
tt10136284,nm0479886
tt10136286,nm0231222
tt10136286,nm0479886
tt10136288,nm3324234
tt10136290,nm0231222
tt10136290,nm0479886
tt10136292,nm0231222
tt10136292,nm0479886
tt10136294,nm0231222
tt10136294,nm0479886
tt10136296,nm0231222
tt10136296,nm0479886
tt10136300,nm0231222
tt10136300,nm0479886
tt10136302,nm3324234
tt10136310,nm3324234
tt10136316,nm3324234
tt10136318,nm9319392
tt10136324,nm3324234
tt10136336,nm5192832
tt10136338,nm3324234
tt10136340,nm8570446
tt10136360,nm2682591
tt10136420,nm7953462
tt10136422,nm2682591
tt10136456,nm2682591
tt10136490,nm8570446
tt10136552,nm10348507
tt10136560,nm8730317
tt10136564,nm8730317
tt10136588,nm6096919
tt10136590,nm6096919
tt10136592,nm6096919
tt10136594,nm6096919
tt10136596,nm6096919
tt10136600,nm6096919
tt10136602,nm6096919
tt10136648,nm0465155
tt10136650,nm7105417
tt10136682,nm3626959
tt10136684,nm10599259
tt10136688,nm3626959
tt10136698,nm3626959
tt10136716,nm4465970
tt10136752,nm4465970
tt10136770,nm4465970
tt10136776,nm10591225
tt10136788,nm4167603
tt10136788,nm9194532
tt10136942,nm10599354
tt10136976,nm3448377
tt10136998,nm3448377
tt10137010,nm2388339
tt10137016,nm0370619
tt10137016,nm8909702
tt10137022,nm3448377
tt10137024,nm0683274
tt10137028,nm2388339
tt10137048,nm10599421
tt10137048,nm10599422
tt10137256,nm8351299
tt10137292,nm10599610
tt10137304,nm8730317
tt10137306,nm5948128
tt10137320,nm10331117
tt10137364,nm8730317
tt10137376,nm10599664
tt10137376,nm10599665
tt10137422,nm1040181
tt10137494,nm6729163
tt10137522,nm10592998
tt10137528,nm9277803
tt10137558,nm4685767
tt10137648,nm10599852
tt10137648,nm4532535
tt10137690,nm8188431
tt10137752,nm4443496
tt10138158,nm6307282
tt10138160,nm6307282
tt10138164,nm6307282
tt10138168,nm6307282
tt10138170,nm6307282
tt10138172,nm6307282
tt10138174,nm6307282
tt10138176,nm6307282
tt10138178,nm6307282
tt10138180,nm6307282
tt10138182,nm6307282
tt10138184,nm6307282
tt10138186,nm6307282
tt10138188,nm6307282
tt10138190,nm6307282
tt10138192,nm6307282
tt10138194,nm6307282
tt10138196,nm6307282
tt10138198,nm6307282
tt10138200,nm6307282
tt10138204,nm6307282
tt10138206,nm6307282
tt10138208,nm6307282
tt10138210,nm6307282
tt10138212,nm6307282
tt10138214,nm6307282
tt10138218,nm6307282
tt10138220,nm6307282
tt10138226,nm6307282
tt10138228,nm6307282
tt10138232,nm6307282
tt10138234,nm6307282
tt10138236,nm6307282
tt10138240,nm6307282
tt10138242,nm6307282
tt10138246,nm6307282
tt10138248,nm6307282
tt10138250,nm6307282
tt10138252,nm6307282
tt10138254,nm6307282
tt10138256,nm0052024
tt10138318,nm4606257
tt10138458,nm10592998
tt10138514,nm10586029
tt10138670,nm5493541
tt10138692,nm4571049
tt10138726,nm10600564
tt10138726,nm9277803
tt10138730,nm8706928
tt10138732,nm8706928
tt10138734,nm8706928
tt10138736,nm8706928
tt10138738,nm8706928
tt10138740,nm8706928
tt10138742,nm8706928
tt10138744,nm8706928
tt10138748,nm8706928
tt10138750,nm8706928
tt10138752,nm4787034
tt10138754,nm8706928
tt10138756,nm8706928
tt10138758,nm8706928
tt10138760,nm8706928
tt10138762,nm8706928
tt10138764,nm8706928
tt10138768,nm8706928
tt10138770,nm8706928
tt10138774,nm8706928
tt10138776,nm8706928
tt10138780,nm5934361
tt10138780,nm6119929
tt10138782,nm5934361
tt10138782,nm6119929
tt10138784,nm5934361
tt10138784,nm6119929
tt10138790,nm5934361
tt10138790,nm6119929
tt10138792,nm5934361
tt10138792,nm6119929
tt10138794,nm5934361
tt10138794,nm6119929
tt10138798,nm5934361
tt10138798,nm6119929
tt10138800,nm5934361
tt10138800,nm6119929
tt10138802,nm5934361
tt10138802,nm6119929
tt10138804,nm5934361
tt10138804,nm6119929
tt10138806,nm5934361
tt10138806,nm6119929
tt10138810,nm5934361
tt10138810,nm6119929
tt10138814,nm5934361
tt10138814,nm6119929
tt10138816,nm5934361
tt10138816,nm6119929
tt10138818,nm5934361
tt10138818,nm6119929
tt10138822,nm5934361
tt10138822,nm6119929
tt10138824,nm5934361
tt10138824,nm6119929
tt10138828,nm5934361
tt10138828,nm6119929
tt10138830,nm5934361
tt10138830,nm6119929
tt10138834,nm12473973
tt10138838,nm5934361
tt10138838,nm6119929
tt10138840,nm5934361
tt10138840,nm6119929
tt10138842,nm5934361
tt10138842,nm6119929
tt10138846,nm5934361
tt10138846,nm6119929
tt10138848,nm5934361
tt10138848,nm6119929
tt10138852,nm5934361
tt10138852,nm6119929
tt10138854,nm5934361
tt10138854,nm6119929
tt10138856,nm5934361
tt10138856,nm6119929
tt10138858,nm5934361
tt10138858,nm6119929
tt10138860,nm5934361
tt10138860,nm6119929
tt10138864,nm0839632
tt10138864,nm5934361
tt10138864,nm6119929
tt10138866,nm5934361
tt10138866,nm6119929
tt10138868,nm12753286
tt10138868,nm5934361
tt10138868,nm6119929
tt10138870,nm12753286
tt10138870,nm5934361
tt10138870,nm6119929
tt10138872,nm12753286
tt10138872,nm5934361
tt10138872,nm6119929
tt10138874,nm5934361
tt10138874,nm6119929
tt10138876,nm5934361
tt10138876,nm6119929
tt10138878,nm5934361
tt10138878,nm6119929
tt10138880,nm5934361
tt10138880,nm6119929
tt10138882,nm5934361
tt10138882,nm6119929
tt10138884,nm5934361
tt10138884,nm6119929
tt10138886,nm5934361
tt10138886,nm6119929
tt10138888,nm5934361
tt10138888,nm6119929
tt10138890,nm5934361
tt10138890,nm6119929
tt10138892,nm5934361
tt10138892,nm6119929
tt10138894,nm5934361
tt10138894,nm6119929
tt10138896,nm5934361
tt10138896,nm6119929
tt10138898,nm5934361
tt10138898,nm6119929
tt10138900,nm5934361
tt10138900,nm6119929
tt10138902,nm5934361
tt10138902,nm6119929
tt10138904,nm5934361
tt10138904,nm6119929
tt10138906,nm5934361
tt10138906,nm6119929
tt10138914,nm5934361
tt10138914,nm6119929
tt10138916,nm5934361
tt10138916,nm6119929
tt10138924,nm5934361
tt10138924,nm6119929
tt10138926,nm5934361
tt10138926,nm6119929
tt10138928,nm5934361
tt10138928,nm6119929
tt10138940,nm5934361
tt10138940,nm6119929
tt10138942,nm5934361
tt10138942,nm6119929
tt10138944,nm5934361
tt10138944,nm6119929
tt10138948,nm5934361
tt10138948,nm6119929
tt10138954,nm5934361
tt10138954,nm6119929
tt10138956,nm5934361
tt10138956,nm6119929
tt10138958,nm5934361
tt10138958,nm6119929
tt10138964,nm5934361
tt10138964,nm6119929
tt10139010,nm4976685
tt10139010,nm9117881
tt10139010,nm9987936
tt10139012,nm4976685
tt10139012,nm9117881
tt10139012,nm9987936
tt10139014,nm4976685
tt10139014,nm9117881
tt10139014,nm9987936
tt10139016,nm4976685
tt10139016,nm9117881
tt10139016,nm9987936
tt10139018,nm10600037
tt10139020,nm4976685
tt10139020,nm9117881
tt10139020,nm9987936
tt10139024,nm4976685
tt10139024,nm9117881
tt10139024,nm9987936
tt10139026,nm4976685
tt10139026,nm9117881
tt10139026,nm9987936
tt10139028,nm4976685
tt10139028,nm9117881
tt10139028,nm9987936
tt10139030,nm4976685
tt10139030,nm9117881
tt10139030,nm9987936
tt10139032,nm4976685
tt10139032,nm9117881
tt10139032,nm9987936
tt10139034,nm4976685
tt10139034,nm9117881
tt10139034,nm9987936
tt10139036,nm4976685
tt10139036,nm9117881
tt10139036,nm9987936
tt10139038,nm4976685
tt10139038,nm9117881
tt10139038,nm9987936
tt10139040,nm4976685
tt10139040,nm9117881
tt10139040,nm9987936
tt10139044,nm4976685
tt10139044,nm9117881
tt10139044,nm9987936
tt10139046,nm4976685
tt10139046,nm9117881
tt10139046,nm9987936
tt10139048,nm4976685
tt10139048,nm9117881
tt10139048,nm9987936
tt10139050,nm4976685
tt10139050,nm9117881
tt10139050,nm9987936
tt10139052,nm4976685
tt10139052,nm9117881
tt10139052,nm9987936
tt10139054,nm4976685
tt10139054,nm9117881
tt10139054,nm9987936
tt10139058,nm1590021
tt10139058,nm4976685
tt10139058,nm9117881
tt10139058,nm9987936
tt10139060,nm1590021
tt10139060,nm4976685
tt10139060,nm9117881
tt10139060,nm9987936
tt10139062,nm1590021
tt10139062,nm4976685
tt10139062,nm9117881
tt10139062,nm9987936
tt10139066,nm1590021
tt10139066,nm4976685
tt10139066,nm9117881
tt10139066,nm9987936
tt10139068,nm1590021
tt10139068,nm4976685
tt10139068,nm9117881
tt10139068,nm9987936
tt10139070,nm1590021
tt10139070,nm4976685
tt10139070,nm9117881
tt10139070,nm9987936
tt10139072,nm1590021
tt10139072,nm4976685
tt10139072,nm9117881
tt10139072,nm9987936
tt10139074,nm1590021
tt10139074,nm4976685
tt10139074,nm9117881
tt10139074,nm9987936
tt10139076,nm1590021
tt10139076,nm4976685
tt10139076,nm9117881
tt10139076,nm9987936
tt10139080,nm1590021
tt10139080,nm4976685
tt10139080,nm9117881
tt10139080,nm9987936
tt10139082,nm1590021
tt10139082,nm4976685
tt10139082,nm9117881
tt10139082,nm9987936
tt10139084,nm1590021
tt10139084,nm4976685
tt10139084,nm9117881
tt10139084,nm9987936
tt10139086,nm1590021
tt10139086,nm4976685
tt10139086,nm9117881
tt10139086,nm9987936
tt10139088,nm1590021
tt10139088,nm4976685
tt10139088,nm9117881
tt10139088,nm9987936
tt10139092,nm1590021
tt10139092,nm4976685
tt10139092,nm9117881
tt10139092,nm9987936
tt10139094,nm1590021
tt10139094,nm4976685
tt10139094,nm9117881
tt10139094,nm9987936
tt10139096,nm1590021
tt10139096,nm4976685
tt10139096,nm9117881
tt10139096,nm9987936
tt10139098,nm1590021
tt10139098,nm4976685
tt10139098,nm9117881
tt10139098,nm9987936
tt10139100,nm1590021
tt10139100,nm4976685
tt10139100,nm9117881
tt10139100,nm9987936
tt10139104,nm1590021
tt10139104,nm4976685
tt10139104,nm9117881
tt10139104,nm9987936
tt10139106,nm1590021
tt10139106,nm4976685
tt10139106,nm9117881
tt10139106,nm9987936
tt10139108,nm1590021
tt10139108,nm4976685
tt10139108,nm9117881
tt10139108,nm9987936
tt10139110,nm1590021
tt10139110,nm4976685
tt10139110,nm9117881
tt10139110,nm9987936
tt10139116,nm1590021
tt10139116,nm4976685
tt10139116,nm9117881
tt10139116,nm9987936
tt10139118,nm1590021
tt10139118,nm4976685
tt10139118,nm9117881
tt10139118,nm9987936
tt10139122,nm1590021
tt10139122,nm4976685
tt10139122,nm9117881
tt10139122,nm9987936
tt10139124,nm1590021
tt10139124,nm4976685
tt10139124,nm9117881
tt10139124,nm9987936
tt10139126,nm1590021
tt10139126,nm4976685
tt10139126,nm9117881
tt10139126,nm9987936
tt10139130,nm1590021
tt10139130,nm4976685
tt10139130,nm9117881
tt10139130,nm9987936
tt10139134,nm1590021
tt10139134,nm4976685
tt10139134,nm9117881
tt10139134,nm9987936
tt10139136,nm1590021
tt10139136,nm4976685
tt10139136,nm9117881
tt10139136,nm9987936
tt10139138,nm1590021
tt10139138,nm4976685
tt10139138,nm9117881
tt10139138,nm9987936
tt10139140,nm1590021
tt10139140,nm4976685
tt10139140,nm9117881
tt10139140,nm9987936
tt10139142,nm1590021
tt10139142,nm4976685
tt10139142,nm9117881
tt10139142,nm9987936
tt10139144,nm1590021
tt10139144,nm4976685
tt10139144,nm9117881
tt10139144,nm9987936
tt10139154,nm4571049
tt10139156,nm1090791
tt10139158,nm4571049
tt10139300,nm8744139
tt10139520,nm6054181
tt10139552,nm9566722
tt10139552,nm9566723
tt10139566,nm2062756
tt10139568,nm10600162
tt10139572,nm3914832
tt10139586,nm3914832
tt10139590,nm3914832
tt10139594,nm3914832
tt10139598,nm3914832
tt10139628,nm12473973
tt10139824,nm7092171
tt10139930,nm1298267
tt10140032,nm0266605
tt10140032,nm0367889
tt10140032,nm0643653
tt10140032,nm2758048
tt10140034,nm0367889
tt10140034,nm0643653
tt10140034,nm2758048
tt10140046,nm0266605
tt10140046,nm0367889
tt10140046,nm2758048
tt10140046,nm2763383
tt10140054,nm0266605
tt10140054,nm0367889
tt10140054,nm2758048
tt10140054,nm2763383
tt10140074,nm0266605
tt10140074,nm0367889
tt10140074,nm2758048
tt10140074,nm2763383
tt10140084,nm0266605
tt10140084,nm2758048
tt10140084,nm2763383
tt10140092,nm0266605
tt10140092,nm2758048
tt10140092,nm2763383
tt10140094,nm10583458
tt10140096,nm8304262
tt10140138,nm0465894
tt10140144,nm4827297
tt10140156,nm9511046
tt10140160,nm6812315
tt10140166,nm10600478
tt10140180,nm10600488
tt10140186,nm1908375
tt10140190,nm9593887
tt10140202,nm10600507
tt10140220,nm5463570
tt10140256,nm3556981
tt10140300,nm0447097
tt10140338,nm7366807
tt10140430,nm9504985
tt10140430,nm9504986
tt10140532,nm2161404
tt10140538,nm10600669
tt10140540,nm7067676
tt10140552,nm10600669
tt10140552,nm1897781
tt10140552,nm8581630
tt10140560,nm7067676
tt10140580,nm10600842
tt10140582,nm10600847
tt10140592,nm10600867
tt10140608,nm3478000
tt10140622,nm10600890
tt10140622,nm2378014
tt10140642,nm2283682
tt10140642,nm4606060
tt10140648,nm5381569
tt10140680,nm10597741
tt10140862,nm6474253
tt10140912,nm0851092
tt10140934,nm10565039
tt10140936,nm1672066
tt10140952,nm1672066
tt10140964,nm4576627
tt10140978,nm1672066
tt10141014,nm8310171
tt10141016,nm1672066
tt10141058,nm8968220
tt10141064,nm10601305
tt10141202,nm3415473
tt10141226,nm0266605
tt10141226,nm2758048
tt10141226,nm2763383
tt10141228,nm0266605
tt10141228,nm2758048
tt10141228,nm2763383
tt10141230,nm0266605
tt10141230,nm2758048
tt10141230,nm2763383
tt10141232,nm0367889
tt10141232,nm2758048
tt10141232,nm2763383
tt10141234,nm0367889
tt10141234,nm2758048
tt10141234,nm2763383
tt10141238,nm0266605
tt10141238,nm0367889
tt10141240,nm0266605
tt10141240,nm0367889
tt10141240,nm2763383
tt10141242,nm0266605
tt10141242,nm0367889
tt10141242,nm2763383
tt10141244,nm0266605
tt10141244,nm2763383
tt10141252,nm0266605
tt10141252,nm0367889
tt10141252,nm2763383
tt10141254,nm0266605
tt10141254,nm0367889
tt10141254,nm2763383
tt10141264,nm0367889
tt10141264,nm0643653
tt10141264,nm2763383
tt10141268,nm0367889
tt10141268,nm0643653
tt10141268,nm2763383
tt10141274,nm0367889
tt10141274,nm0643653
tt10141274,nm2763383
tt10141276,nm0367889
tt10141276,nm0643653
tt10141276,nm2763383
tt10141280,nm0367889
tt10141280,nm0643653
tt10141346,nm6084442
tt10141452,nm10009356
tt10141640,nm10601427
tt10141640,nm3370587
tt10141736,nm0863787
tt10141802,nm10601527
tt10141864,nm0890254
tt10141870,nm0890254
tt10141872,nm0890254
tt10141876,nm0890254
tt10141880,nm0890254
tt10141884,nm0890254
tt10141886,nm0890254
tt10141888,nm0890254
tt10141902,nm3294967
tt10141948,nm3740633
tt10141952,nm10601614
tt10142012,nm1165254
tt10142014,nm1165254
tt10142020,nm1165254
tt10142046,nm8702640
tt10142472,nm9252071
tt10142818,nm4550910
tt10142820,nm4081058
tt10142824,nm4081058
tt10142826,nm4081058
tt10142828,nm4976685
tt10142828,nm9117881
tt10142828,nm9987936
tt10142830,nm4976685
tt10142830,nm9117881
tt10142830,nm9987936
tt10142832,nm4976685
tt10142832,nm9117881
tt10142832,nm9987936
tt10142834,nm4976685
tt10142834,nm9117881
tt10142834,nm9987936
tt10142836,nm4976685
tt10142836,nm9117881
tt10142836,nm9987936
tt10142838,nm4081058
tt10142840,nm4976685
tt10142840,nm9117881
tt10142840,nm9987936
tt10142842,nm4976685
tt10142842,nm9117881
tt10142842,nm9987936
tt10142844,nm4976685
tt10142844,nm9117881
tt10142844,nm9987936
tt10142846,nm4976685
tt10142846,nm9117881
tt10142846,nm9987936
tt10142848,nm4976685
tt10142848,nm9117881
tt10142848,nm9987936
tt10142850,nm4976685
tt10142850,nm9117881
tt10142850,nm9987936
tt10142856,nm4976685
tt10142856,nm9117881
tt10142856,nm9987936
tt10142858,nm4976685
tt10142858,nm9117881
tt10142858,nm9987936
tt10142860,nm4976685
tt10142860,nm9117881
tt10142860,nm9987936
tt10142862,nm4976685
tt10142862,nm9117881
tt10142862,nm9987936
tt10142864,nm4976685
tt10142864,nm9117881
tt10142864,nm9987936
tt10142868,nm4976685
tt10142868,nm9117881
tt10142868,nm9987936
tt10142870,nm4976685
tt10142870,nm9117881
tt10142870,nm9987936
tt10142872,nm4976685
tt10142872,nm9117881
tt10142872,nm9987936
tt10142874,nm4976685
tt10142874,nm9117881
tt10142874,nm9987936
tt10142878,nm4976685
tt10142878,nm9117881
tt10142878,nm9987936
tt10142880,nm4976685
tt10142880,nm9117881
tt10142880,nm9987936
tt10142884,nm4976685
tt10142884,nm9117881
tt10142884,nm9987936
tt10142886,nm4976685
tt10142886,nm9117881
tt10142886,nm9987936
tt10142888,nm4976685
tt10142888,nm9117881
tt10142888,nm9987936
tt10142906,nm5934361
tt10142906,nm6119929
tt10142908,nm5934361
tt10142908,nm6119929
tt10142912,nm5934361
tt10142912,nm6119929
tt10142914,nm5934361
tt10142914,nm6119929
tt10142916,nm5934361
tt10142916,nm6119929
tt10142918,nm5934361
tt10142918,nm6119929
tt10142920,nm5934361
tt10142920,nm6119929
tt10142924,nm5934361
tt10142924,nm6119929
tt10142926,nm5934361
tt10142926,nm6119929
tt10142930,nm5934361
tt10142930,nm6119929
tt10142932,nm5934361
tt10142932,nm6119929
tt10142934,nm5934361
tt10142934,nm6119929
tt10142936,nm5934361
tt10142936,nm6119929
tt10142938,nm5934361
tt10142938,nm6119929
tt10142942,nm5934361
tt10142942,nm6119929
tt10142944,nm5934361
tt10142944,nm6119929
tt10142946,nm5934361
tt10142946,nm6119929
tt10142950,nm5934361
tt10142950,nm6119929
tt10142952,nm5934361
tt10142952,nm6119929
tt10142954,nm5934361
tt10142954,nm6119929
tt10142956,nm5934361
tt10142956,nm6119929
tt10142958,nm5934361
tt10142958,nm6119929
tt10142962,nm5934361
tt10142962,nm6119929
tt10142966,nm5934361
tt10142966,nm6119929
tt10142970,nm5934361
tt10142970,nm6119929
tt10142972,nm5934361
tt10142972,nm6119929
tt10142974,nm5934361
tt10142974,nm6119929
tt10142976,nm5934361
tt10142976,nm6119929
tt10142982,nm12753286
tt10142982,nm5934361
tt10142982,nm6119929
tt10142984,nm12753286
tt10142984,nm5934361
tt10142984,nm6119929
tt10142986,nm12753286
tt10142986,nm5934361
tt10142986,nm6119929
tt10142992,nm12753286
tt10142992,nm5934361
tt10142992,nm6119929
tt10142994,nm12753286
tt10142994,nm5934361
tt10142994,nm6119929
tt10142996,nm12753286
tt10142996,nm5934361
tt10142996,nm6119929
tt10142998,nm12753286
tt10142998,nm5934361
tt10142998,nm6119929
tt10143000,nm12753286
tt10143000,nm5934361
tt10143000,nm6119929
tt10143002,nm12753286
tt10143002,nm5934361
tt10143002,nm6119929
tt10143004,nm12753286
tt10143004,nm5934361
tt10143004,nm6119929
tt10143006,nm12753286
tt10143006,nm5934361
tt10143006,nm6119929
tt10143010,nm12753286
tt10143010,nm5934361
tt10143010,nm6119929
tt10143012,nm12753286
tt10143012,nm5934361
tt10143012,nm6119929
tt10143014,nm12753286
tt10143014,nm5934361
tt10143014,nm6119929
tt10143020,nm12753286
tt10143020,nm5934361
tt10143020,nm6119929
tt10143022,nm12753286
tt10143022,nm5934361
tt10143022,nm6119929
tt10143024,nm12753286
tt10143024,nm5934361
tt10143024,nm6119929
tt10143026,nm12753286
tt10143026,nm5934361
tt10143026,nm6119929
tt10143030,nm5934361
tt10143030,nm6119929
tt10143032,nm5934361
tt10143032,nm6119929
tt10143034,nm5934361
tt10143034,nm6119929
tt10143038,nm5934361
tt10143038,nm6119929
tt10143040,nm5934361
tt10143040,nm6119929
tt10143042,nm5934361
tt10143042,nm6119929
tt10143046,nm5934361
tt10143046,nm6119929
tt10143048,nm5934361
tt10143048,nm6119929
tt10143050,nm5934361
tt10143050,nm6119929
tt10143052,nm5934361
tt10143052,nm6119929
tt10143054,nm5934361
tt10143054,nm6119929
tt10143056,nm5934361
tt10143056,nm6119929
tt10143058,nm5934361
tt10143058,nm6119929
tt10143060,nm5934361
tt10143060,nm6119929
tt10143062,nm5934361
tt10143062,nm6119929
tt10143064,nm5934361
tt10143064,nm6119929
tt10143068,nm5934361
tt10143068,nm6119929
tt10143070,nm5934361
tt10143070,nm6119929
tt10143072,nm7774612
tt10143082,nm8706928
tt10143084,nm8706928
tt10143088,nm8706928
tt10143090,nm8706928
tt10143092,nm8706928
tt10143094,nm8706928
tt10143098,nm8706928
tt10143102,nm8706928
tt10143104,nm8706928
tt10143108,nm8706928
tt10143112,nm8706928
tt10143116,nm8706928
tt10143118,nm8706928
tt10143120,nm8706928
tt10143122,nm8706928
tt10143124,nm8706928
tt10143126,nm8706928
tt10143130,nm8706928
tt10143132,nm8706928
tt10143134,nm8706928
tt10143136,nm2641366
tt10143190,nm9165611
tt10143230,nm10601911
tt10143314,nm3456041
tt10143416,nm3581874
tt10143424,nm6307282
tt10143432,nm6307282
tt10143436,nm6307282
tt10143438,nm6307282
tt10143440,nm6307282
tt10143442,nm6307282
tt10143444,nm6307282
tt10143448,nm6307282
tt10143450,nm6307282
tt10143452,nm6307282
tt10143456,nm6307282
tt10143458,nm6307282
tt10143460,nm6307282
tt10143462,nm6307282
tt10143466,nm6307282
tt10143468,nm6307282
tt10143470,nm6307282
tt10143474,nm6307282
tt10143476,nm6307282
tt10143478,nm6307282
tt10143486,nm3762946
tt10143488,nm6307282
tt10143490,nm6307282
tt10143492,nm6307282
tt10143494,nm6307282
tt10143496,nm6307282
tt10143500,nm6307282
tt10143502,nm6307282
tt10143504,nm6307282
tt10143506,nm3464152
tt10143506,nm3464212
tt10143510,nm6307282
tt10143512,nm6307282
tt10143514,nm6307282
tt10143516,nm6307282
tt10143518,nm6307282
tt10143520,nm6307282
tt10143522,nm6307282
tt10143524,nm6307282
tt10143526,nm6307282
tt10143528,nm6307282
tt10143530,nm6307282
tt10143532,nm6307282
tt10143542,nm10363016
tt10143572,nm9672289
tt10143662,nm3762946
tt10143700,nm1499126
tt10143702,nm0687739
tt10143702,nm0790515
tt10143702,nm10197147
tt10143710,nm10601986
tt10143726,nm0687739
tt10143726,nm0790515
tt10143726,nm10197147
tt10143740,nm0687739
tt10143740,nm0790515
tt10143740,nm10197147
tt10143752,nm4081058
tt10143754,nm4081058
tt10143756,nm4081058
tt10143758,nm4081058
tt10143772,nm1499126
tt10143786,nm1672066
tt10143994,nm8932411
tt10143994,nm9818935
tt10144004,nm8932411
tt10144004,nm9818935
tt10144006,nm8932411
tt10144006,nm9818935
tt10144008,nm8932411
tt10144008,nm9818935
tt10144010,nm8932411
tt10144010,nm9818935
tt10144012,nm8932411
tt10144012,nm9818935
tt10144014,nm8932411
tt10144014,nm9818935
tt10144016,nm8932411
tt10144016,nm9818935
tt10144018,nm8932411
tt10144018,nm9818935
tt10144020,nm8932411
tt10144020,nm9818935
tt10144022,nm8932411
tt10144022,nm9818935
tt10144024,nm8932411
tt10144024,nm9818935
tt10144026,nm8932411
tt10144026,nm9818935
tt10144028,nm8932411
tt10144028,nm9818935
tt10144030,nm8932411
tt10144030,nm9818935
tt10144032,nm8932411
tt10144032,nm9818935
tt10144034,nm8932411
tt10144034,nm9818935
tt10144036,nm8932411
tt10144036,nm9818935
tt10144038,nm8932411
tt10144038,nm9818935
tt10144042,nm8932411
tt10144042,nm9818935
tt10144062,nm8932411
tt10144062,nm9818935
tt10144116,nm7605819
tt10144116,nm8848339
tt10144198,nm0740801
tt10144198,nm0782635
tt10144202,nm3445220
tt10144216,nm2391713
tt10144216,nm3739907
tt10144242,nm5368953
tt10144298,nm3254296
tt10144298,nm4946449
tt10144352,nm6454078
tt10144356,nm10602265
tt10144356,nm7285509
tt10144414,nm5368953
tt10144436,nm10600489
tt10144564,nm7860304
tt10144568,nm10582957
tt10144574,nm3762946
tt10144590,nm11069600
tt10144590,nm6536879
tt10144828,nm10602384
tt10144828,nm10602385
tt10144878,nm1832683
tt10144880,nm7739760
tt10144996,nm5377530
tt10144998,nm1832683
tt10145000,nm0742847
tt10145198,nm10602580
tt10145220,nm0010938
tt10145220,nm6167119
tt10145226,nm3410622
tt10145282,nm3615177
tt10145302,nm6523579
tt10145314,nm10194592
tt10145320,nm9111563
tt10145330,nm9111563
tt10145332,nm2835687
tt10145336,nm9111563
tt10145348,nm9111563
tt10145352,nm10602686
tt10145352,nm10602688
tt10145356,nm9111563
tt10145370,nm9111563
tt10145386,nm9111563
tt10145414,nm8212533
tt10145442,nm9111563
tt10145506,nm9111563
tt10145508,nm8932411
tt10145508,nm9818935
tt10145510,nm8932411
tt10145510,nm9818935
tt10145512,nm8932411
tt10145512,nm9818935
tt10145516,nm8932411
tt10145516,nm9818935
tt10145518,nm8932411
tt10145518,nm9818935
tt10145520,nm8932411
tt10145520,nm9818935
tt10145522,nm8932411
tt10145522,nm9818935
tt10145524,nm8932411
tt10145524,nm9818935
tt10145526,nm8932411
tt10145526,nm9818935
tt10145528,nm8932411
tt10145528,nm9818935
tt10145530,nm8932411
tt10145530,nm9818935
tt10145532,nm8932411
tt10145532,nm9818935
tt10145534,nm8932411
tt10145534,nm9818935
tt10145536,nm8932411
tt10145536,nm9818935
tt10145538,nm8932411
tt10145538,nm9818935
tt10145540,nm8932411
tt10145540,nm9818935
tt10145542,nm8932411
tt10145542,nm9818935
tt10145544,nm9111563
tt10145546,nm8932411
tt10145546,nm9818935
tt10145548,nm8932411
tt10145548,nm9818935
tt10145550,nm8932411
tt10145550,nm9818935
tt10145556,nm9111563
tt10145564,nm8212533
tt10145578,nm8093244
tt10145634,nm8212533
tt10145650,nm10602638
tt10145706,nm8212533
tt10145762,nm8212533
tt10145802,nm8212533
tt10145840,nm2288696
tt10145850,nm8212533
tt10145854,nm6307282
tt10145856,nm6307282
tt10145858,nm6307282
tt10145860,nm6307282
tt10145862,nm6307282
tt10145864,nm6307282
tt10145866,nm6307282
tt10145870,nm6307282
tt10145872,nm6307282
tt10145874,nm6307282
tt10145876,nm6307282
tt10145878,nm6307282
tt10145880,nm6307282
tt10145884,nm6307282
tt10145886,nm6307282
tt10145888,nm6307282
tt10145890,nm6307282
tt10145892,nm6307282
tt10145894,nm6307282
tt10145896,nm6307282
tt10145898,nm6307282
tt10145900,nm6307282
tt10145904,nm6307282
tt10145906,nm6307282
tt10145908,nm6307282
tt10145910,nm6307282
tt10145912,nm6307282
tt10145914,nm6307282
tt10145916,nm6307282
tt10145920,nm8212533
tt10145922,nm6307282
tt10145924,nm6307282
tt10145926,nm6307282
tt10145928,nm6307282
tt10145930,nm6307282
tt10145934,nm6307282
tt10145936,nm6307282
tt10145938,nm6307282
tt10145940,nm6307282
tt10145942,nm6307282
tt10145944,nm6307282
tt10145946,nm6307282
tt10145948,nm6307282
tt10145950,nm6307282
tt10145952,nm6307282
tt10145954,nm6307282
tt10145982,nm8212533
tt10146026,nm8212533
tt10146194,nm3549648
tt10146218,nm10602904
tt10146218,nm1924938
tt10146268,nm8697671
tt10146284,nm9111563
tt10146292,nm9111563
tt10146306,nm9111563
tt10146318,nm9111563
tt10146330,nm9111563
tt10146334,nm9111563
tt10146348,nm9111563
tt10146360,nm9111563
tt10146362,nm5570915
tt10146366,nm9111563
tt10146368,nm1709238
tt10146370,nm9111563
tt10146376,nm9111563
tt10146390,nm9111563
tt10146392,nm10594300
tt10146404,nm9111563
tt10146418,nm9111563
tt10146430,nm10603094
tt10146430,nm3927333
tt10146432,nm10603097
tt10146434,nm9111563
tt10146472,nm0514612
tt10146472,nm8867712
tt10146514,nm4972115
tt10146514,nm4987096
tt10146586,nm10603202
tt10146606,nm9639142
tt10146716,nm7425360
tt10146982,nm10330419
tt10146982,nm10330420
tt10147090,nm1257557
tt10147114,nm10594598
tt10147194,nm10603351
tt10147212,nm7367042
tt10147214,nm6301348
tt10147246,nm1165254
tt10147248,nm1165254
tt10147250,nm10603351
tt10147252,nm1165254
tt10147260,nm3597657
tt10147260,nm3766090
tt10147264,nm3157906
tt10147270,nm10295412
tt10147274,nm5737767
tt10147284,nm10603425
tt10147290,nm10540950
tt10147300,nm10540950
tt10147310,nm10540950
tt10147318,nm10603501
tt10147344,nm0643653
tt10147360,nm8308675
tt10147374,nm10540950
tt10147380,nm0643653
tt10147384,nm0643653
tt10147388,nm0266605
tt10147390,nm0643653
tt10147392,nm6984522
tt10147394,nm0266605
tt10147398,nm10540950
tt10147406,nm0266605
tt10147410,nm4390397
tt10147416,nm0266605
tt10147420,nm0367889
tt10147422,nm0367889
tt10147424,nm4987096
tt10147428,nm0367889
tt10147440,nm0266605
tt10147446,nm0266605
tt10147450,nm0266605
tt10147458,nm6984522
tt10147566,nm4987096
tt10147582,nm4987096
tt1014763,nm1174251
tt10147646,nm4550910
tt10147656,nm1054094
tt10147702,nm2288696
tt10147702,nm6447084
tt10147792,nm3116165
tt10147792,nm8322953
tt10147810,nm10603834
tt10147840,nm4331656
tt10147852,nm10603730
tt10147860,nm10572330
tt10147872,nm1929927
tt10147878,nm10603889
tt10147896,nm4148385
tt10147938,nm13061862
tt10147938,nm2435711
tt10147938,nm3188895
tt10147944,nm10603999
tt10147948,nm4680706
tt10147954,nm1756732
tt10147954,nm3097622
tt10147954,nm5012547
tt10147956,nm4485651
tt10147958,nm13061862
tt10147958,nm2435711
tt10147958,nm3188895
tt10147972,nm13061862
tt10147972,nm2435711
tt10147972,nm3188895
tt10148056,nm10216498
tt10148060,nm5914947
tt10148070,nm0342764
tt10148080,nm10604098
tt10148080,nm10604100
tt10148098,nm5914947
tt10148100,nm2926046
tt10148120,nm10604128
tt10148128,nm0266605
tt10148132,nm0367889
tt10148134,nm0367889
tt10148158,nm10604147
tt10148160,nm9224220
tt10148210,nm7414892
tt10148212,nm5934361
tt10148212,nm6119929
tt10148214,nm5934361
tt10148214,nm6119929
tt10148216,nm5934361
tt10148216,nm6119929
tt10148220,nm5934361
tt10148220,nm6119929
tt10148222,nm5934361
tt10148222,nm6119929
tt10148224,nm5934361
tt10148224,nm6119929
tt10148226,nm5934361
tt10148226,nm6119929
tt10148228,nm5934361
tt10148228,nm6119929
tt10148230,nm5934361
tt10148230,nm6119929
tt10148232,nm5934361
tt10148232,nm6119929
tt10148234,nm5934361
tt10148234,nm6119929
tt10148236,nm5934361
tt10148236,nm6119929
tt10148238,nm5934361
tt10148238,nm6119929
tt10148240,nm5934361
tt10148240,nm6119929
tt10148242,nm5934361
tt10148242,nm6119929
tt10148244,nm5934361
tt10148244,nm6119929
tt10148246,nm5934361
tt10148246,nm6119929
tt10148250,nm5934361
tt10148250,nm6119929
tt10148252,nm5934361
tt10148252,nm6119929
tt10148256,nm9111563
tt10148262,nm8706928
tt10148268,nm8706928
tt10148270,nm8706928
tt10148272,nm8706928
tt10148274,nm8706928
tt10148276,nm8706928
tt10148278,nm8706928
tt10148280,nm8706928
tt10148282,nm8706928
tt10148284,nm8706928
tt10148288,nm8706928
tt10148290,nm8706928
tt10148292,nm8706928
tt10148294,nm8706928
tt10148296,nm8706928
tt10148300,nm8706928
tt10148302,nm8706928
tt10148304,nm8706928
tt10148306,nm8706928
tt10148308,nm8706928
tt10148310,nm9111563
tt10148316,nm12753286
tt10148316,nm5934361
tt10148316,nm6119929
tt10148318,nm12753286
tt10148318,nm5934361
tt10148318,nm6119929
tt10148320,nm12753286
tt10148320,nm5934361
tt10148320,nm6119929
tt10148322,nm12753286
tt10148322,nm5934361
tt10148322,nm6119929
tt10148324,nm5934361
tt10148324,nm6119929
tt10148328,nm5934361
tt10148328,nm6119929
tt10148330,nm5934361
tt10148330,nm6119929
tt10148332,nm12753286
tt10148332,nm5934361
tt10148332,nm6119929
tt10148334,nm9111563
tt10148336,nm12753286
tt10148336,nm5934361
tt10148336,nm6119929
tt10148338,nm12753286
tt10148338,nm5934361
tt10148338,nm6119929
tt10148340,nm12753286
tt10148340,nm5934361
tt10148340,nm6119929
tt10148344,nm12753286
tt10148344,nm5934361
tt10148344,nm6119929
tt10148346,nm12753286
tt10148346,nm5934361
tt10148346,nm6119929
tt10148348,nm5934361
tt10148348,nm6119929
tt10148350,nm5934361
tt10148350,nm6119929
tt10148352,nm5934361
tt10148352,nm6119929
tt10148354,nm5934361
tt10148354,nm6119929
tt10148356,nm0839632
tt10148356,nm5934361
tt10148356,nm6119929
tt10148358,nm5934361
tt10148358,nm6119929
tt10148360,nm5934361
tt10148360,nm6119929
tt10148362,nm5934361
tt10148362,nm6119929
tt10148364,nm9111563
tt10148366,nm5934361
tt10148366,nm6119929
tt10148368,nm5934361
tt10148368,nm6119929
tt10148370,nm5934361
tt10148370,nm6119929
tt10148372,nm5934361
tt10148372,nm6119929
tt10148374,nm5934361
tt10148374,nm6119929
tt10148376,nm5934361
tt10148376,nm6119929
tt10148380,nm5934361
tt10148380,nm6119929
tt10148382,nm5934361
tt10148382,nm6119929
tt10148384,nm5934361
tt10148384,nm6119929
tt10148386,nm5934361
tt10148386,nm6119929
tt10148388,nm5934361
tt10148388,nm6119929
tt10148390,nm5934361
tt10148390,nm6119929
tt10148392,nm5934361
tt10148392,nm6119929
tt10148394,nm5934361
tt10148394,nm6119929
tt10148396,nm5934361
tt10148396,nm6119929
tt10148402,nm9111563
tt10148412,nm5934361
tt10148412,nm6119929
tt10148414,nm5934361
tt10148414,nm6119929
tt10148416,nm5934361
tt10148416,nm6119929
tt10148418,nm5934361
tt10148418,nm6119929
tt10148420,nm5934361
tt10148420,nm6119929
tt10148422,nm5934361
tt10148422,nm6119929
tt10148424,nm5934361
tt10148424,nm6119929
tt10148426,nm5934361
tt10148426,nm6119929
tt10148428,nm5934361
tt10148428,nm6119929
tt10148430,nm5934361
tt10148430,nm6119929
tt10148432,nm5934361
tt10148432,nm6119929
tt10148434,nm5934361
tt10148434,nm6119929
tt10148436,nm5934361
tt10148436,nm6119929
tt10148438,nm5934361
tt10148438,nm6119929
tt10148440,nm9111563
tt10148442,nm5934361
tt10148442,nm6119929
tt10148444,nm0367889
tt10148446,nm5934361
tt10148446,nm6119929
tt10148448,nm5934361
tt10148448,nm6119929
tt10148450,nm5934361
tt10148450,nm6119929
tt10148454,nm5934361
tt10148454,nm6119929
tt10148456,nm5934361
tt10148456,nm6119929
tt10148458,nm5934361
tt10148458,nm6119929
tt10148460,nm5934361
tt10148460,nm6119929
tt10148462,nm5934361
tt10148462,nm6119929
tt10148464,nm0266605
tt10148466,nm0266605
tt10148468,nm9111563
tt10148478,nm0266605
tt10148544,nm9111563
tt10148580,nm7932803
tt10148620,nm2763383
tt10148644,nm9111563
tt10148724,nm9111563
tt10148772,nm10606942
tt10148772,nm8119783
tt10148794,nm9111563
tt10148802,nm1181727
tt10148838,nm9111563
tt10148898,nm9111563
tt10148930,nm9753164
tt10148970,nm9111563
tt10149010,nm3545558
tt10149014,nm3545558
tt10149018,nm3545558
tt10149022,nm3545558
tt10149028,nm3545558
tt10149040,nm3545558
tt10149052,nm3545558
tt10149070,nm3545558
tt10149076,nm3545558
tt10149078,nm3545558
tt10149208,nm9022666
tt10149208,nm9028943
tt10149262,nm2835452
tt10149368,nm3766055
tt10149530,nm1181727
tt10149582,nm10604490
tt10149582,nm5422211
tt10149582,nm8213447
tt10149622,nm8085587
tt10149714,nm10604534
tt10149750,nm1181727
tt10149784,nm6329739
tt10149860,nm6575621
tt10149864,nm10604648
tt10149922,nm1828395
tt10149922,nm2902621
tt10149962,nm1828395
tt10149962,nm2902621
tt10150076,nm2146173
tt10150146,nm1828395
tt10150146,nm2902621
tt10150148,nm1315336
tt10150156,nm2146173
tt10150194,nm6984522
tt10150272,nm1315336
tt10150276,nm1257557
tt10150296,nm10604946
tt10150322,nm10604963
tt10150326,nm7818946
tt10150356,nm2146173
tt10150362,nm10605074
tt10150364,nm10605075
tt10150368,nm10605082
tt10150370,nm1933606
tt10150372,nm10605087
tt10150376,nm2441372
tt10150414,nm10594598
tt10150452,nm7110779
tt10150500,nm2835687
tt10150500,nm5345707
tt10150500,nm7702018
tt10150584,nm0193203
tt10150628,nm6671118
tt10150654,nm10594598
tt10150762,nm10605364
tt10150804,nm2588948
tt10150812,nm2588948
tt10150824,nm2588948
tt10150902,nm8257731
tt10150902,nm8774628
tt10150986,nm4821851
tt10151066,nm10605563
tt10151078,nm1306282
tt10151102,nm4516444
tt10151110,nm10291115
tt10151118,nm10605563
tt10151120,nm3320159
tt10151120,nm3395260
tt10151122,nm10605563
tt10151128,nm10605563
tt10151162,nm9604900
tt10151164,nm4516444
tt10151166,nm4535374
tt10151172,nm9604900
tt10151182,nm4014909
tt10151184,nm4014909
tt10151186,nm4014909
tt10151188,nm4014909
tt10151194,nm9604900
tt10151196,nm4014909
tt10151198,nm4014909
tt10151200,nm4014909
tt10151204,nm4014909
tt10151208,nm4014909
tt10151210,nm4014909
tt10151230,nm0802551
tt10151232,nm2714621
tt10151236,nm9604900
tt10151256,nm9604900
tt10151262,nm9604900
tt10151278,nm9604900
tt10151280,nm9604900
tt10151298,nm9604900
tt10151300,nm3597657
tt10151300,nm3766090
tt10151306,nm9604900
tt10151332,nm9604900
tt10151342,nm9156088
tt10151344,nm9604900
tt10151348,nm9604900
tt10151352,nm9604900
tt10151354,nm1832683
tt10151354,nm1930995
tt10151358,nm9604900
tt10151368,nm9604900
tt10151428,nm1181727
tt10151440,nm1181727
tt10151448,nm1832683
tt10151448,nm1930995
tt10151450,nm1832683
tt10151450,nm1930995
tt10151452,nm1832683
tt10151452,nm1930995
tt10151454,nm1832683
tt10151454,nm1930995
tt10151456,nm1832683
tt10151456,nm1930995
tt10151458,nm1832683
tt10151458,nm1930995
tt10151462,nm1832683
tt10151462,nm1930995
tt10151464,nm1832683
tt10151464,nm1930995
tt10151466,nm1832683
tt10151466,nm1930995
tt10151468,nm1832683
tt10151468,nm1930995
tt10151470,nm1832683
tt10151470,nm1930995
tt10151472,nm1832683
tt10151472,nm1930995
tt10151476,nm4094028
tt10151488,nm10601249
tt10151496,nm0773630
tt10151538,nm4595514
tt10151552,nm3952326
tt10151558,nm2441372
tt10151570,nm1075027
tt10151570,nm2274489
tt10151570,nm2588801
tt10151598,nm8450343
tt10151680,nm1165254
tt10151682,nm4680311
tt10151682,nm8469193
tt10151686,nm1165254
tt10151690,nm1165254
tt10151712,nm10606108
tt10151758,nm5261098
tt10151800,nm2968894
tt10151808,nm0837639
tt10151856,nm7022484
tt10151952,nm5234861
tt10151970,nm0535707
tt10151982,nm7283315
tt10151988,nm1158974
tt10152018,nm1165254
tt10152022,nm1165254
tt10152056,nm10525080
tt10152076,nm10525080
tt10152080,nm7368540
tt10152082,nm6870368
tt10152090,nm10525080
tt10152102,nm10606335
tt10152104,nm10525080
tt10152110,nm9898746
tt10152112,nm3300788
tt10152116,nm10525080
tt10152134,nm2441372
tt10152146,nm8287953
tt10152160,nm10525080
tt10152168,nm10525080
tt10152194,nm10525080
tt10152202,nm0633642
tt10152212,nm10525080
tt10152224,nm10525080
tt10152238,nm10525080
tt10152244,nm5261098
tt10152254,nm6871261
tt10152292,nm10606542
tt10152362,nm10525080
tt10152374,nm2763383
tt10152378,nm10525080
tt10152384,nm0367889
tt10152446,nm5234861
tt10152450,nm6870368
tt10152508,nm10415164
tt10152534,nm5403948
tt10152610,nm10606410
tt10152610,nm6213981
tt10152610,nm8340039
tt10152638,nm10415164
tt10152638,nm8792604
tt10152732,nm9725375
tt10152742,nm1459873
tt10152782,nm3374652
tt10152900,nm5194682
tt10152900,nm8457262
tt10152962,nm0232742
tt10153048,nm0232742
tt10153072,nm0232742
tt10153100,nm0232742
tt10153140,nm0232742
tt10153162,nm0232742
tt10153182,nm0232742
tt10153446,nm5063098
tt10153454,nm0232742
tt10153478,nm0232742
tt10153496,nm0232742
tt10153506,nm10595606
tt10153508,nm0232742
tt10153512,nm0854248
tt10153514,nm1802102
tt10153516,nm0854248
tt10153520,nm0854248
tt10153522,nm0854248
tt10153524,nm0854248
tt10153526,nm0854248
tt10153528,nm0854248
tt10153530,nm0854248
tt10153532,nm0854248
tt10153534,nm0854248
tt10153536,nm0854248
tt10153538,nm0854248
tt10153540,nm0854248
tt10153542,nm0854248
tt10153544,nm0854248
tt10153546,nm0854248
tt10153548,nm0232742
tt10153550,nm0854248
tt10153552,nm0854248
tt10153556,nm0854248
tt10153558,nm0854248
tt10153562,nm6870368
tt10153564,nm0854248
tt10153566,nm0854248
tt10153570,nm0854248
tt10153572,nm0854248
tt10153574,nm9837809
tt10153576,nm0854248
tt10153578,nm0854248
tt10153580,nm0854248
tt10153582,nm0854248
tt10153584,nm0854248
tt10153586,nm0854248
tt10153588,nm0854248
tt10153590,nm0854248
tt10153592,nm0854248
tt10153596,nm0854248
tt10153598,nm0854248
tt10153602,nm0854248
tt10153604,nm0854248
tt10153606,nm0854248
tt10153608,nm0854248
tt10153610,nm0854248
tt10153626,nm0749573
tt10153630,nm0935172
tt10153632,nm10606969
tt10153636,nm6870368
tt10153638,nm5052036
tt10153640,nm4824780
tt10153650,nm10606976
tt10153658,nm6870368
tt10153666,nm6870368
tt10153718,nm6870368
tt10153724,nm5809784
tt10153726,nm9526530
tt10153728,nm6870368
tt10153730,nm0023481
tt10153732,nm10607010
tt10153786,nm6870368
tt10153892,nm6870368
tt10153928,nm3926603
tt10153978,nm5934361
tt10153978,nm6119929
tt10153980,nm5934361
tt10153980,nm6119929
tt10153982,nm5934361
tt10153982,nm6119929
tt10153984,nm5934361
tt10153984,nm6119929
tt10153986,nm5934361
tt10153986,nm6119929
tt10153988,nm5934361
tt10153988,nm6119929
tt10153990,nm5934361
tt10153990,nm6119929
tt10153992,nm5934361
tt10153992,nm6119929
tt10153994,nm5934361
tt10153994,nm6119929
tt10154000,nm5934361
tt10154000,nm6119929
tt10154004,nm5934361
tt10154004,nm6119929
tt10154006,nm5934361
tt10154006,nm6119929
tt10154008,nm5934361
tt10154008,nm6119929
tt10154010,nm5934361
tt10154010,nm6119929
tt10154012,nm5934361
tt10154012,nm6119929
tt10154016,nm5934361
tt10154016,nm6119929
tt10154018,nm5934361
tt10154018,nm6119929
tt10154020,nm5934361
tt10154020,nm6119929
tt10154028,nm8706928
tt10154030,nm8706928
tt10154032,nm8706928
tt10154034,nm8706928
tt10154036,nm8706928
tt10154038,nm8706928
tt10154040,nm8706928
tt10154042,nm8706928
tt10154044,nm8706928
tt10154046,nm8706928
tt10154048,nm8706928
tt10154050,nm8706928
tt10154052,nm8706928
tt10154054,nm8706928
tt10154056,nm8706928
tt10154058,nm8706928
tt10154060,nm8706928
tt10154062,nm8706928
tt10154064,nm8706928
tt10154066,nm8706928
tt10154076,nm5234861
tt10154166,nm1881080
tt10154232,nm6307282
tt10154236,nm6307282
tt10154238,nm6307282
tt10154240,nm6307282
tt10154242,nm6307282
tt10154244,nm6307282
tt10154246,nm6307282
tt10154248,nm6307282
tt10154252,nm6307282
tt10154254,nm6307282
tt10154258,nm6307282
tt10154260,nm6307282
tt10154262,nm6307282
tt10154266,nm6307282
tt10154268,nm6307282
tt10154270,nm6307282
tt10154272,nm6307282
tt10154274,nm6307282
tt10154276,nm6307282
tt10154278,nm6307282
tt10154382,nm3162627
tt10154432,nm1713271
tt10154490,nm9466299
tt10154650,nm8932411
tt10154650,nm9818935
tt10154652,nm8932411
tt10154652,nm9818935
tt10154654,nm8932411
tt10154654,nm9818935
tt10154656,nm8932411
tt10154656,nm9818935
tt10154658,nm8932411
tt10154658,nm9818935
tt10154660,nm8932411
tt10154660,nm9818935
tt10154664,nm8932411
tt10154664,nm9818935
tt10154666,nm8932411
tt10154666,nm9818935
tt10154668,nm8932411
tt10154668,nm9818935
tt10154670,nm8932411
tt10154670,nm9818935
tt10154672,nm8932411
tt10154672,nm9818935
tt10154674,nm8932411
tt10154674,nm9818935
tt10154676,nm8932411
tt10154676,nm9818935
tt10154678,nm8932411
tt10154678,nm9818935
tt10154680,nm8932411
tt10154680,nm9818935
tt10154682,nm8932411
tt10154682,nm9818935
tt10154684,nm8932411
tt10154684,nm9818935
tt10154686,nm8932411
tt10154686,nm9818935
tt10154688,nm8932411
tt10154688,nm9818935
tt10154690,nm8932411
tt10154690,nm9818935
tt10154792,nm1824766
tt10154794,nm10604490
tt10154794,nm8213447
tt10154796,nm10604490
tt10154796,nm8213447
tt10154798,nm10604490
tt10154798,nm8213447
tt10154802,nm10604490
tt10154802,nm8213447
tt10154806,nm10604490
tt10154806,nm8213447
tt10154808,nm10604490
tt10154808,nm8213447
tt10154810,nm10604490
tt10154810,nm8213447
tt10154812,nm10604490
tt10154812,nm8213447
tt10154814,nm10604490
tt10154814,nm8213447
tt10154816,nm10604490
tt10154816,nm8213447
tt10154818,nm10604490
tt10154818,nm8213447
tt10154820,nm10604490
tt10154820,nm8213447
tt10154822,nm10604490
tt10154822,nm8213447
tt10154824,nm10604490
tt10154824,nm8213447
tt10154826,nm10604490
tt10154826,nm8213447
tt10154828,nm10604490
tt10154828,nm8213447
tt10154830,nm10604490
tt10154830,nm8213447
tt10154832,nm10604490
tt10154832,nm8213447
tt10154834,nm10604490
tt10154834,nm8213447
tt10154836,nm10604490
tt10154836,nm8213447
tt10154838,nm10604490
tt10154838,nm8213447
tt10154840,nm10604490
tt10154840,nm8213447
tt10154842,nm10604490
tt10154842,nm8213447
tt10154844,nm10604490
tt10154844,nm8213447
tt10154846,nm10604490
tt10154846,nm8213447
tt10154848,nm10604490
tt10154848,nm8213447
tt10154850,nm10604490
tt10154850,nm8213447
tt10154852,nm10604490
tt10154852,nm8213447
tt10154854,nm10604490
tt10154854,nm8213447
tt10154856,nm10604490
tt10154856,nm8213447
tt10154858,nm10604490
tt10154858,nm8213447
tt10154860,nm10604490
tt10154860,nm8213447
tt10154862,nm10604490
tt10154862,nm8213447
tt10154864,nm10604490
tt10154864,nm8213447
tt10154866,nm10604490
tt10154866,nm8213447
tt10154870,nm10604490
tt10154870,nm8213447
tt10154872,nm10604490
tt10154872,nm8213447
tt10154876,nm10604490
tt10154876,nm8213447
tt10154878,nm10604490
tt10154878,nm8213447
tt10154886,nm10604490
tt10154886,nm8213447
tt10154888,nm10604490
tt10154888,nm8213447
tt10154892,nm10604490
tt10154892,nm8213447
tt10154894,nm10604490
tt10154894,nm8213447
tt10154896,nm10377741
tt10154896,nm10604490
tt10154896,nm12329744
tt10154896,nm8213447
tt10154900,nm10377741
tt10154900,nm10604490
tt10154900,nm8213447
tt10154902,nm10377741
tt10154902,nm10604490
tt10154902,nm8213447
tt10154908,nm10377741
tt10154908,nm10604490
tt10154908,nm8213447
tt10154912,nm10377741
tt10154912,nm10604490
tt10154912,nm8213447
tt10154914,nm10377741
tt10154914,nm10604490
tt10154914,nm8213447
tt10154916,nm10377741
tt10154916,nm10604490
tt10154916,nm8213447
tt10154920,nm10377741
tt10154920,nm10604490
tt10154920,nm8213447
tt10154922,nm10377741
tt10154922,nm10604490
tt10154922,nm8213447
tt10154924,nm10377741
tt10154924,nm10604490
tt10154924,nm8213447
tt10154926,nm10377741
tt10154926,nm10604490
tt10154926,nm8213447
tt10154928,nm10377741
tt10154928,nm10604490
tt10154928,nm5975296
tt10154928,nm8213447
tt10154930,nm10377741
tt10154930,nm10604490
tt10154930,nm8213447
tt10154932,nm10377741
tt10154932,nm10604490
tt10154932,nm8213447
tt10154936,nm10377741
tt10154936,nm10604490
tt10154936,nm5975296
tt10154936,nm8213447
tt10154938,nm10377741
tt10154938,nm10604490
tt10154938,nm8213447
tt10154940,nm10377741
tt10154940,nm10604490
tt10154940,nm5975296
tt10154940,nm8213447
tt10154942,nm10377741
tt10154942,nm10604490
tt10154942,nm8213447
tt10154944,nm10377741
tt10154944,nm10604490
tt10154944,nm8213447
tt10154946,nm10377741
tt10154946,nm10604490
tt10154946,nm8213447
tt10154950,nm10377741
tt10154950,nm10604490
tt10154950,nm8213447
tt10155128,nm10607353
tt10155136,nm1870154
tt10155250,nm7996600
tt10155252,nm6557782
tt10155300,nm1855150
tt10155330,nm6870368
tt10155334,nm3302202
tt10155354,nm10607633
tt10155364,nm10606335
tt10155390,nm5070890
tt10155390,nm6105192
tt10155408,nm3302202
tt10155418,nm10594598
tt10155448,nm9413151
tt10155458,nm1181727
tt10155592,nm10597354
tt10155610,nm7118042
tt10155626,nm6492015
tt10155634,nm9604900
tt10155648,nm5261685
tt10155650,nm5261685
tt10155652,nm5261685
tt10155654,nm5261685
tt10155656,nm5261685
tt10155660,nm5261685
tt10155664,nm5261685
tt10155668,nm5261685
tt10155670,nm5261685
tt10155672,nm5261685
tt10155676,nm5261685
tt10155678,nm5261685
tt10155774,nm5379420
tt10155778,nm10607941
tt10155778,nm4659594
tt10155790,nm5600532
tt10155876,nm9272749
tt10155924,nm10608038
tt10155934,nm8310171
tt10155944,nm10617389
tt10156010,nm8290846
tt10156010,nm9740214
tt10156030,nm10154875
tt10156078,nm10608193
tt10156078,nm10608194
tt10156088,nm8084626
tt10156108,nm1639667
tt10156114,nm8290846
tt10156114,nm9740214
tt10156118,nm10407362
tt10156118,nm8615340
tt10156134,nm4118428
tt10156206,nm0225279
tt10156206,nm0536276
tt10156326,nm8310171
tt10156340,nm2503678
tt10156344,nm5234861
tt10156354,nm10608364
tt10156356,nm10608366
tt10156482,nm10608466
tt10156482,nm10608467
tt10156490,nm13016807
tt10156578,nm8575245
tt10156580,nm2230232
tt10156598,nm4595514
tt10156602,nm4595514
tt10156612,nm10608544
tt10156804,nm5234861
tt10156808,nm10608600
tt10156810,nm1165254
tt10156812,nm1165254
tt10156816,nm1165254
tt10156820,nm1165254
tt10156916,nm10608608
tt10156976,nm5234861
tt10156978,nm10540950
tt10157072,nm9147787
tt10157074,nm9147787
tt10157084,nm9147787
tt10157086,nm9147787
tt10157088,nm10540950
tt10157092,nm9147787
tt10157094,nm9147787
tt10157096,nm9147787
tt10157098,nm9147787
tt10157100,nm9147787
tt10157106,nm9147787
tt10157110,nm10540950
tt10157116,nm10540950
tt10157124,nm4454835
tt10157148,nm0837639
tt10157158,nm10540950
tt10157168,nm0367889
tt10157172,nm0367889
tt10157174,nm0013010
tt10157176,nm2758048
tt10157178,nm2758048
tt10157182,nm2758048
tt10157186,nm2763383
tt10157188,nm2763383
tt10157190,nm2763383
tt10157192,nm0643653
tt10157198,nm0643653
tt10157200,nm0643653
tt10157202,nm0643653
tt10157204,nm0643653
tt10157206,nm0643653
tt10157236,nm10540950
tt10157262,nm10540950
tt10157306,nm2560283
tt10157310,nm4033418
tt10157314,nm4033418
tt10157318,nm4033418
tt10157334,nm10608758
tt10157334,nm10608759
tt10157358,nm10673010
tt10157358,nm3911376
tt10157384,nm10608774
tt10157384,nm10608775
tt10157384,nm2327392
tt10157452,nm5063035
tt10157452,nm5063098
tt10157454,nm1165254
tt10157458,nm1165254
tt10157462,nm1165254
tt10157466,nm10608846
tt10157492,nm6870368
tt10157500,nm6870368
tt10157504,nm6870368
tt10157512,nm6870368
tt10157518,nm6870368
tt10157528,nm6870368
tt10157538,nm5234861
tt10157554,nm2102632
tt10157592,nm9815524
tt10157596,nm12267987
tt10157596,nm12297540
tt10157596,nm12303392
tt10157596,nm12309538
tt10157596,nm12315401
tt10157596,nm12319884
tt10157596,nm9387181
tt10157602,nm10590830
tt10157602,nm4874911
tt10157602,nm7490628
tt10157602,nm8154696
tt10157606,nm0581473
tt10157608,nm3089203
tt10157632,nm6870368
tt10157638,nm11013400
tt10157638,nm8467983
tt10157640,nm6870368
tt10157642,nm10608971
tt10157644,nm13264508
tt10157644,nm7370686
tt10157648,nm11013400
tt10157648,nm8467983
tt10157650,nm6870368
tt10157662,nm10608980
tt10157668,nm6870368
tt10157674,nm6870368
tt10157680,nm6870368
tt10157682,nm6870368
tt10157722,nm5248537
tt10157730,nm5234861
tt10157746,nm7163656
tt10157774,nm6394566
tt10157774,nm6510955
tt10157782,nm6870368
tt10157814,nm10608898
tt10157814,nm7512055
tt10157814,nm8425407
tt10157814,nm9067440
tt10157828,nm10608899
tt10157828,nm4956649
tt10157828,nm9067440
tt10157836,nm8405354
tt10157886,nm5234861
tt10157930,nm1104806
tt10157930,nm4140840
tt10157974,nm10609189
tt10158038,nm10377741
tt10158038,nm10604490
tt10158038,nm8213447
tt10158040,nm10377741
tt10158040,nm10604490
tt10158040,nm8213447
tt10158042,nm10377741
tt10158042,nm10604490
tt10158042,nm8213447
tt10158044,nm10377741
tt10158044,nm10604490
tt10158044,nm8213447
tt10158046,nm10377741
tt10158046,nm10604490
tt10158046,nm8213447
tt10158048,nm10377741
tt10158048,nm10604490
tt10158048,nm5975296
tt10158048,nm8213447
tt10158050,nm10377741
tt10158050,nm10604490
tt10158050,nm8213447
tt10158052,nm10377741
tt10158052,nm10604490
tt10158052,nm5975296
tt10158052,nm8213447
tt10158054,nm10377741
tt10158054,nm10604490
tt10158054,nm8213447
tt10158058,nm10377741
tt10158058,nm10604490
tt10158058,nm8213447
tt10158062,nm10377741
tt10158062,nm10604490
tt10158062,nm5975296
tt10158062,nm8213447
tt10158064,nm10377741
tt10158064,nm10604490
tt10158064,nm5975296
tt10158064,nm8213447
tt10158068,nm10377741
tt10158068,nm10604490
tt10158068,nm5975296
tt10158068,nm8213447
tt10158070,nm10377741
tt10158070,nm10604490
tt10158070,nm8213447
tt10158072,nm10377741
tt10158072,nm10604490
tt10158072,nm8213447
tt10158074,nm10377741
tt10158074,nm10604490
tt10158074,nm5975296
tt10158074,nm8213447
tt10158076,nm10377741
tt10158076,nm10604490
tt10158076,nm8213447
tt10158078,nm10377741
tt10158078,nm10604490
tt10158078,nm8213447
tt10158080,nm10377741
tt10158080,nm10604490
tt10158080,nm8213447
tt10158086,nm10377741
tt10158086,nm10604490
tt10158086,nm8213447
tt10158088,nm10609202
tt10158096,nm10604490
tt10158096,nm8213447
tt10158100,nm10604490
tt10158100,nm8213447
tt10158108,nm10604490
tt10158108,nm8213447
tt10158112,nm10604490
tt10158112,nm8213447
tt10158114,nm10604490
tt10158114,nm8213447
tt10158116,nm10604490
tt10158116,nm8213447
tt10158118,nm10604490
tt10158118,nm8213447
tt10158120,nm10604490
tt10158120,nm8213447
tt10158124,nm10604490
tt10158124,nm8213447
tt10158126,nm10604490
tt10158126,nm8213447
tt10158130,nm10604490
tt10158130,nm8213447
tt10158132,nm10604490
tt10158132,nm8213447
tt10158134,nm10604490
tt10158134,nm8213447
tt10158136,nm10604490
tt10158136,nm8213447
tt10158138,nm10604490
tt10158138,nm8213447
tt10158140,nm10604490
tt10158140,nm8213447
tt10158142,nm10604490
tt10158142,nm8213447
tt10158144,nm10604490
tt10158144,nm8213447
tt10158148,nm10604490
tt10158148,nm8213447
tt10158154,nm10604490
tt10158154,nm8213447
tt10158156,nm10604490
tt10158156,nm8213447
tt10158158,nm10604490
tt10158158,nm8213447
tt10158160,nm10604490
tt10158160,nm8213447
tt10158162,nm10604490
tt10158162,nm8213447
tt10158164,nm10604490
tt10158164,nm8213447
tt10158166,nm10604490
tt10158166,nm8213447
tt10158168,nm10604490
tt10158168,nm8213447
tt10158170,nm10604490
tt10158170,nm8213447
tt10158172,nm10604490
tt10158172,nm8213447
tt10158174,nm10604490
tt10158174,nm8213447
tt10158176,nm10604490
tt10158176,nm8213447
tt10158178,nm10604490
tt10158178,nm8213447
tt10158180,nm10604490
tt10158180,nm8213447
tt10158182,nm10604490
tt10158182,nm8213447
tt10158184,nm10604490
tt10158184,nm8213447
tt10158186,nm10604490
tt10158186,nm8213447
tt10158188,nm10604490
tt10158188,nm8213447
tt10158192,nm10604490
tt10158192,nm8213447
tt10158194,nm10604490
tt10158194,nm8213447
tt10158294,nm8932411
tt10158294,nm9818935
tt10158296,nm8932411
tt10158296,nm9818935
tt10158298,nm8932411
tt10158298,nm9818935
tt10158300,nm8932411
tt10158300,nm9818935
tt10158302,nm8932411
tt10158302,nm9818935
tt10158304,nm1165254
tt10158306,nm8932411
tt10158306,nm9818935
tt10158308,nm8932411
tt10158308,nm9818935
tt10158310,nm8932411
tt10158310,nm9818935
tt10158314,nm8932411
tt10158314,nm9818935
tt10158316,nm8932411
tt10158316,nm9818935
tt10158320,nm1165254
tt10158322,nm8932411
tt10158322,nm9818935
tt10158324,nm8932411
tt10158324,nm9818935
tt10158326,nm8932411
tt10158326,nm9818935
tt10158328,nm8932411
tt10158328,nm9818935
tt10158330,nm8932411
tt10158330,nm9818935
tt10158332,nm8932411
tt10158332,nm9818935
tt10158334,nm1165254
tt10158336,nm8932411
tt10158336,nm9818935
tt10158338,nm8932411
tt10158338,nm9818935
tt10158340,nm8932411
tt10158340,nm9818935
tt10158344,nm8932411
tt10158344,nm9818935
tt10158346,nm5234861
tt10158348,nm1165254
tt10158446,nm5032369
tt10158534,nm7181551
tt10158730,nm3737031
tt10158742,nm6307282
tt10158744,nm6307282
tt10158746,nm5605371
tt10158748,nm6307282
tt10158750,nm6307282
tt10158752,nm6307282
tt10158754,nm6307282
tt10158756,nm6307282
tt10158758,nm6307282
tt10158760,nm6307282
tt10158762,nm6307282
tt10158764,nm6307282
tt10158766,nm6307282
tt10158768,nm6307282
tt10158770,nm6307282
tt10158772,nm6307282
tt10158776,nm6307282
tt10158778,nm6307282
tt10158780,nm6307282
tt10158782,nm6307282
tt10158784,nm6307282
tt10158794,nm3938622
tt10158904,nm4924767
tt10158904,nm6581950
tt10158982,nm8706928
tt10158984,nm8706928
tt10158986,nm8706928
tt10158988,nm8706928
tt10158990,nm8706928
tt10158992,nm8706928
tt10158994,nm8706928
tt10158996,nm8706928
tt10158998,nm8706928
tt10159000,nm8706928
tt10159004,nm8706928
tt10159018,nm8706928
tt10159046,nm5934361
tt10159046,nm6119929
tt10159056,nm5934361
tt10159056,nm6119929
tt10159062,nm5934361
tt10159062,nm6119929
tt10159064,nm5934361
tt10159064,nm6119929
tt10159066,nm5934361
tt10159066,nm6119929
tt10159068,nm5934361
tt10159068,nm6119929
tt10159070,nm5934361
tt10159070,nm6119929
tt10159072,nm0839632
tt10159072,nm5934361
tt10159072,nm6119929
tt10159078,nm5934361
tt10159078,nm6119929
tt10159082,nm5934361
tt10159082,nm6119929
tt10159086,nm5934361
tt10159086,nm6119929
tt10159090,nm0610041
tt10159092,nm5934361
tt10159092,nm6119929
tt10159094,nm0839632
tt10159094,nm5934361
tt10159094,nm6119929
tt10159096,nm5934361
tt10159096,nm6119929
tt10159098,nm5934361
tt10159098,nm6119929
tt10159100,nm5934361
tt10159100,nm6119929
tt10159102,nm5934361
tt10159102,nm6119929
tt10159106,nm5934361
tt10159106,nm6119929
tt10159110,nm5934361
tt10159110,nm6119929
tt10159112,nm5934361
tt10159112,nm6119929
tt10159114,nm5934361
tt10159114,nm6119929
tt10159116,nm5934361
tt10159116,nm6119929
tt10159118,nm5934361
tt10159118,nm6119929
tt10159122,nm5934361
tt10159122,nm6119929
tt10159130,nm10609428
tt10159176,nm0129435
tt10159444,nm10605397
tt10159502,nm5234861
tt10159530,nm10609480
tt10159576,nm0854248
tt10159578,nm0854248
tt10159580,nm10609491
tt10159582,nm0854248
tt10159584,nm0854248
tt10159586,nm0854248
tt10159590,nm0854248
tt10159592,nm0854248
tt10159598,nm0854248
tt10159600,nm0854248
tt10159602,nm0854248
tt10159604,nm0854248
tt10159606,nm0854248
tt10159608,nm0854248
tt10159610,nm0854248
tt10159612,nm0854248
tt10159614,nm0854248
tt10159616,nm0854248
tt10159618,nm0854248
tt10159620,nm0854248
tt10159622,nm0854248
tt10159624,nm0854248
tt10159626,nm0854248
tt10159628,nm0854248
tt10159630,nm0854248
tt10159676,nm0854248
tt10159678,nm0854248
tt10159680,nm0854248
tt10159682,nm0854248
tt10159684,nm0854248
tt10159688,nm0854248
tt10159690,nm0854248
tt10159692,nm0854248
tt10159694,nm0854248
tt10159696,nm0854248
tt10159698,nm0854248
tt10159700,nm0854248
tt10159702,nm0854248
tt10159706,nm0854248
tt10159708,nm0854248
tt10159712,nm0854248
tt10159714,nm0854248
tt10159716,nm0854248
tt10159718,nm0854248
tt10159720,nm0854248
tt10159722,nm0854248
tt10159724,nm0854248
tt10159728,nm0854248
tt10159734,nm10609527
tt10159848,nm5234861
tt10159922,nm10609603
tt10160022,nm5979195
tt10160058,nm0739157
tt10160134,nm2052779
tt10160136,nm10609683
tt10160180,nm0812067
tt10160198,nm5096465
tt10160230,nm10609695
tt10160518,nm3524649
tt10160544,nm7237561
tt10160552,nm1979260
tt10160552,nm2805634
tt10160552,nm2839267
tt10160564,nm9769476
tt10160566,nm10609804
tt10160566,nm13151815
tt10160584,nm6160122
tt10160584,nm8017706
tt10160594,nm10114066
tt10160610,nm9921495
tt10160624,nm8290846
tt10160624,nm9740214
tt10160626,nm4375609
tt10160630,nm0003676
tt10160630,nm0010916
tt10160630,nm0023929
tt10160630,nm0213983
tt10160630,nm0381532
tt10160630,nm1563703
tt10160644,nm9885173
tt10160686,nm1662726
tt10160700,nm5962792
tt10160706,nm6361334
tt10160716,nm8081396
tt10160752,nm4821851
tt10160756,nm10252843
tt10160758,nm4370869
tt10160760,nm10610114
tt10160764,nm9726189
tt10160778,nm10481113
tt10160782,nm0487832
tt10160782,nm1445815
tt10160790,nm10218093
tt10160806,nm2544147
tt10160858,nm10610225
tt10160858,nm9781839
tt10160894,nm4140840
tt10160908,nm9893446
tt10160918,nm9441592
tt10160920,nm10455552
tt10160946,nm10610296
tt10161054,nm4220537
tt10161070,nm10610390
tt10161092,nm4220537
tt10161094,nm10610390
tt10161094,nm10610412
tt10161148,nm10612584
tt10161154,nm4220537
tt10161224,nm5643119
tt10161224,nm7380654
tt10161262,nm4708796
tt10161268,nm10609608
tt10161290,nm7945703
tt10161326,nm8290846
tt10161326,nm9740214
tt10161346,nm0652851
tt10161346,nm10199589
tt10161364,nm4537781
tt10161390,nm2443132
tt10161396,nm5081395
tt10161434,nm2623078
tt10161456,nm10610752
tt10161488,nm10610764
tt10161504,nm5040333
tt10161546,nm9697957
tt10161638,nm4094028
tt10161644,nm14461843
tt10161644,nm1751644
tt10161662,nm8825883
tt10161680,nm10610939
tt10161776,nm4595514
tt10161786,nm4595514
tt10161816,nm10611025
tt10161816,nm14136896
tt10161828,nm3597657
tt10161828,nm3766090
tt10161832,nm3320969
tt10161832,nm4387064
tt10161834,nm10611038
tt10161834,nm10611039
tt10161888,nm10611047
tt10161936,nm9476395
tt10162034,nm3597657
tt10162034,nm3766090
tt10162322,nm10865870
tt10162334,nm12352033
tt10162340,nm10611095
tt10162340,nm3041202
tt10162344,nm4595514
tt10162346,nm10919652
tt10162346,nm11778211
tt10162346,nm8467983
tt10162356,nm3597657
tt10162356,nm3766090
tt10162370,nm4680311
tt10162370,nm8469193
tt10162434,nm13098589
tt10162434,nm2346331
tt10162434,nm9137310
tt10162470,nm8756212
tt10162500,nm10611215
tt10162506,nm5357214
tt10162506,nm5435989
tt10162508,nm8467983
tt10162514,nm10611226
tt10162518,nm10611087
tt10162522,nm10770512
tt10162522,nm9506110
tt10162544,nm10606020
tt10162544,nm10611241
tt10162592,nm4142611
tt10162630,nm3706506
tt10162638,nm10922069
tt10162644,nm11149083
tt10162654,nm10611365
tt10162670,nm4931383
tt10162686,nm10606020
tt10162686,nm10611241
tt10162688,nm10598648
tt10162712,nm0785322
tt10162714,nm0785322
tt10162720,nm0785322
tt10162726,nm0785322
tt10162732,nm0785322
tt10162734,nm0785322
tt10162738,nm0785322
tt10162744,nm0837639
tt10162750,nm0785322
tt10162752,nm0785322
tt10162768,nm0785322
tt10162774,nm0785322
tt10162776,nm0785322
tt10162778,nm0785322
tt10162784,nm10608898
tt10162784,nm10608900
tt10162784,nm7807527
tt10162784,nm8848749
tt10162794,nm10531356
tt10162794,nm10576313
tt10162838,nm0367889
tt10162840,nm0367889
tt10162844,nm0367889
tt10162848,nm0266605
tt10162852,nm0266605
tt10162854,nm0643653
tt10162856,nm0643653
tt10162860,nm1363578
tt10162860,nm3247031
tt10162862,nm0643653
tt10162864,nm0367889
tt10162868,nm10497277
tt10162876,nm4140840
tt10162920,nm10611593
tt10162920,nm4890870
tt10162946,nm10611627
tt10162952,nm7644480
tt10162956,nm10611642
tt10162964,nm10611644
tt10162982,nm8846306
tt10162984,nm7490628
tt10163024,nm10611735
tt10163038,nm2652607
tt10163040,nm0887153
tt10163046,nm9130292
tt10163050,nm4300453
tt10163058,nm10611760
tt10163058,nm3469572
tt10163132,nm9360660
tt10163148,nm1699688
tt10163148,nm4284497
tt10163154,nm1652353
tt10163170,nm9263073
tt10163180,nm3797608
tt10163194,nm7615569
tt10163206,nm10611910
tt10163206,nm10611911
tt10163214,nm10610752
tt10163216,nm4909815
tt10163220,nm2652607
tt10163228,nm6557782
tt10163244,nm3062676
tt10163256,nm1402433
tt10163290,nm0797382
tt10163314,nm6013104
tt10163316,nm8450170
tt10163342,nm4921452
tt10163350,nm1561971
tt10163352,nm10612584
tt10163360,nm1131922
tt10163364,nm10610296
tt10163370,nm10612584
tt10163380,nm1397092
tt10163388,nm10612584
tt10163432,nm3192314
tt10163464,nm10175176
tt10163514,nm2496473
tt10163520,nm1582951
tt10163526,nm10401011
tt10163540,nm9419561
tt10163720,nm6394159
tt10164128,nm3682036
tt10164132,nm0797382
tt10164160,nm4479660
tt10164170,nm10612205
tt10164170,nm10612206
tt10164276,nm8041298
tt10164278,nm7036204
tt10164548,nm6307282
tt10164550,nm6307282
tt10164552,nm6307282
tt10164556,nm6307282
tt10164560,nm6307282
tt10164562,nm6307282
tt10164564,nm6307282
tt10164568,nm6307282
tt10164570,nm6307282
tt10164572,nm6307282
tt10164574,nm6307282
tt10164578,nm6307282
tt10164580,nm6307282
tt10164582,nm6307282
tt10164586,nm6307282
tt10164588,nm6307282
tt10164590,nm6307282
tt10164592,nm6307282
tt10164594,nm6307282
tt10164596,nm6307282
tt10164600,nm10612323
tt10164610,nm1397092
tt10164630,nm1397092
tt10164652,nm1397092
tt10164660,nm1397092
tt10164744,nm0758613
tt10164788,nm5501471
tt10164812,nm8937674
tt10164870,nm4120991
tt10164896,nm8932411
tt10164896,nm9818935
tt10164900,nm8932411
tt10164900,nm9818935
tt10164902,nm8932411
tt10164902,nm9818935
tt10164904,nm8932411
tt10164904,nm9818935
tt10164908,nm8932411
tt10164908,nm9818935
tt10164912,nm8932411
tt10164912,nm9818935
tt10164914,nm8932411
tt10164914,nm9818935
tt10164916,nm8932411
tt10164916,nm9818935
tt10164918,nm8932411
tt10164918,nm9818935
tt10164920,nm8932411
tt10164920,nm9818935
tt10164922,nm8932411
tt10164922,nm9818935
tt10164924,nm8932411
tt10164924,nm9818935
tt10164926,nm8932411
tt10164926,nm9818935
tt10164928,nm8932411
tt10164928,nm9818935
tt10164932,nm8932411
tt10164932,nm9818935
tt10164934,nm8932411
tt10164934,nm9818935
tt10164938,nm8932411
tt10164938,nm9818935
tt10164942,nm8932411
tt10164942,nm9818935
tt10164944,nm8932411
tt10164944,nm9818935
tt10164946,nm8932411
tt10164946,nm9818935
tt10164978,nm1751644
tt10165022,nm9908797
tt10165044,nm10612429
tt10165064,nm10604490
tt10165064,nm8213447
tt10165066,nm10604490
tt10165066,nm8213447
tt10165070,nm10604490
tt10165070,nm8213447
tt10165074,nm10604490
tt10165074,nm8213447
tt10165076,nm10604490
tt10165076,nm8213447
tt10165080,nm10604490
tt10165080,nm8213447
tt10165082,nm10604490
tt10165082,nm8213447
tt10165084,nm10604490
tt10165084,nm8213447
tt10165086,nm10604490
tt10165086,nm8213447
tt10165088,nm10604490
tt10165088,nm8213447
tt10165094,nm10604490
tt10165094,nm8213447
tt10165096,nm10604490
tt10165096,nm8213447
tt10165098,nm2770404
tt10165100,nm10604490
tt10165100,nm8213447
tt10165102,nm10604490
tt10165102,nm8213447
tt10165104,nm10604490
tt10165104,nm8213447
tt10165106,nm10604490
tt10165106,nm8213447
tt10165108,nm10604490
tt10165108,nm8213447
tt10165112,nm10604490
tt10165112,nm8213447
tt10165116,nm10604490
tt10165116,nm8213447
tt10165120,nm10604490
tt10165120,nm8213447
tt10165126,nm10604490
tt10165126,nm8213447
tt10165128,nm10604490
tt10165128,nm8213447
tt10165130,nm10604490
tt10165130,nm8213447
tt10165132,nm10604490
tt10165132,nm8213447
tt10165136,nm10604490
tt10165136,nm8213447
tt10165138,nm10604490
tt10165138,nm8213447
tt10165140,nm10604490
tt10165140,nm8213447
tt10165142,nm10604490
tt10165142,nm8213447
tt10165144,nm10604490
tt10165144,nm8213447
tt10165146,nm10604490
tt10165146,nm8213447
tt10165148,nm10604490
tt10165148,nm8213447
tt10165152,nm10604490
tt10165152,nm8213447
tt10165154,nm10604490
tt10165154,nm8213447
tt10165156,nm10604490
tt10165156,nm8213447
tt10165158,nm10604490
tt10165158,nm8213447
tt10165160,nm10604490
tt10165160,nm8213447
tt10165164,nm10604490
tt10165164,nm8213447
tt10165166,nm10604490
tt10165166,nm8213447
tt10165168,nm10612455
tt10165172,nm10604490
tt10165172,nm8213447
tt10165176,nm10604490
tt10165176,nm8213447
tt10165184,nm10377741
tt10165184,nm10604490
tt10165184,nm5975296
tt10165184,nm8213447
tt10165186,nm10377741
tt10165186,nm10604490
tt10165186,nm8213447
tt10165188,nm10377741
tt10165188,nm10604490
tt10165188,nm8213447
tt10165192,nm10377741
tt10165192,nm10604490
tt10165192,nm8213447
tt10165194,nm10377741
tt10165194,nm10604490
tt10165194,nm5975296
tt10165194,nm8213447
tt10165196,nm10377741
tt10165196,nm10604490
tt10165196,nm8213447
tt10165198,nm10377741
tt10165198,nm10604490
tt10165198,nm8213447
tt10165202,nm10377741
tt10165202,nm10604490
tt10165202,nm8213447
tt10165204,nm10377741
tt10165204,nm10604490
tt10165204,nm8213447
tt10165212,nm10377741
tt10165212,nm10604490
tt10165212,nm8213447
tt10165214,nm10184781
tt10165216,nm10377741
tt10165216,nm10604490
tt10165216,nm8213447
tt10165220,nm10377741
tt10165220,nm10604490
tt10165220,nm8213447
tt10165222,nm10377741
tt10165222,nm10604490
tt10165222,nm5975296
tt10165222,nm8213447
tt10165226,nm10377741
tt10165226,nm10604490
tt10165226,nm8213447
tt10165228,nm10377741
tt10165228,nm10604490
tt10165228,nm5975296
tt10165228,nm8213447
tt10165230,nm10377741
tt10165230,nm10604490
tt10165230,nm8213447
tt10165232,nm10377741
tt10165232,nm10604490
tt10165232,nm8213447
tt10165234,nm10377741
tt10165234,nm10604490
tt10165234,nm8213447
tt10165236,nm10377741
tt10165236,nm10604490
tt10165236,nm5975296
tt10165236,nm8213447
tt10165240,nm10377741
tt10165240,nm10604490
tt10165240,nm5975296
tt10165240,nm8213447
tt10165290,nm1310660
tt10165292,nm1181727
tt10165292,nm8618744
tt10165294,nm5644837
tt10165568,nm4680311
tt10165568,nm8469193
tt10165572,nm4680311
tt10165572,nm8469193
tt10165574,nm6106140
tt10165576,nm4680311
tt10165576,nm8469193
tt10165618,nm8423828
tt10165638,nm10423423
tt10165682,nm10612650
tt10165716,nm0252576
tt10165744,nm2203262
tt10165766,nm4226510
tt10165830,nm8103111
tt10165866,nm0969107
tt10165868,nm9103886
tt10165888,nm0969107
tt10165892,nm0969107
tt10165914,nm4680113
tt10165914,nm7896794
tt10165930,nm2770404
tt10166000,nm1481997
tt10166108,nm10612897
tt10166150,nm10152269
tt10166152,nm2770404
tt10166156,nm8735726
tt10166276,nm8706438
tt10166340,nm2770404
tt10166412,nm2770404
tt10166524,nm0851503
tt10166528,nm3597657
tt10166528,nm3766090
tt10166530,nm1108252
tt10166532,nm10612999
tt10166540,nm3597657
tt10166540,nm3766090
tt10166556,nm2770404
tt10166618,nm3230157
tt10166630,nm3305020
tt10166650,nm11382496
tt10166650,nm2125396
tt10166650,nm2279297
tt10166650,nm3869964
tt10166672,nm6645225
tt10166702,nm6645225
tt10166704,nm6042500
tt10166706,nm10613090
tt10166750,nm5194820
tt10166752,nm10333015
tt10166782,nm7883994
tt10166802,nm8986218
tt10166824,nm3470778
tt10166840,nm10613230
tt10166856,nm7395166
tt10166866,nm3597657
tt10166866,nm3766090
tt10166868,nm3597657
tt10166868,nm3766090
tt10166872,nm2838692
tt10166916,nm5126081
tt10166928,nm5126081
tt10166940,nm0688671
tt10167006,nm10613327
tt10167008,nm4427276
tt10167058,nm10336827
tt10167084,nm9596769
tt10167090,nm5064807
tt10167100,nm10613444
tt10167100,nm10613445
tt10167134,nm3739461
tt10167146,nm8290846
tt10167146,nm9740214
tt10167252,nm2452601
tt10167254,nm2452601
tt10167256,nm2452601
tt10167258,nm2452601
tt10167260,nm2452601
tt10167344,nm2702418
tt10167418,nm10613670
tt10167602,nm1932235
tt10167782,nm10473592
tt10167826,nm7408473
tt10167826,nm8090941
tt10167828,nm10473592
tt10167834,nm10613790
tt10167868,nm2720109
tt10167930,nm3914653
tt10167938,nm10613811
tt10168032,nm10613829
tt10168034,nm9785624
tt10168138,nm4874911
tt10168142,nm5310327
tt10168160,nm9497470
tt10168170,nm8154696
tt10168180,nm10473592
tt10168232,nm10347864
tt10168292,nm10608934
tt10168326,nm9583076
tt10168330,nm1699688
tt10168330,nm4284497
tt10168348,nm10613957
tt10168348,nm10613958
tt10168416,nm10418708
tt10168416,nm1301385
tt10168418,nm10418708
tt10168418,nm1301385
tt10168420,nm10418708
tt10168420,nm1301385
tt10168422,nm10147626
tt10168422,nm10418708
tt10168422,nm1301385
tt10168424,nm10418708
tt10168424,nm1301385
tt10168426,nm10418708
tt10168426,nm1301385
tt10168428,nm10418708
tt10168428,nm1301385
tt10168440,nm2813210
tt10168458,nm9371158
tt10168490,nm6320152
tt10168582,nm10614084
tt10168604,nm9898746
tt10168654,nm9536370
tt10168674,nm10614156
tt10168742,nm10614192
tt10168760,nm10208911
tt10168764,nm10614213
tt10168772,nm10614221
tt10168790,nm3408106
tt10168796,nm3408106
tt10168798,nm3408106
tt10168830,nm10614265
tt10168830,nm5907820
tt10168836,nm3739461
tt10168848,nm0831436
tt10168858,nm3739461
tt10168920,nm10614340
tt10168932,nm8890384
tt10168936,nm1699688
tt10168936,nm4284497
tt10168950,nm2544147
tt10168956,nm7677305
tt10168956,nm8817256
tt10169048,nm1699688
tt10169048,nm4284497
tt10169220,nm10612205
tt10169386,nm10377741
tt10169386,nm10604490
tt10169386,nm8213447
tt10169388,nm10377741
tt10169388,nm10604490
tt10169388,nm5975296
tt10169388,nm8213447
tt10169390,nm10377741
tt10169390,nm10604490
tt10169390,nm8213447
tt10169394,nm10377741
tt10169394,nm10604490
tt10169394,nm5975296
tt10169394,nm8213447
tt10169398,nm10377741
tt10169398,nm10604490
tt10169398,nm8213447
tt10169400,nm10377741
tt10169400,nm10604490
tt10169400,nm8213447
tt10169404,nm10377741
tt10169404,nm10604490
tt10169404,nm8213447
tt10169408,nm10377741
tt10169408,nm10604490
tt10169408,nm5975296
tt10169408,nm8213447
tt10169410,nm10377741
tt10169410,nm10604490
tt10169410,nm8213447
tt10169412,nm10377741
tt10169412,nm10604490
tt10169412,nm8213447
tt10169414,nm10377741
tt10169414,nm10604490
tt10169414,nm8213447
tt10169416,nm10377741
tt10169416,nm10604490
tt10169416,nm8213447
tt10169418,nm10377741
tt10169418,nm10604490
tt10169418,nm8213447
tt10169420,nm10377741
tt10169420,nm10604490
tt10169420,nm8213447
tt10169424,nm10377741
tt10169424,nm10604490
tt10169424,nm8213447
tt10169426,nm10377741
tt10169426,nm10604490
tt10169426,nm8213447
tt10169428,nm10377741
tt10169428,nm10604490
tt10169428,nm5975296
tt10169428,nm8213447
tt10169430,nm10377741
tt10169430,nm10604490
tt10169430,nm8213447
tt10169432,nm10604490
tt10169432,nm8213447
tt10169434,nm10604490
tt10169434,nm8213447
tt10169436,nm10604490
tt10169436,nm8213447
tt10169438,nm10604490
tt10169438,nm8213447
tt10169440,nm0255373
tt10169440,nm3396682
tt10169444,nm10604490
tt10169444,nm8213447
tt10169446,nm10604490
tt10169446,nm8213447
tt10169448,nm10604490
tt10169448,nm8213447
tt10169450,nm10604490
tt10169450,nm8213447
tt10169452,nm10604490
tt10169452,nm8213447
tt10169456,nm10604490
tt10169456,nm8213447
tt10169458,nm10604490
tt10169458,nm8213447
tt10169460,nm10604490
tt10169460,nm8213447
tt10169462,nm10604490
tt10169462,nm8213447
tt10169466,nm10604490
tt10169466,nm8213447
tt10169468,nm10604490
tt10169468,nm8213447
tt10169470,nm10604490
tt10169470,nm8213447
tt10169472,nm10604490
tt10169472,nm8213447
tt10169476,nm10604490
tt10169476,nm8213447
tt10169478,nm10604490
tt10169478,nm8213447
tt10169480,nm10604490
tt10169480,nm8213447
tt10169484,nm10604490
tt10169484,nm8213447
tt10169486,nm10604490
tt10169486,nm8213447
tt10169488,nm10604490
tt10169488,nm8213447
tt10169490,nm10604490
tt10169490,nm8213447
tt10169492,nm10604490
tt10169492,nm8213447
tt10169494,nm10604490
tt10169494,nm8213447
tt10169496,nm10604490
tt10169496,nm8213447
tt10169500,nm10604490
tt10169500,nm8213447
tt10169504,nm10604490
tt10169504,nm8213447
tt10169508,nm10604490
tt10169508,nm8213447
tt10169512,nm10604490
tt10169512,nm8213447
tt10169514,nm10604490
tt10169514,nm8213447
tt10169518,nm10604490
tt10169518,nm8213447
tt10169520,nm10604490
tt10169520,nm8213447
tt10169522,nm10604490
tt10169522,nm8213447
tt10169526,nm10604490
tt10169526,nm8213447
tt10169528,nm10604490
tt10169528,nm8213447
tt10169530,nm10604490
tt10169530,nm8213447
tt10169534,nm10604490
tt10169534,nm8213447
tt10169536,nm10604490
tt10169536,nm8213447
tt10169648,nm8932411
tt10169648,nm9818935
tt10169652,nm8932411
tt10169652,nm9818935
tt10169654,nm8932411
tt10169654,nm9818935
tt10169656,nm8932411
tt10169656,nm9818935
tt10169658,nm8932411
tt10169658,nm9818935
tt10169660,nm8932411
tt10169660,nm9818935
tt10169662,nm8932411
tt10169662,nm9818935
tt10169664,nm8932411
tt10169664,nm9818935
tt10169666,nm8932411
tt10169666,nm9818935
tt10169670,nm8932411
tt10169670,nm9818935
tt10169674,nm8932411
tt10169674,nm9818935
tt10169676,nm8932411
tt10169676,nm9818935
tt10169678,nm8932411
tt10169678,nm9818935
tt10169680,nm8932411
tt10169680,nm9818935
tt10169682,nm8932411
tt10169682,nm9818935
tt10169684,nm8932411
tt10169684,nm9818935
tt10169686,nm8932411
tt10169686,nm9818935
tt10169688,nm8932411
tt10169688,nm9818935
tt10169694,nm8932411
tt10169694,nm9818935
tt10169696,nm8932411
tt10169696,nm9818935
tt10169706,nm9514194
tt10169754,nm10614554
tt10169754,nm7372074
tt10169794,nm5793412
tt10169880,nm9272490
tt10169970,nm7791931
tt10169974,nm1699688
tt10169974,nm4284497
tt10169988,nm1699688
tt10169988,nm4284497
tt10169998,nm1699688
tt10169998,nm4284497
tt10170004,nm1699688
tt10170004,nm4284497
tt10170016,nm1699688
tt10170016,nm4284497
tt10170022,nm1699688
tt10170022,nm4284497
tt10170038,nm10614584
tt10170106,nm0171381
tt10170160,nm7791931
tt10170208,nm10614639
tt10170266,nm5636609
tt10170352,nm5802933
tt10170378,nm5636609
tt10170502,nm10609695
tt10170642,nm10609469
tt10170656,nm1310660
tt10170830,nm8417601
tt10170888,nm5170520
tt10170890,nm5170520
tt10170908,nm10614889
tt10170916,nm12305279
tt10170916,nm6311480
tt10170940,nm8118516
tt10170944,nm12305279
tt10170944,nm6311480
tt10170946,nm12305279
tt10170946,nm6311480
tt10170948,nm12305279
tt10170948,nm6311480
tt10170952,nm12305279
tt10170952,nm6311480
tt10170954,nm12305279
tt10170954,nm6311480
tt10170960,nm12305279
tt10170960,nm6311480
tt10170964,nm12305279
tt10170964,nm6311480
tt10170966,nm12305279
tt10170966,nm6311480
tt10170968,nm12305279
tt10170968,nm6311480
tt10170970,nm12305279
tt10170970,nm6311480
tt10170972,nm12305279
tt10170972,nm6311480
tt10170976,nm6311480
tt10170978,nm12305279
tt10170978,nm6311480
tt10170980,nm12305279
tt10170980,nm6311480
tt10170982,nm12305279
tt10170982,nm6311480
tt10170984,nm6311480
tt10170986,nm12305279
tt10170986,nm6311480
tt10170990,nm12305279
tt10170990,nm6311480
tt10170992,nm12305279
tt10170992,nm6311480
tt10170994,nm10609202
tt10170996,nm12305279
tt10170996,nm6311480
tt10170998,nm12305279
tt10170998,nm6311480
tt10171000,nm12305279
tt10171000,nm6311480
tt10171002,nm12305279
tt10171002,nm6311480
tt10171004,nm12305279
tt10171004,nm6311480
tt10171006,nm6311480
tt10171008,nm1660955
tt10171010,nm12305279
tt10171010,nm6311480
tt10171012,nm6311480
tt10171014,nm12305279
tt10171014,nm6311480
tt10171016,nm12305279
tt10171016,nm6311480
tt10171018,nm12305279
tt10171018,nm6311480
tt10171020,nm12305279
tt10171020,nm6311480
tt10171022,nm12305279
tt10171022,nm6311480
tt10171024,nm12305279
tt10171024,nm6311480
tt10171026,nm2326018
tt10171030,nm12305279
tt10171030,nm6311480
tt10171032,nm12305279
tt10171032,nm6311480
tt10171034,nm12305279
tt10171034,nm6311480
tt10171036,nm12305279
tt10171036,nm6311480
tt10171038,nm12305279
tt10171038,nm6311480
tt10171040,nm12305279
tt10171040,nm6311480
tt10171042,nm12305279
tt10171042,nm6311480
tt10171044,nm12305279
tt10171044,nm6311480
tt10171046,nm12305279
tt10171046,nm6311480
tt10171050,nm12305279
tt10171050,nm6311480
tt10171052,nm6311480
tt10171054,nm12305279
tt10171054,nm6311480
tt10171056,nm12305279
tt10171056,nm6311480
tt10171058,nm12305279
tt10171058,nm6311480
tt10171060,nm12305279
tt10171060,nm6311480
tt10171062,nm12305279
tt10171062,nm6311480
tt10171064,nm12305279
tt10171064,nm6311480
tt10171066,nm12305279
tt10171066,nm6311480
tt10171068,nm12305279
tt10171068,nm6311480
tt10171070,nm6311480
tt10171074,nm12305279
tt10171074,nm6311480
tt10171076,nm12305279
tt10171076,nm6311480
tt10171096,nm11976248
tt10171096,nm14506771
tt10171096,nm5416981
tt10171124,nm10615166
tt10171128,nm5642243
tt10171152,nm8752369
tt10171160,nm11976248
tt10171160,nm14506771
tt10171160,nm5416981
tt10171164,nm11976248
tt10171164,nm14506771
tt10171164,nm5416981
tt10171166,nm11976248
tt10171166,nm14506771
tt10171166,nm5416981
tt10171168,nm11976248
tt10171168,nm14506771
tt10171168,nm5416981
tt10171170,nm11976248
tt10171170,nm14506771
tt10171170,nm5416981
tt10171172,nm11976248
tt10171172,nm14506771
tt10171172,nm5416981
tt10171174,nm3382796
tt10171176,nm11976248
tt10171176,nm14506771
tt10171176,nm5416981
tt10171178,nm11976248
tt10171178,nm14506771
tt10171178,nm5416981
tt10171180,nm11976248
tt10171180,nm14506771
tt10171180,nm5416981
tt10171182,nm11976248
tt10171182,nm14506771
tt10171182,nm5416981
tt10171184,nm11976248
tt10171184,nm14506771
tt10171184,nm5416981
tt10171186,nm11976248
tt10171186,nm14506771
tt10171186,nm5416981
tt10171188,nm11976248
tt10171188,nm14506771
tt10171188,nm5416981
tt10171190,nm11976248
tt10171190,nm14506771
tt10171190,nm5416981
tt10171192,nm11976248
tt10171192,nm14506771
tt10171192,nm5416981
tt10171194,nm11976248
tt10171194,nm14506771
tt10171194,nm5416981
tt10171196,nm11976248
tt10171196,nm14506771
tt10171196,nm5416981
tt10171198,nm11976248
tt10171198,nm14506771
tt10171198,nm5416981
tt10171200,nm11976248
tt10171200,nm14506771
tt10171200,nm5416981
tt10171202,nm11976248
tt10171202,nm14506771
tt10171202,nm5416981
tt10171206,nm11976248
tt10171206,nm14506771
tt10171206,nm5416981
tt10171208,nm11976248
tt10171208,nm14506771
tt10171208,nm5416981
tt10171210,nm11976248
tt10171210,nm14506771
tt10171210,nm5416981
tt10171212,nm11976248
tt10171212,nm14506771
tt10171212,nm5416981
tt10171214,nm11976248
tt10171214,nm14506771
tt10171214,nm5416981
tt10171216,nm11976248
tt10171216,nm14506771
tt10171216,nm5416981
tt10171218,nm11976248
tt10171218,nm14506771
tt10171218,nm5416981
tt10171220,nm11976248
tt10171220,nm14506771
tt10171220,nm5416981
tt10171222,nm11976248
tt10171222,nm14506771
tt10171222,nm5416981
tt10171224,nm11976248
tt10171224,nm14506771
tt10171224,nm5416981
tt10171226,nm11976248
tt10171226,nm14506771
tt10171226,nm5416981
tt10171228,nm11976248
tt10171228,nm14506771
tt10171228,nm5416981
tt10171230,nm11976248
tt10171230,nm14506771
tt10171230,nm5416981
tt10171232,nm11976248
tt10171232,nm14506771
tt10171232,nm5416981
tt10171234,nm11976248
tt10171234,nm14506771
tt10171234,nm5416981
tt10171236,nm11976248
tt10171236,nm14506771
tt10171236,nm5416981
tt10171238,nm11976248
tt10171238,nm14506771
tt10171238,nm5416981
tt10171240,nm11976248
tt10171240,nm14506771
tt10171240,nm5416981
tt10171242,nm11976248
tt10171242,nm14506771
tt10171242,nm5416981
tt10171244,nm11976248
tt10171244,nm14506771
tt10171244,nm5416981
tt10171246,nm11976248
tt10171246,nm14506771
tt10171246,nm5416981
tt10171248,nm11976248
tt10171248,nm14506771
tt10171248,nm5416981
tt10171250,nm11976248
tt10171250,nm14506771
tt10171250,nm5416981
tt10171252,nm11976248
tt10171252,nm14506771
tt10171252,nm5416981
tt10171256,nm11976248
tt10171256,nm14506771
tt10171256,nm5416981
tt10171258,nm11976248
tt10171258,nm14506771
tt10171258,nm5416981
tt10171260,nm11976248
tt10171260,nm14506771
tt10171260,nm5416981
tt10171262,nm11976248
tt10171262,nm14506771
tt10171262,nm5416981
tt10171264,nm11976248
tt10171264,nm14506771
tt10171264,nm5416981
tt10171266,nm11976248
tt10171266,nm14506771
tt10171266,nm5416981
tt10171268,nm11976248
tt10171268,nm14506771
tt10171268,nm5416981
tt10171270,nm11976248
tt10171270,nm14506771
tt10171270,nm5416981
tt10171272,nm11976248
tt10171272,nm14506771
tt10171272,nm5416981
tt10171274,nm11976248
tt10171274,nm14506771
tt10171274,nm5416981
tt10171276,nm11976248
tt10171276,nm14506771
tt10171276,nm5416981
tt10171278,nm11976248
tt10171278,nm14506771
tt10171278,nm5416981
tt10171454,nm10308032
tt10171454,nm10308035
tt10171454,nm10610752
tt10171454,nm10615153
tt10171456,nm10615156
tt10171462,nm2187317
tt10171476,nm10615166
tt10171506,nm10598443
tt10171520,nm2606340
tt10171550,nm10166675
tt10171560,nm7951602
tt10171616,nm3930701
tt10171616,nm5825498
tt10171682,nm10615333
tt10171692,nm8498341
tt10171724,nm4242111
tt10171874,nm4059652
tt10171912,nm9476395
tt10171914,nm9476395
tt10171918,nm9476395
tt10171920,nm9476395
tt10171922,nm9476395
tt10171944,nm10336827
tt10171998,nm0189373
tt10172038,nm0189373
tt10172058,nm2714621
tt10172062,nm7436611
tt10172102,nm0120268
tt10172102,nm1283973
tt10172110,nm9476395
tt10172142,nm10172875
tt10172158,nm0189373
tt10172244,nm10473592
tt10172250,nm4178007
tt10172256,nm10473592
tt10172258,nm10473592
tt10172260,nm10473592
tt10172262,nm4724324
tt10172314,nm0189373
tt10172318,nm2714621
tt10172342,nm0969107
tt10172346,nm0189373
tt10172360,nm0969107
tt10172380,nm0969107
tt10172394,nm0189373
tt10172410,nm0969107
tt10172420,nm0969107
tt10172430,nm2202163
tt10172432,nm0969107
tt10172442,nm0969107
tt10172444,nm1550056
tt10172450,nm0969107
tt10172456,nm1550056
tt10172478,nm1550056
tt10172484,nm1550056
tt10172486,nm2238715
tt10172492,nm9130292
tt10172534,nm0969107
tt10172542,nm0969107
tt10172554,nm0969107
tt10172560,nm10615856
tt10172564,nm0969107
tt10172576,nm2544147
tt10172578,nm0969107
tt10172580,nm9332147
tt10172582,nm0969107
tt10172608,nm5644166
tt10172614,nm0969107
tt10172632,nm0969107
tt10172636,nm10615893
tt10172636,nm10615897
tt10172640,nm10615906
tt10172642,nm4907653
tt10172644,nm10615924
tt10172646,nm6807358
tt10172650,nm7540057
tt10172652,nm10615933
tt10172652,nm10615934
tt10172658,nm0969107
tt10172666,nm0969107
tt10172668,nm7019323
tt10172672,nm0969107
tt10172674,nm0969107
tt10172676,nm0969107
tt10172684,nm0969107
tt10172686,nm0969107
tt10172696,nm0969107
tt10172704,nm0969107
tt10172720,nm3001869
tt10172764,nm8349666
tt10172776,nm10336827
tt10172844,nm7834956
tt10172886,nm7534104
tt10172896,nm3431529
tt10172902,nm0073953
tt10172902,nm2354796
tt10172930,nm10185217
tt10172930,nm10185339
tt10172930,nm10582871
tt10172930,nm6368413
tt10172954,nm7913651
tt10172980,nm10114066
tt10172980,nm9251167
tt10173016,nm3625506
tt10173096,nm1189872
tt10173130,nm7654600
tt10173180,nm10616288
tt10173244,nm1366551
tt10173564,nm9837905
tt10173578,nm8446571
tt10173646,nm10616424
tt10173670,nm8446571
tt10173744,nm8844853
tt10173750,nm10616445
tt10173754,nm8844853
tt10173762,nm8844853
tt10173764,nm8844853
tt10173776,nm8844853
tt10173784,nm8844853
tt10173788,nm10616464
tt10173800,nm8844853
tt10173806,nm8844853
tt10173812,nm8844853
tt10173824,nm8844853
tt10173830,nm8844853
tt10173836,nm8844853
tt10173838,nm8844853
tt10173840,nm8844853
tt10173842,nm8844853
tt10173844,nm8844853
tt10173846,nm8844853
tt10173854,nm8844853
tt10173858,nm8844853
tt10173862,nm8844853
tt10173868,nm8844853
tt10173870,nm8844853
tt10173872,nm7024329
tt10173872,nm8041328
tt10173886,nm8844853
tt10173888,nm8844853
tt10173890,nm8844853
tt10173892,nm10616493
tt10173894,nm8844853
tt10173896,nm8844853
tt10173962,nm8446571
tt10174006,nm9130292
tt10174074,nm9514194
tt10174078,nm1104806
tt10174128,nm0267646
tt10174184,nm8299895
tt10174266,nm10616601
tt10174294,nm1764561
tt10174300,nm10323509
tt10174340,nm4095698
tt10174348,nm3222605
tt10174350,nm7013241
tt10174352,nm0617049
tt10174366,nm4140840
tt10174370,nm4095698
tt10174376,nm10609162
tt10174380,nm3222605
tt10174388,nm1104806
tt10174388,nm4140840
tt10174390,nm4095698
tt10174392,nm11976248
tt10174392,nm14506771
tt10174392,nm5416981
tt10174394,nm11976248
tt10174394,nm14506771
tt10174394,nm5416981
tt10174396,nm11976248
tt10174396,nm14506771
tt10174396,nm5416981
tt10174398,nm11976248
tt10174398,nm14506771
tt10174398,nm5416981
tt10174400,nm11976248
tt10174400,nm14506771
tt10174400,nm5416981
tt10174404,nm11976248
tt10174404,nm14506771
tt10174404,nm5416981
tt10174406,nm11976248
tt10174406,nm14506771
tt10174406,nm5416981
tt10174408,nm11976248
tt10174408,nm14506771
tt10174408,nm5416981
tt10174410,nm11976248
tt10174410,nm14506771
tt10174410,nm5416981
tt10174412,nm11976248
tt10174412,nm14506771
tt10174412,nm5416981
tt10174414,nm11976248
tt10174414,nm14506771
tt10174414,nm5416981
tt10174416,nm11976248
tt10174416,nm14506771
tt10174416,nm5416981
tt10174422,nm9848685
tt10174424,nm1104806
tt10174424,nm4140840
tt10174428,nm3222605
tt10174430,nm11976248
tt10174430,nm14506771
tt10174430,nm5416981
tt10174432,nm11976248
tt10174432,nm14506771
tt10174432,nm5416981
tt10174434,nm11976248
tt10174434,nm14506771
tt10174434,nm5416981
tt10174438,nm11976248
tt10174438,nm14506771
tt10174438,nm5416981
tt10174442,nm11976248
tt10174442,nm14506771
tt10174442,nm5416981
tt10174444,nm11976248
tt10174444,nm14506771
tt10174444,nm5416981
tt10174446,nm11976248
tt10174446,nm14506771
tt10174446,nm5416981
tt10174450,nm11976248
tt10174450,nm14506771
tt10174450,nm5416981
tt10174454,nm11976248
tt10174454,nm14506771
tt10174454,nm5416981
tt10174456,nm11976248
tt10174456,nm14506771
tt10174456,nm5416981
tt10174458,nm1104806
tt10174458,nm4140840
tt10174460,nm11976248
tt10174460,nm14506771
tt10174460,nm5416981
tt10174462,nm11976248
tt10174462,nm14506771
tt10174462,nm5416981
tt10174466,nm11976248
tt10174466,nm14506771
tt10174466,nm5416981
tt10174468,nm1104806
tt10174468,nm4140840
tt10174470,nm11976248
tt10174470,nm14506771
tt10174470,nm5416981
tt10174472,nm11976248
tt10174472,nm14506771
tt10174472,nm5416981
tt10174474,nm11976248
tt10174474,nm14506771
tt10174474,nm5416981
tt10174476,nm11976248
tt10174476,nm14506771
tt10174476,nm5416981
tt10174478,nm11976248
tt10174478,nm14506771
tt10174478,nm5416981
tt10174480,nm11976248
tt10174480,nm14506771
tt10174480,nm5416981
tt10174482,nm11976248
tt10174482,nm14506771
tt10174482,nm5416981
tt10174484,nm11976248
tt10174484,nm14506771
tt10174484,nm5416981
tt10174486,nm11976248
tt10174486,nm14506771
tt10174486,nm5416981
tt10174488,nm3222605
tt10174490,nm11976248
tt10174490,nm14506771
tt10174490,nm5416981
tt10174492,nm1104806
tt10174494,nm11976248
tt10174494,nm14506771
tt10174494,nm5416981
tt10174496,nm11976248
tt10174496,nm14506771
tt10174496,nm5416981
tt10174498,nm11976248
tt10174498,nm14506771
tt10174498,nm5416981
tt10174500,nm11976248
tt10174500,nm14506771
tt10174500,nm5416981
tt10174502,nm11976248
tt10174502,nm14506771
tt10174502,nm5416981
tt10174506,nm11976248
tt10174506,nm14506771
tt10174506,nm5416981
tt10174508,nm11976248
tt10174508,nm14506771
tt10174508,nm5416981
tt10174510,nm11976248
tt10174510,nm14506771
tt10174510,nm5416981
tt10174512,nm11976248
tt10174512,nm14506771
tt10174512,nm5416981
tt10174514,nm11976248
tt10174514,nm14506771
tt10174514,nm5416981
tt10174516,nm11976248
tt10174516,nm14506771
tt10174516,nm5416981
tt10174518,nm11976248
tt10174518,nm14506771
tt10174518,nm5416981
tt10174520,nm11976248
tt10174520,nm14506771
tt10174520,nm5416981
tt10174522,nm11976248
tt10174522,nm14506771
tt10174522,nm5416981
tt10174524,nm11976248
tt10174524,nm14506771
tt10174524,nm5416981
tt10174526,nm11976248
tt10174526,nm14506771
tt10174526,nm5416981
tt10174528,nm11976248
tt10174528,nm14506771
tt10174528,nm5416981
tt10174530,nm11976248
tt10174530,nm14506771
tt10174530,nm5416981
tt10174532,nm11976248
tt10174532,nm14506771
tt10174532,nm5416981
tt10174534,nm11976248
tt10174534,nm14506771
tt10174534,nm5416981
tt10174536,nm11976248
tt10174536,nm14506771
tt10174536,nm5416981
tt10174538,nm11976248
tt10174538,nm14506771
tt10174538,nm5416981
tt10174540,nm11976248
tt10174540,nm14506771
tt10174540,nm5416981
tt10174542,nm11976248
tt10174542,nm14506771
tt10174542,nm5416981
tt10174544,nm11976248
tt10174544,nm14506771
tt10174544,nm5416981
tt10174548,nm12305279
tt10174548,nm6311480
tt10174550,nm12305279
tt10174550,nm6311480
tt10174552,nm12305279
tt10174552,nm6311480
tt10174554,nm12305279
tt10174554,nm6311480
tt10174556,nm12305279
tt10174556,nm6311480
tt10174558,nm12305279
tt10174558,nm6311480
tt10174562,nm12305279
tt10174562,nm6311480
tt10174564,nm12305279
tt10174564,nm6311480
tt10174566,nm12305279
tt10174566,nm6311480
tt10174568,nm12305279
tt10174568,nm6311480
tt10174570,nm12305279
tt10174570,nm6311480
tt10174572,nm12305279
tt10174572,nm6311480
tt10174574,nm12305279
tt10174574,nm6311480
tt10174576,nm12305279
tt10174576,nm6311480
tt10174578,nm12305279
tt10174578,nm6311480
tt10174580,nm12305279
tt10174580,nm6311480
tt10174582,nm12305279
tt10174582,nm6311480
tt10174584,nm12305279
tt10174584,nm6311480
tt10174586,nm12305279
tt10174586,nm6311480
tt10174588,nm12305279
tt10174588,nm6311480
tt10174590,nm12305279
tt10174590,nm6311480
tt10174594,nm12305279
tt10174594,nm6311480
tt10174598,nm12305279
tt10174598,nm6311480
tt10174600,nm12305279
tt10174600,nm6311480
tt10174602,nm12305279
tt10174602,nm6311480
tt10174604,nm12305279
tt10174604,nm6311480
tt10174606,nm12305279
tt10174606,nm6311480
tt10174610,nm12305279
tt10174610,nm6311480
tt10174612,nm12305279
tt10174612,nm6311480
tt10174614,nm12305279
tt10174614,nm6311480
tt10174616,nm12305279
tt10174616,nm6311480
tt10174620,nm12305279
tt10174620,nm6311480
tt10174622,nm12305279
tt10174622,nm6311480
tt10174624,nm6311480
tt10174628,nm12305279
tt10174628,nm6311480
tt10174630,nm12305279
tt10174630,nm6311480
tt10174634,nm12305279
tt10174634,nm6311480
tt10174636,nm12305279
tt10174636,nm6311480
tt10174638,nm12305279
tt10174638,nm6311480
tt10174640,nm12305279
tt10174640,nm6311480
tt10174644,nm12305279
tt10174644,nm6311480
tt10174646,nm12305279
tt10174646,nm6311480
tt10174650,nm12305279
tt10174650,nm6311480
tt10174652,nm12305279
tt10174652,nm6311480
tt10174656,nm12305279
tt10174656,nm6311480
tt10174658,nm12305279
tt10174658,nm6311480
tt10174660,nm12305279
tt10174660,nm6311480
tt10174662,nm12305279
tt10174662,nm6311480
tt10174666,nm12305279
tt10174666,nm6311480
tt10174668,nm12305279
tt10174668,nm6311480
tt10174670,nm12305279
tt10174670,nm6311480
tt10174672,nm12305279
tt10174672,nm6311480
tt10174676,nm12305279
tt10174676,nm6311480
tt10174678,nm12305279
tt10174678,nm6311480
tt10174680,nm12305279
tt10174680,nm6311480
tt10174684,nm12305279
tt10174684,nm6311480
tt10174686,nm12305279
tt10174686,nm6311480
tt10174688,nm12305279
tt10174688,nm6311480
tt10174690,nm12305279
tt10174690,nm6311480
tt10174692,nm12305279
tt10174692,nm6311480
tt10174808,nm9774159
tt10174828,nm10609162
tt10175002,nm8219074
tt10175062,nm0450292
tt10175252,nm9332147
tt10175276,nm9332147
tt10175290,nm9332147
tt10175304,nm10616778
tt10175314,nm9332147
tt10175342,nm9332147
tt10175366,nm9332147
tt10175412,nm9332147
tt10175644,nm6294571
tt10175852,nm8932411
tt10175852,nm9818935
tt10175854,nm8932411
tt10175854,nm9818935
tt10175856,nm8932411
tt10175856,nm9818935
tt10175858,nm8932411
tt10175858,nm9818935
tt10175860,nm8932411
tt10175860,nm9818935
tt10175862,nm8932411
tt10175862,nm9818935
tt10175864,nm8932411
tt10175864,nm9818935
tt10175866,nm8932411
tt10175866,nm9818935
tt10175868,nm8932411
tt10175868,nm9818935
tt10175870,nm8932411
tt10175870,nm9818935
tt10175872,nm8932411
tt10175872,nm9818935
tt10175874,nm8932411
tt10175874,nm9818935
tt10175876,nm8932411
tt10175876,nm9818935
tt10175878,nm8932411
tt10175878,nm9818935
tt10175880,nm8932411
tt10175880,nm9818935
tt10175882,nm8932411
tt10175882,nm9818935
tt10175884,nm8932411
tt10175884,nm9818935
tt10175886,nm8932411
tt10175886,nm9818935
tt10175888,nm8932411
tt10175888,nm9818935
tt10175890,nm10616866
tt10175894,nm8932411
tt10175894,nm9818935
tt10175996,nm10604490
tt10175996,nm8213447
tt10175998,nm10604490
tt10175998,nm8213447
tt10176002,nm10604490
tt10176002,nm8213447
tt10176004,nm10604490
tt10176004,nm8213447
tt10176006,nm10604490
tt10176006,nm8213447
tt10176008,nm10604490
tt10176008,nm8213447
tt10176010,nm10604490
tt10176010,nm8213447
tt10176012,nm10604490
tt10176012,nm8213447
tt10176014,nm10604490
tt10176014,nm8213447
tt10176016,nm10604490
tt10176016,nm8213447
tt10176018,nm10604490
tt10176018,nm8213447
tt10176020,nm10604490
tt10176020,nm8213447
tt10176022,nm10604490
tt10176022,nm8213447
tt10176024,nm10604490
tt10176024,nm8213447
tt10176028,nm10604490
tt10176028,nm8213447
tt10176030,nm10604490
tt10176030,nm8213447
tt10176032,nm10604490
tt10176032,nm8213447
tt10176034,nm10604490
tt10176034,nm8213447
tt10176036,nm10604490
tt10176036,nm8213447
tt10176038,nm10604490
tt10176038,nm8213447
tt10176040,nm10604490
tt10176040,nm8213447
tt10176042,nm10604490
tt10176042,nm8213447
tt10176046,nm10604490
tt10176046,nm8213447
tt10176048,nm6055381
tt10176050,nm10604490
tt10176050,nm8213447
tt10176052,nm10604490
tt10176052,nm8213447
tt10176054,nm10604490
tt10176054,nm8213447
tt10176056,nm10604490
tt10176056,nm8213447
tt10176058,nm10604490
tt10176058,nm8213447
tt10176060,nm10604490
tt10176060,nm8213447
tt10176068,nm10604490
tt10176068,nm8213447
tt10176070,nm10604490
tt10176070,nm8213447
tt10176072,nm10604490
tt10176072,nm8213447
tt10176074,nm10604490
tt10176074,nm8213447
tt10176078,nm10604490
tt10176078,nm8213447
tt10176080,nm10604490
tt10176080,nm8213447
tt10176082,nm10604490
tt10176082,nm8213447
tt10176084,nm10604490
tt10176084,nm8213447
tt10176086,nm10604490
tt10176086,nm8213447
tt10176088,nm10604490
tt10176088,nm8213447
tt10176090,nm10604490
tt10176090,nm8213447
tt10176092,nm10604490
tt10176092,nm8213447
tt10176094,nm10604490
tt10176094,nm8213447
tt10176096,nm10604490
tt10176096,nm8213447
tt10176102,nm6135995
tt10176104,nm10604490
tt10176104,nm8213447
tt10176106,nm10604490
tt10176106,nm8213447
tt10176108,nm10604490
tt10176108,nm8213447
tt10176110,nm10604490
tt10176110,nm8213447
tt10176112,nm10604490
tt10176112,nm8213447
tt10176114,nm10604490
tt10176114,nm8213447
tt10176118,nm10377741
tt10176118,nm10604490
tt10176118,nm5975296
tt10176118,nm8213447
tt10176120,nm10377741
tt10176120,nm10604490
tt10176120,nm8213447
tt10176122,nm10377741
tt10176122,nm10604490
tt10176122,nm8213447
tt10176124,nm10377741
tt10176124,nm10604490
tt10176124,nm8213447
tt10176126,nm10377741
tt10176126,nm10604490
tt10176126,nm8213447
tt10176128,nm10377741
tt10176128,nm10604490
tt10176128,nm8213447
tt10176130,nm10377741
tt10176130,nm10604490
tt10176130,nm8213447
tt10176132,nm10377741
tt10176132,nm10604490
tt10176132,nm8213447
tt10176134,nm10377741
tt10176134,nm10604490
tt10176134,nm8213447
tt10176136,nm10377741
tt10176136,nm10604490
tt10176136,nm8213447
tt10176138,nm9514194
tt10176140,nm10377741
tt10176140,nm10604490
tt10176140,nm8213447
tt10176142,nm10377741
tt10176142,nm10604490
tt10176142,nm5975296
tt10176142,nm8213447
tt10176144,nm10377741
tt10176144,nm10604490
tt10176144,nm8213447
tt10176146,nm6135995
tt10176150,nm10377741
tt10176150,nm10604490
tt10176150,nm8213447
tt10176152,nm10377741
tt10176152,nm10604490
tt10176152,nm8213447
tt10176154,nm10377741
tt10176154,nm10604490
tt10176154,nm8213447
tt10176156,nm10377741
tt10176156,nm10604490
tt10176156,nm8213447
tt10176158,nm10377741
tt10176158,nm10604490
tt10176158,nm8213447
tt10176160,nm10377741
tt10176160,nm10604490
tt10176160,nm8213447
tt10176162,nm10377741
tt10176162,nm10604490
tt10176162,nm5975296
tt10176162,nm8213447
tt10176176,nm9514194
tt10176186,nm6135995
tt10176236,nm6950637
tt10176238,nm6135995
tt10176256,nm6135995
tt10176312,nm6135995
tt10176328,nm10616933
tt10176362,nm6135995
tt10176404,nm6135995
tt10176412,nm10616939
tt10176412,nm10616940
tt10176412,nm10616941
tt10176452,nm9514194
tt10176578,nm0152916
tt10176578,nm2954370
tt10176728,nm8843176
tt10176732,nm5948857
tt10176762,nm5948857
tt10176864,nm10617172
tt10176868,nm10617182
tt10176870,nm9332147
tt10176902,nm10590830
tt10177034,nm7821139
tt10177210,nm8317578
tt10177256,nm13563036
tt10177256,nm7199643
tt10177288,nm10185339
tt10177290,nm8021700
tt10177298,nm10185217
tt10177322,nm10336827
tt10177330,nm10582871
tt10177350,nm6368413
tt10177400,nm9130292
tt10177412,nm7821139
tt10177448,nm9130292
tt10177486,nm5968383
tt10177490,nm7821139
tt10177494,nm7713328
tt10177496,nm5092778
tt10177500,nm9130292
tt10177532,nm4998869
tt10177688,nm10617687
tt10177688,nm10617688
tt10177724,nm5644130
tt10177768,nm10617751
tt10177768,nm7844545
tt10177774,nm5092778
tt10177786,nm7844545
tt10177798,nm5644130
tt10177810,nm5092778
tt10177836,nm9836019
tt10177846,nm10617812
tt10177876,nm10561014
tt10177894,nm10617859
tt10177902,nm10617874
tt10177912,nm10617881
tt10177920,nm5092778
tt10177930,nm5092778
tt10177952,nm5092778
tt10177960,nm2389291
tt10177964,nm2726789
tt10177968,nm5092778
tt10177972,nm2613937
tt10177978,nm2613937
tt10177992,nm10349985
tt10177998,nm2613937
tt10178002,nm0556499
tt10178002,nm6487340
tt10178008,nm2613937
tt10178010,nm3675634
tt10178024,nm7278788
tt10178050,nm2613937
tt10178058,nm7013241
tt10178070,nm2613937
tt10178102,nm2394307
tt10178130,nm1805367
tt10178146,nm10618866
tt10178152,nm5092778
tt10178160,nm5092778
tt10178170,nm2274299
tt10178170,nm3757971
tt10178170,nm4535310
tt10178170,nm4619199
tt10178206,nm4581750
tt10178212,nm7171495
tt10178212,nm9359570
tt10178222,nm7171495
tt10178222,nm9359570
tt10178234,nm10618254
tt10178258,nm10603641
tt10178280,nm6192686
tt10178294,nm7171495
tt10178294,nm9359570
tt10178296,nm7171495
tt10178296,nm9359570
tt10178356,nm10618295
tt10178422,nm4936562
tt10178430,nm10618391
tt10178454,nm0508869
tt10178612,nm5362378
tt10178700,nm10618433
tt10178840,nm4683700
tt10178872,nm7024329
tt10178884,nm7024329
tt10178902,nm7024329
tt10178912,nm7024329
tt10178922,nm7024329
tt10178948,nm7024329
tt10178958,nm7024329
tt10178966,nm7024329
tt10178972,nm0559285
tt10178978,nm7171495
tt10178978,nm9359570
tt10178984,nm7171495
tt10178984,nm9359570
tt10178988,nm7171495
tt10178988,nm9359570
tt10178990,nm2456333
tt10178998,nm9980493
tt10179010,nm1313794
tt10179010,nm3675634
tt10179010,nm4150176
tt10179150,nm1314332
tt10179368,nm2391713
tt10179368,nm3739907
tt10179440,nm10618741
tt10179472,nm4982082
tt10179570,nm10618805
tt10179756,nm9332147
tt10179770,nm9332147
tt10179782,nm9332147
tt10179798,nm9332147
tt10179812,nm9332147
tt10179826,nm9332147
tt10179848,nm9332147
tt10179866,nm9332147
tt10179880,nm9332147
tt10179904,nm9332147
tt10179910,nm9332147
tt10179930,nm9332147
tt10179950,nm9332147
tt10180020,nm10377741
tt10180020,nm10604490
tt10180020,nm8213447
tt10180022,nm10377741
tt10180022,nm10604490
tt10180022,nm8213447
tt10180024,nm10377741
tt10180024,nm10604490
tt10180024,nm5975296
tt10180024,nm8213447
tt10180028,nm10377741
tt10180028,nm10604490
tt10180028,nm8213447
tt10180030,nm10377741
tt10180030,nm10604490
tt10180030,nm8213447
tt10180032,nm9332147
tt10180034,nm10377741
tt10180034,nm10604490
tt10180034,nm5975296
tt10180034,nm8213447
tt10180036,nm10377741
tt10180036,nm10604490
tt10180036,nm8213447
tt10180038,nm10377741
tt10180038,nm10604490
tt10180038,nm8213447
tt10180040,nm10377741
tt10180040,nm10604490
tt10180040,nm8213447
tt10180042,nm10377741
tt10180042,nm10604490
tt10180042,nm8213447
tt10180044,nm10377741
tt10180044,nm10604490
tt10180044,nm8213447
tt10180046,nm10377741
tt10180046,nm10604490
tt10180046,nm8213447
tt10180048,nm9332147
tt10180050,nm10377741
tt10180050,nm10604490
tt10180050,nm8213447
tt10180052,nm10377741
tt10180052,nm10604490
tt10180052,nm8213447
tt10180054,nm10377741
tt10180054,nm10604490
tt10180054,nm8213447
tt10180058,nm10377741
tt10180058,nm10604490
tt10180058,nm8213447
tt10180060,nm10377741
tt10180060,nm10604490
tt10180060,nm8213447
tt10180066,nm10377741
tt10180066,nm10604490
tt10180066,nm8213447
tt10180068,nm10377741
tt10180068,nm10604490
tt10180068,nm8213447
tt10180070,nm9332147
tt10180072,nm10377741
tt10180072,nm10604490
tt10180072,nm8213447
tt10180076,nm10604490
tt10180076,nm8213447
tt10180078,nm10604490
tt10180078,nm8213447
tt10180080,nm10604490
tt10180080,nm8213447
tt10180082,nm10604490
tt10180082,nm8213447
tt10180084,nm9332147
tt10180088,nm10604490
tt10180088,nm8213447
tt10180090,nm10604490
tt10180090,nm8213447
tt10180094,nm10604490
tt10180094,nm8213447
tt10180096,nm10604490
tt10180096,nm8213447
tt10180100,nm10604490
tt10180100,nm8213447
tt10180102,nm9332147
tt10180104,nm10604490
tt10180104,nm8213447
tt10180106,nm10604490
tt10180106,nm8213447
tt10180108,nm10604490
tt10180108,nm8213447
tt10180110,nm10604490
tt10180110,nm8213447
tt10180112,nm10604490
tt10180112,nm8213447
tt10180114,nm10604490
tt10180114,nm8213447
tt10180118,nm10604490
tt10180118,nm8213447
tt10180120,nm10604490
tt10180120,nm8213447
tt10180122,nm10604490
tt10180122,nm8213447
tt10180124,nm10604490
tt10180124,nm8213447
tt10180128,nm9332147
tt10180134,nm10604490
tt10180134,nm8213447
tt10180144,nm9332147
tt10180146,nm10604490
tt10180146,nm8213447
tt10180148,nm10604490
tt10180148,nm8213447
tt10180150,nm10604490
tt10180150,nm8213447
tt10180154,nm10604490
tt10180154,nm8213447
tt10180158,nm10604490
tt10180158,nm8213447
tt10180160,nm10604490
tt10180160,nm8213447
tt10180162,nm10604490
tt10180162,nm8213447
tt10180164,nm9332147
tt10180166,nm10604490
tt10180166,nm8213447
tt10180168,nm10604490
tt10180168,nm8213447
tt10180170,nm10604490
tt10180170,nm8213447
tt10180172,nm10604490
tt10180172,nm8213447
tt10180268,nm8932411
tt10180268,nm9818935
tt10180270,nm8932411
tt10180270,nm9818935
tt10180272,nm8932411
tt10180272,nm9818935
tt10180276,nm8932411
tt10180276,nm9818935
tt10180278,nm8932411
tt10180278,nm9818935
tt10180280,nm8932411
tt10180280,nm9818935
tt10180282,nm8932411
tt10180282,nm9818935
tt10180284,nm8932411
tt10180284,nm9818935
tt10180286,nm8932411
tt10180286,nm9818935
tt10180288,nm8932411
tt10180288,nm9818935
tt10180290,nm8932411
tt10180290,nm9818935
tt10180292,nm8932411
tt10180292,nm9818935
tt10180294,nm8932411
tt10180294,nm9818935
tt10180296,nm8932411
tt10180296,nm9818935
tt10180298,nm8932411
tt10180298,nm9818935
tt10180300,nm8932411
tt10180300,nm9818935
tt10180302,nm8932411
tt10180302,nm9818935
tt10180304,nm8932411
tt10180304,nm9818935
tt10180306,nm8932411
tt10180306,nm9818935
tt10180308,nm8932411
tt10180308,nm9818935
tt10180352,nm10618897
tt10180448,nm10523340
tt10180496,nm7713206
tt10180574,nm5990362
tt10181048,nm10618975
tt10181074,nm10618983
tt10181142,nm12305279
tt10181142,nm6311480
tt10181146,nm12305279
tt10181146,nm6311480
tt10181148,nm12305279
tt10181148,nm6311480
tt10181152,nm12305279
tt10181152,nm6311480
tt10181154,nm12305279
tt10181154,nm6311480
tt10181156,nm12305279
tt10181156,nm6311480
tt10181158,nm12305279
tt10181158,nm6311480
tt10181160,nm12305279
tt10181160,nm6311480
tt10181162,nm12305279
tt10181162,nm6311480
tt10181164,nm12305279
tt10181164,nm6311480
tt10181166,nm12305279
tt10181166,nm6311480
tt10181168,nm12305279
tt10181168,nm6311480
tt10181172,nm12305279
tt10181172,nm6311480
tt10181174,nm12305279
tt10181174,nm6311480
tt10181176,nm12305279
tt10181176,nm6311480
tt10181178,nm12305279
tt10181178,nm6311480
tt10181180,nm12305279
tt10181180,nm6311480
tt10181182,nm12305279
tt10181182,nm6311480
tt10181184,nm12305279
tt10181184,nm6311480
tt10181186,nm12305279
tt10181186,nm6311480
tt10181192,nm12305279
tt10181192,nm6311480
tt10181194,nm12305279
tt10181194,nm6311480
tt10181196,nm12305279
tt10181196,nm6311480
tt10181198,nm12305279
tt10181198,nm6311480
tt10181200,nm12305279
tt10181200,nm6311480
tt10181202,nm12305279
tt10181202,nm6311480
tt10181204,nm6311480
tt10181210,nm12305279
tt10181210,nm6311480
tt10181212,nm12305279
tt10181212,nm6311480
tt10181214,nm12305279
tt10181214,nm6311480
tt10181216,nm12305279
tt10181216,nm6311480
tt10181218,nm12305279
tt10181218,nm6311480
tt10181220,nm12305279
tt10181220,nm6311480
tt10181222,nm12305279
tt10181222,nm6311480
tt10181224,nm6311480
tt10181226,nm12305279
tt10181226,nm6311480
tt10181228,nm12305279
tt10181228,nm6311480
tt10181230,nm12305279
tt10181230,nm6311480
tt10181232,nm12305279
tt10181232,nm6311480
tt10181234,nm12305279
tt10181234,nm6311480
tt10181238,nm12305279
tt10181238,nm6311480
tt10181240,nm6311480
tt10181242,nm12305279
tt10181242,nm6311480
tt10181244,nm12305279
tt10181244,nm6311480
tt10181248,nm12305279
tt10181248,nm6311480
tt10181250,nm12305279
tt10181250,nm6311480
tt10181252,nm12305279
tt10181252,nm6311480
tt10181254,nm12305279
tt10181254,nm6311480
tt10181256,nm12305279
tt10181256,nm6311480
tt10181258,nm12305279
tt10181258,nm6311480
tt10181260,nm12305279
tt10181260,nm6311480
tt10181262,nm12305279
tt10181262,nm6311480
tt10181264,nm12305279
tt10181264,nm6311480
tt10181266,nm12305279
tt10181266,nm6311480
tt10181268,nm12305279
tt10181268,nm6311480
tt10181270,nm12305279
tt10181270,nm6311480
tt10181272,nm12305279
tt10181272,nm6311480
tt10181274,nm12305279
tt10181274,nm6311480
tt10181276,nm12305279
tt10181276,nm6311480
tt10181278,nm12305279
tt10181278,nm6311480
tt10181282,nm11976248
tt10181282,nm14506771
tt10181282,nm5416981
tt10181284,nm11976248
tt10181284,nm14506771
tt10181284,nm5416981
tt10181286,nm11976248
tt10181286,nm14506771
tt10181286,nm5416981
tt10181288,nm11976248
tt10181288,nm14506771
tt10181288,nm5416981
tt10181290,nm11976248
tt10181290,nm14506771
tt10181290,nm5416981
tt10181292,nm11976248
tt10181292,nm14506771
tt10181292,nm5416981
tt10181294,nm11976248
tt10181294,nm14506771
tt10181294,nm5416981
tt10181296,nm11976248
tt10181296,nm14506771
tt10181296,nm5416981
tt10181298,nm11976248
tt10181298,nm14506771
tt10181298,nm5416981
tt10181300,nm11976248
tt10181300,nm14506771
tt10181300,nm5416981
tt10181302,nm11976248
tt10181302,nm14506771
tt10181302,nm5416981
tt10181304,nm11976248
tt10181304,nm14506771
tt10181304,nm5416981
tt10181306,nm11976248
tt10181306,nm14506771
tt10181306,nm5416981
tt10181310,nm11976248
tt10181310,nm14506771
tt10181310,nm5416981
tt10181312,nm11976248
tt10181312,nm14506771
tt10181312,nm5416981
tt10181314,nm11976248
tt10181314,nm14506771
tt10181314,nm5416981
tt10181316,nm11976248
tt10181316,nm14506771
tt10181316,nm5416981
tt10181318,nm11976248
tt10181318,nm14506771
tt10181318,nm5416981
tt10181320,nm11976248
tt10181320,nm14506771
tt10181320,nm5416981
tt10181324,nm11976248
tt10181324,nm14506771
tt10181324,nm5416981
tt10181326,nm11976248
tt10181326,nm14506771
tt10181326,nm5416981
tt10181328,nm11976248
tt10181328,nm14506771
tt10181328,nm5416981
tt10181330,nm11976248
tt10181330,nm14506771
tt10181330,nm5416981
tt10181332,nm11976248
tt10181332,nm14506771
tt10181332,nm5416981
tt10181334,nm11976248
tt10181334,nm14506771
tt10181334,nm5416981
tt10181336,nm11976248
tt10181336,nm14506771
tt10181336,nm5416981
tt10181340,nm11976248
tt10181340,nm14506771
tt10181340,nm5416981
tt10181346,nm11976248
tt10181346,nm14506771
tt10181346,nm5416981
tt10181350,nm11976248
tt10181350,nm14506771
tt10181350,nm5416981
tt10181352,nm11976248
tt10181352,nm14506771
tt10181352,nm5416981
tt10181354,nm11976248
tt10181354,nm14506771
tt10181354,nm5416981
tt10181356,nm11976248
tt10181356,nm14506771
tt10181356,nm5416981
tt10181358,nm11976248
tt10181358,nm14506771
tt10181358,nm5416981
tt10181360,nm11976248
tt10181360,nm14506771
tt10181360,nm5416981
tt10181362,nm11976248
tt10181362,nm14506771
tt10181362,nm5416981
tt10181364,nm11976248
tt10181364,nm14506771
tt10181364,nm5416981
tt10181366,nm11976248
tt10181366,nm14506771
tt10181366,nm5416981
tt10181368,nm11976248
tt10181368,nm14506771
tt10181368,nm5416981
tt10181370,nm11976248
tt10181370,nm14506771
tt10181370,nm5416981
tt10181372,nm11976248
tt10181372,nm14506771
tt10181372,nm5416981
tt10181374,nm11976248
tt10181374,nm14506771
tt10181374,nm5416981
tt10181378,nm11976248
tt10181378,nm14506771
tt10181378,nm5416981
tt10181380,nm11976248
tt10181380,nm14506771
tt10181380,nm5416981
tt10181382,nm11976248
tt10181382,nm14506771
tt10181382,nm5416981
tt10181384,nm11976248
tt10181384,nm14506771
tt10181384,nm5416981
tt10181386,nm11976248
tt10181386,nm14506771
tt10181386,nm5416981
tt10181388,nm11976248
tt10181388,nm14506771
tt10181388,nm5416981
tt10181390,nm11976248
tt10181390,nm14506771
tt10181390,nm5416981
tt10181392,nm11976248
tt10181392,nm14506771
tt10181392,nm5416981
tt10181394,nm11976248
tt10181394,nm14506771
tt10181394,nm5416981
tt10181396,nm11976248
tt10181396,nm14506771
tt10181396,nm5416981
tt10181400,nm11976248
tt10181400,nm14506771
tt10181400,nm5416981
tt10181402,nm11976248
tt10181402,nm14506771
tt10181402,nm5416981
tt10181406,nm11976248
tt10181406,nm14506771
tt10181406,nm5416981
tt10181408,nm11976248
tt10181408,nm14506771
tt10181408,nm5416981
tt10181410,nm11976248
tt10181410,nm14506771
tt10181410,nm5416981
tt10181412,nm11976248
tt10181412,nm14506771
tt10181412,nm5416981
tt10181414,nm11976248
tt10181414,nm14506771
tt10181414,nm5416981
tt10181416,nm11976248
tt10181416,nm14506771
tt10181416,nm5416981
tt10181418,nm11976248
tt10181418,nm14506771
tt10181418,nm5416981
tt10181602,nm10025768
tt10181702,nm10619125
tt10181774,nm0740801
tt10181902,nm10619231
tt10181970,nm10619308
tt10182024,nm10612265
tt10182080,nm10619351
tt10182094,nm10534840
tt10182096,nm10240289
tt10182112,nm0883972
tt10182134,nm1699688
tt10182134,nm4284497
tt10182136,nm1699688
tt10182136,nm4284497
tt10182146,nm1699688
tt10182146,nm4284497
tt10182148,nm1699688
tt10182148,nm4284497
tt10182152,nm1699688
tt10182152,nm4284497
tt10182156,nm1699688
tt10182156,nm4284497
tt10182158,nm1699688
tt10182158,nm4284497
tt10182172,nm6267703
tt10182260,nm6973782
tt10182282,nm2351642
tt10182320,nm1936500
tt10182356,nm8781486
tt10182394,nm10630368
tt10182394,nm12393554
tt10182394,nm12989520
tt10182394,nm7969083
tt10182418,nm9530526
tt10182434,nm4444888
tt10182450,nm10580961
tt10182504,nm10374390
tt10182504,nm6168641
tt10182504,nm6168642
tt10182530,nm8607119
tt10182542,nm8607119
tt10182548,nm6942822
tt10182558,nm10619782
tt10182568,nm10533761
tt10182612,nm4087886
tt10182744,nm4909348
tt10182748,nm10619910
tt10182752,nm4909348
tt10182822,nm0815204
tt10182824,nm5092778
tt10182826,nm5100121
tt10182830,nm7932039
tt10182846,nm5896625
tt10182866,nm10619989
tt10182866,nm4269869
tt10182940,nm7460762
tt10183218,nm1181727
tt10183224,nm5092778
tt10183242,nm1181727
tt10183248,nm1936500
tt10183254,nm6039167
tt10183420,nm6389760
tt10183490,nm10620187
tt10183490,nm10620188
tt10183496,nm7171495
tt10183496,nm9359570
tt10183498,nm1701323
tt10183498,nm7171495
tt10183498,nm9359570
tt10183500,nm7171495
tt10183500,nm9359570
tt10183548,nm4444888
tt10183596,nm10620315
tt10183604,nm9127781
tt10183608,nm10616103
tt10183626,nm3963959
tt10183634,nm10616103
tt10183640,nm0511153
tt10183648,nm0511153
tt10183656,nm0511153
tt10183660,nm3086117
tt10183680,nm10579548
tt10183734,nm4375077
tt10183744,nm8880156
tt10183754,nm0351790
tt10183814,nm7705148
tt10183818,nm4838060
tt10183842,nm7215057
tt10183850,nm10487583
tt10183864,nm1459873
tt10183874,nm1459873
tt10183888,nm1459873
tt10183896,nm1459873
tt10183906,nm1459873
tt10183916,nm3615729
tt10183922,nm1459873
tt10183934,nm1459873
tt10183936,nm10620581
tt10183946,nm1459873
tt10183968,nm1459873
tt10183976,nm1459873
tt10183980,nm1895090
tt10183986,nm10620613
tt10183986,nm8033318
tt10184006,nm3466442
tt10184008,nm10620635
tt10184008,nm10620636
tt10184008,nm11092123
tt10184016,nm1459873
tt10184018,nm0003670
tt10184022,nm1459873
tt10184068,nm10620662
tt10184068,nm10620663
tt10184086,nm13061862
tt10184086,nm2435711
tt10184086,nm3188895
tt10184092,nm13061862
tt10184092,nm2435711
tt10184092,nm3188895
tt10184096,nm13061862
tt10184096,nm2435711
tt10184096,nm3188895
tt10184100,nm10620679
tt10184104,nm3758256
tt10184110,nm13061862
tt10184110,nm2435711
tt10184110,nm3188895
tt10184112,nm1459873
tt10184124,nm1459873
tt10184130,nm10589947
tt10184132,nm1459873
tt10184136,nm1459873
tt10184140,nm1459873
tt10184142,nm7683505
tt10184146,nm1459873
tt10184148,nm1459873
tt10184150,nm1459873
tt10184164,nm1459873
tt10184168,nm3758256
tt10184178,nm3758256
tt10184184,nm3758256
tt10184210,nm8731280
tt10184210,nm8731281
tt10184210,nm8731282
tt10184222,nm3627226
tt10184290,nm1474553
tt10184296,nm2991763
tt10184416,nm3324772
tt10184418,nm1699688
tt10184418,nm4284497
tt10184422,nm10308032
tt10184424,nm1699688
tt10184424,nm4284497
tt10184430,nm1699688
tt10184430,nm4284497
tt10184432,nm1699688
tt10184432,nm4284497
tt10184436,nm1699688
tt10184436,nm4284497
tt10184438,nm1699688
tt10184438,nm4284497
tt10184442,nm1699688
tt10184442,nm4284497
tt10184446,nm1699688
tt10184446,nm4284497
tt10184450,nm1699688
tt10184450,nm4284497
tt10184452,nm1699688
tt10184452,nm4284497
tt10184456,nm1699688
tt10184456,nm4284497
tt10184488,nm13061862
tt10184488,nm2435711
tt10184488,nm3188895
tt10184496,nm7168913
tt10184668,nm1699688
tt10184668,nm4284497
tt10184674,nm1699688
tt10184674,nm4284497
tt10184676,nm1699688
tt10184676,nm4284497
tt10184678,nm1699688
tt10184678,nm4284497
tt10184682,nm1699688
tt10184682,nm4284497
tt10184686,nm10620964
tt10184688,nm1699688
tt10184688,nm4284497
tt10184696,nm1699688
tt10184696,nm4284497
tt10184704,nm1699688
tt10184704,nm4284497
tt10184706,nm1699688
tt10184706,nm4284497
tt10184718,nm1699688
tt10184718,nm4284497
tt10184728,nm1699688
tt10184728,nm4284497
tt10184736,nm1699688
tt10184736,nm4284497
tt10184740,nm1699688
tt10184740,nm4284497
tt10184744,nm1699688
tt10184744,nm4284497
tt10184758,nm1699688
tt10184758,nm4284497
tt10184764,nm1699688
tt10184764,nm4284497
tt10184774,nm1699688
tt10184774,nm4284497
tt10184790,nm1699688
tt10184790,nm4284497
tt10184798,nm1699688
tt10184798,nm4284497
tt10184808,nm1699688
tt10184808,nm4284497
tt10184810,nm1699688
tt10184810,nm4284497
tt10184828,nm1699688
tt10184828,nm4284497
tt10184830,nm10612205
tt10184922,nm2844388
tt10184926,nm11976248
tt10184926,nm14506771
tt10184926,nm5416981
tt10184930,nm11976248
tt10184930,nm14506771
tt10184930,nm5416981
tt10184932,nm11976248
tt10184932,nm14506771
tt10184932,nm5416981
tt10184934,nm11976248
tt10184934,nm14506771
tt10184934,nm5416981
tt10184936,nm11976248
tt10184936,nm14506771
tt10184936,nm5416981
tt10184938,nm11976248
tt10184938,nm14506771
tt10184938,nm5416981
tt10184940,nm11976248
tt10184940,nm14506771
tt10184940,nm5416981
tt10184942,nm11976248
tt10184942,nm14506771
tt10184942,nm5416981
tt10184946,nm11976248
tt10184946,nm14506771
tt10184946,nm5416981
tt10184948,nm11976248
tt10184948,nm14506771
tt10184948,nm5416981
tt10184950,nm11976248
tt10184950,nm14506771
tt10184950,nm5416981
tt10184954,nm11976248
tt10184954,nm14506771
tt10184954,nm5416981
tt10184956,nm11976248
tt10184956,nm14506771
tt10184956,nm5416981
tt10184958,nm11976248
tt10184958,nm14506771
tt10184958,nm5416981
tt10184962,nm11976248
tt10184962,nm14506771
tt10184962,nm5416981
tt10184964,nm0189373
tt10184966,nm11976248
tt10184966,nm14506771
tt10184966,nm5416981
tt10184968,nm11976248
tt10184968,nm14506771
tt10184968,nm5416981
tt10184970,nm11976248
tt10184970,nm14506771
tt10184970,nm5416981
tt10184974,nm11976248
tt10184974,nm14506771
tt10184974,nm5416981
tt10184978,nm6586462
tt10184982,nm11976248
tt10184982,nm14506771
tt10184982,nm5416981
tt10184992,nm11976248
tt10184992,nm14506771
tt10184992,nm5416981
tt10184996,nm11976248
tt10184996,nm14506771
tt10184996,nm5416981
tt10184998,nm11976248
tt10184998,nm14506771
tt10184998,nm5416981
tt10185000,nm11976248
tt10185000,nm14506771
tt10185000,nm5416981
tt10185004,nm11976248
tt10185004,nm14506771
tt10185004,nm5416981
tt10185006,nm11976248
tt10185006,nm14506771
tt10185006,nm5416981
tt10185008,nm11976248
tt10185008,nm14506771
tt10185008,nm5416981
tt10185010,nm11976248
tt10185010,nm14506771
tt10185010,nm5416981
tt10185012,nm11976248
tt10185012,nm14506771
tt10185012,nm5416981
tt10185016,nm11976248
tt10185016,nm14506771
tt10185016,nm5416981
tt10185018,nm11976248
tt10185018,nm14506771
tt10185018,nm5416981
tt10185022,nm11976248
tt10185022,nm14506771
tt10185022,nm5416981
tt10185026,nm11976248
tt10185026,nm14506771
tt10185026,nm5416981
tt10185028,nm11976248
tt10185028,nm14506771
tt10185028,nm5416981
tt10185032,nm11976248
tt10185032,nm14506771
tt10185032,nm5416981
tt10185034,nm11976248
tt10185034,nm14506771
tt10185034,nm5416981
tt10185036,nm11976248
tt10185036,nm14506771
tt10185036,nm5416981
tt10185038,nm11976248
tt10185038,nm14506771
tt10185038,nm5416981
tt10185040,nm11976248
tt10185040,nm14506771
tt10185040,nm5416981
tt10185042,nm11976248
tt10185042,nm14506771
tt10185042,nm5416981
tt10185046,nm11976248
tt10185046,nm14506771
tt10185046,nm5416981
tt10185048,nm11976248
tt10185048,nm14506771
tt10185048,nm5416981
tt10185050,nm11976248
tt10185050,nm14506771
tt10185050,nm5416981
tt10185052,nm11976248
tt10185052,nm14506771
tt10185052,nm5416981
tt10185056,nm11976248
tt10185056,nm14506771
tt10185056,nm5416981
tt10185058,nm11976248
tt10185058,nm14506771
tt10185058,nm5416981
tt10185060,nm11976248
tt10185060,nm14506771
tt10185060,nm3246845
tt10185060,nm5416981
tt10185062,nm11976248
tt10185062,nm14506771
tt10185062,nm5416981
tt10185064,nm11976248
tt10185064,nm14506771
tt10185064,nm5416981
tt10185066,nm11976248
tt10185066,nm14506771
tt10185066,nm5416981
tt10185068,nm11976248
tt10185068,nm14506771
tt10185068,nm5416981
tt10185070,nm11976248
tt10185070,nm14506771
tt10185070,nm5416981
tt10185072,nm11976248
tt10185072,nm14506771
tt10185072,nm5416981
tt10185074,nm11976248
tt10185074,nm14506771
tt10185074,nm5416981
tt10185076,nm11976248
tt10185076,nm14506771
tt10185076,nm5416981
tt10185080,nm11976248
tt10185080,nm14506771
tt10185080,nm5416981
tt10185082,nm10621038
tt10185082,nm7379034
tt10185084,nm12305279
tt10185084,nm6311480
tt10185086,nm12305279
tt10185086,nm6311480
tt10185088,nm10621038
tt10185088,nm7379034
tt10185090,nm12305279
tt10185090,nm6311480
tt10185092,nm12305279
tt10185092,nm6311480
tt10185094,nm12305279
tt10185094,nm6311480
tt10185096,nm12305279
tt10185096,nm6311480
tt10185098,nm7271628
tt10185100,nm12305279
tt10185100,nm6311480
tt10185102,nm12305279
tt10185102,nm6311480
tt10185104,nm12305279
tt10185104,nm6311480
tt10185106,nm12305279
tt10185106,nm6311480
tt10185110,nm12305279
tt10185110,nm6311480
tt10185112,nm12305279
tt10185112,nm6311480
tt10185114,nm12305279
tt10185114,nm6311480
tt10185116,nm12305279
tt10185116,nm6311480
tt10185118,nm12305279
tt10185118,nm6311480
tt10185120,nm12305279
tt10185120,nm6311480
tt10185122,nm12305279
tt10185122,nm6311480
tt10185124,nm12305279
tt10185124,nm6311480
tt10185126,nm12305279
tt10185126,nm6311480
tt10185128,nm12305279
tt10185128,nm6311480
tt10185130,nm12305279
tt10185130,nm6311480
tt10185132,nm12305279
tt10185132,nm6311480
tt10185134,nm12305279
tt10185134,nm6311480
tt10185136,nm12305279
tt10185136,nm6311480
tt10185138,nm12305279
tt10185138,nm6311480
tt10185140,nm12305279
tt10185140,nm6311480
tt10185142,nm12305279
tt10185142,nm6311480
tt10185144,nm12305279
tt10185144,nm6311480
tt10185146,nm12305279
tt10185146,nm6311480
tt10185148,nm12305279
tt10185148,nm6311480
tt10185150,nm12305279
tt10185150,nm6311480
tt10185152,nm1298267
tt10185154,nm12305279
tt10185154,nm6311480
tt10185156,nm12305279
tt10185156,nm6311480
tt10185158,nm12305279
tt10185158,nm6311480
tt10185160,nm12305279
tt10185160,nm6311480
tt10185164,nm12305279
tt10185164,nm6311480
tt10185166,nm12305279
tt10185166,nm6311480
tt10185168,nm12305279
tt10185168,nm6311480
tt10185170,nm12305279
tt10185170,nm6311480
tt10185172,nm12305279
tt10185172,nm6311480
tt10185184,nm0189373
tt10185220,nm8422884
tt10185228,nm9015681
tt10185636,nm7678362
tt10185730,nm7538919
tt10185756,nm8932411
tt10185756,nm9818935
tt10185760,nm8932411
tt10185760,nm9818935
tt10185764,nm8932411
tt10185764,nm9818935
tt10185770,nm8932411
tt10185770,nm9818935
tt10185772,nm8932411
tt10185772,nm9818935
tt10185774,nm8932411
tt10185774,nm9818935
tt10185776,nm8932411
tt10185776,nm9818935
tt10185778,nm8932411
tt10185778,nm9818935
tt10185780,nm8932411
tt10185780,nm9818935
tt10185784,nm8932411
tt10185784,nm9818935
tt10185788,nm8932411
tt10185788,nm9818935
tt10185790,nm8932411
tt10185790,nm9818935
tt10185792,nm8932411
tt10185792,nm9818935
tt10185794,nm8932411
tt10185794,nm9818935
tt10185796,nm8932411
tt10185796,nm9818935
tt10185798,nm8932411
tt10185798,nm9818935
tt10185800,nm8932411
tt10185800,nm9818935
tt10185802,nm8932411
tt10185802,nm9818935
tt10185806,nm8932411
tt10185806,nm9818935
tt10185810,nm8932411
tt10185810,nm9818935
tt10185812,nm8932411
tt10185812,nm9818935
tt10185814,nm8932411
tt10185814,nm9818935
tt10185816,nm8932411
tt10185816,nm9818935
tt10185820,nm8932411
tt10185820,nm9818935
tt10185822,nm8932411
tt10185822,nm9818935
tt10185824,nm8932411
tt10185824,nm9818935
tt10185826,nm8932411
tt10185826,nm9818935
tt10185830,nm8932411
tt10185830,nm9818935
tt10185968,nm10604490
tt10185968,nm8213447
tt10185972,nm10604490
tt10185972,nm8213447
tt10185974,nm10604490
tt10185974,nm8213447
tt10185976,nm10604490
tt10185976,nm8213447
tt10185980,nm10604490
tt10185980,nm8213447
tt10185982,nm10604490
tt10185982,nm8213447
tt10185984,nm10604490
tt10185984,nm8213447
tt10185986,nm10604490
tt10185986,nm8213447
tt10185988,nm10604490
tt10185988,nm8213447
tt10185994,nm10604490
tt10185994,nm8213447
tt10185996,nm10604490
tt10185996,nm8213447
tt10185998,nm10604490
tt10185998,nm8213447
tt10186000,nm10604490
tt10186000,nm8213447
tt10186002,nm10604490
tt10186002,nm8213447
tt10186004,nm10604490
tt10186004,nm8213447
tt10186008,nm10604490
tt10186008,nm8213447
tt10186012,nm10604490
tt10186012,nm8213447
tt10186016,nm10604490
tt10186016,nm8213447
tt10186018,nm10604490
tt10186018,nm8213447
tt10186020,nm10604490
tt10186020,nm8213447
tt10186022,nm10604490
tt10186022,nm8213447
tt10186024,nm10604490
tt10186024,nm8213447
tt10186026,nm10604490
tt10186026,nm8213447
tt10186030,nm10604490
tt10186030,nm8213447
tt10186034,nm10604490
tt10186034,nm8213447
tt10186036,nm10604490
tt10186036,nm8213447
tt10186038,nm10604490
tt10186038,nm8213447
tt10186040,nm10604490
tt10186040,nm8213447
tt10186042,nm10604490
tt10186042,nm8213447
tt10186044,nm10604490
tt10186044,nm8213447
tt10186046,nm10604490
tt10186046,nm8213447
tt10186048,nm10604490
tt10186048,nm8213447
tt10186052,nm10604490
tt10186052,nm8213447
tt10186054,nm10604490
tt10186054,nm8213447
tt10186058,nm10604490
tt10186058,nm8213447
tt10186060,nm10604490
tt10186060,nm8213447
tt10186062,nm10604490
tt10186062,nm8213447
tt10186064,nm10604490
tt10186064,nm8213447
tt10186068,nm10604490
tt10186068,nm8213447
tt10186070,nm10604490
tt10186070,nm8213447
tt10186076,nm6586462
tt10186084,nm10377741
tt10186084,nm10604490
tt10186084,nm5975296
tt10186084,nm8213447
tt10186086,nm10377741
tt10186086,nm10604490
tt10186086,nm8213447
tt10186088,nm10377741
tt10186088,nm10604490
tt10186088,nm8213447
tt10186090,nm10377741
tt10186090,nm10604490
tt10186090,nm8213447
tt10186092,nm10377741
tt10186092,nm10604490
tt10186092,nm8213447
tt10186094,nm10377741
tt10186094,nm10604490
tt10186094,nm8213447
tt10186100,nm10377741
tt10186100,nm10604490
tt10186100,nm8213447
tt10186102,nm10377741
tt10186102,nm10604490
tt10186102,nm8213447
tt10186104,nm10377741
tt10186104,nm10604490
tt10186104,nm8213447
tt10186106,nm10377741
tt10186106,nm10604490
tt10186106,nm5975296
tt10186106,nm8213447
tt10186108,nm10377741
tt10186108,nm10604490
tt10186108,nm8213447
tt10186110,nm10377741
tt10186110,nm10604490
tt10186110,nm8213447
tt10186112,nm10377741
tt10186112,nm10604490
tt10186112,nm8213447
tt10186114,nm10377741
tt10186114,nm10604490
tt10186114,nm8213447
tt10186116,nm10377741
tt10186116,nm10604490
tt10186116,nm8213447
tt10186118,nm10377741
tt10186118,nm10604490
tt10186118,nm5975296
tt10186118,nm8213447
tt10186120,nm10377741
tt10186120,nm10604490
tt10186120,nm8213447
tt10186122,nm10377741
tt10186122,nm10604490
tt10186122,nm5975296
tt10186122,nm8213447
tt10186124,nm10377741
tt10186124,nm10604490
tt10186124,nm5975296
tt10186124,nm8213447
tt10186126,nm10377741
tt10186126,nm10604490
tt10186126,nm5975296
tt10186126,nm8213447
tt10186130,nm9367752
tt10186130,nm9367754
tt10186160,nm6586462
tt10186290,nm10617751
tt10186290,nm7844545
tt10186352,nm6586462
tt10186366,nm3659847
tt10186402,nm3659847
tt10186546,nm0189373
tt10186554,nm0189373
tt10186562,nm0189373
tt10186582,nm0189373
tt10186638,nm1898504
tt10186648,nm0189373
tt10186686,nm1327493
tt10186696,nm10612265
tt10186702,nm10621298
tt10186742,nm0189373
tt10186780,nm3006224
tt10186800,nm1327493
tt10186812,nm1327493
tt10186816,nm0189373
tt10186818,nm1327493
tt10186824,nm0189373
tt10186844,nm0189373
tt10186850,nm1327493
tt10186852,nm7640375
tt10186866,nm1327493
tt10186878,nm6494011
tt10186884,nm0189373
tt10186894,nm5092778
tt10186896,nm1327493
tt10186902,nm0189373
tt10186904,nm10621349
tt10186908,nm1327493
tt10186912,nm0189373
tt10186914,nm1327493
tt10186918,nm0189373
tt10186922,nm1327493
tt10186924,nm9100950
tt10186932,nm1327493
tt10186934,nm0189373
tt10186938,nm5092778
tt10186950,nm0189373
tt10186952,nm1327493
tt10186954,nm0189373
tt10186968,nm1327493
tt10186974,nm0189373
tt10186996,nm1327493
tt10186998,nm5092778
tt10187000,nm0189373
tt10187016,nm1327493
tt10187018,nm0189373
tt10187054,nm0189373
tt10187084,nm0189373
tt10187104,nm0189373
tt10187114,nm4923102
tt10187114,nm8836218
tt10187118,nm6866744
tt10187124,nm0189373
tt10187132,nm0189373
tt10187140,nm0189373
tt10187152,nm0189373
tt10187166,nm10621548
tt10187168,nm0189373
tt10187182,nm0189373
tt10187184,nm0189373
tt10187188,nm9312032
tt10187196,nm0189373
tt10187202,nm0189373
tt10187212,nm0189373
tt10187218,nm0189373
tt10187226,nm0189373
tt10187230,nm10620171
tt10187234,nm0189373
tt10187238,nm8836218
tt10187244,nm0189373
tt10187252,nm0189373
tt10187254,nm10621614
tt10187262,nm0189373
tt10187270,nm7528204
tt1018728,nm0736286
tt10187294,nm6751575
tt10187296,nm2770404
tt10187440,nm1996447
tt10187488,nm1996447
tt10187498,nm9576232
tt10187500,nm10621834
tt10187518,nm10621854
tt10187582,nm2770404
tt10187604,nm2770646
tt1018765,nm0337773
tt10187678,nm0969107
tt10187690,nm8598953
tt10187708,nm10622031
tt10187712,nm0969107
tt10187730,nm0969107
tt10187774,nm5912616
tt10187802,nm0750913
tt10187940,nm9322296
tt10187988,nm3685588
tt10187988,nm4763693
tt10187988,nm5738453
tt10187988,nm8633065
tt10187994,nm10622126
tt10188032,nm4742776
tt10188040,nm3603018
tt10188040,nm5990160
tt10188040,nm7501885
tt10188040,nm8513248
tt10188046,nm3603018
tt10188046,nm5990160
tt10188046,nm7501885
tt10188046,nm8513248
tt10188100,nm4540894
tt10188148,nm1925423
tt10188152,nm1546912
tt10188178,nm7932039
tt10188180,nm9032591
tt10188184,nm7932039
tt10188196,nm7932039
tt10188204,nm10601855
tt10188218,nm7932039
tt10188226,nm7932039
tt10188322,nm10622248
tt10188324,nm9552827
tt10188330,nm2808702
tt10188332,nm7107434
tt10188332,nm8173181
tt10188372,nm7821142
tt10188386,nm9224197
tt10188422,nm3072681
tt10188422,nm7115178
tt10188446,nm3072681
tt10188446,nm7115178
tt10188460,nm10622361
tt10188464,nm5962947
tt10188478,nm7183949
tt10188478,nm8867797
tt10188512,nm6586462
tt10188570,nm0346008
tt10188570,nm8121220
tt10188704,nm0480044
tt10188764,nm2043837
tt10188922,nm5172922
tt10188992,nm6862363
tt10189018,nm1327493
tt10189028,nm1327493
tt10189040,nm1327493
tt10189046,nm1327493
tt10189096,nm10622587
tt10189138,nm6840072
tt10189158,nm1327493
tt10189168,nm1327493
tt10189174,nm1327493
tt10189178,nm1327493
tt10189186,nm1327493
tt10189208,nm1327493
tt10189214,nm1327493
tt10189222,nm1327493
tt10189224,nm1327493
tt10189244,nm1327493
tt10189246,nm1327493
tt10189252,nm1327493
tt10189258,nm1327493
tt10189260,nm1327493
tt10189262,nm1327493
tt10189270,nm1327493
tt10189282,nm1327493
tt10189286,nm1327493
tt10189294,nm1327493
tt10189302,nm1327493
tt10189306,nm1327493
tt10189312,nm1327493
tt10189314,nm0636440
tt10189314,nm0784808
tt10189314,nm1302730
tt10189314,nm3110287
tt10189314,nm3855257
tt10189314,nm4797331
tt10189316,nm1327493
tt10189346,nm1416091
tt10189386,nm7645947
tt10189402,nm10622785
tt10189426,nm0419790
tt10189436,nm10622031
tt10189448,nm10622861
tt10189448,nm14472971
tt10189448,nm1757677
tt10189448,nm7792291
tt10189452,nm2198077
tt10189462,nm2181150
tt10189508,nm10622967
tt10189516,nm1033455
tt10189534,nm2667446
tt10189538,nm7024329
tt10189542,nm7024329
tt10189544,nm7024329
tt10189546,nm7024329
tt10189548,nm7024329
tt10189552,nm7024329
tt10189554,nm7024329
tt10189556,nm7024329
tt10189558,nm7024329
tt10189562,nm7024329
tt10189564,nm7024329
tt10189566,nm7024329
tt10189568,nm7024329
tt10189580,nm2323645
tt10189590,nm1592239
tt10189650,nm2193141
tt10189686,nm0784808
tt10189686,nm3110287
tt10189694,nm10205958
tt10189694,nm10476001
tt10189694,nm1115134
tt10189694,nm1309552
tt10189694,nm1326321
tt10189694,nm2148376
tt10189694,nm4580836
tt10189698,nm3163133
tt10189730,nm11890084
tt10189730,nm11894179
tt10189740,nm0440604
tt10189756,nm10623194
tt10189762,nm1431584
tt10189762,nm1825415
tt10189762,nm2177685
tt10189762,nm2334669
tt10189762,nm7922188
tt10189764,nm10623198
tt10189800,nm10623220
tt10189836,nm0784808
tt10189836,nm3855257
tt10189840,nm2334669
tt10189842,nm2177685
tt10189848,nm10594136
tt10189850,nm7922188
tt10189852,nm8840649
tt10189854,nm1431584
tt10189858,nm1825415
tt10189862,nm2177685
tt10189886,nm0784808
tt10189886,nm3110287
tt10190056,nm5931322
tt10190172,nm4787966
tt10190316,nm0784808
tt10190316,nm4797331
tt10190324,nm0138606
tt10190372,nm10623313
tt10190750,nm10377741
tt10190750,nm10604490
tt10190750,nm5975296
tt10190750,nm8213447
tt10190752,nm10377741
tt10190752,nm10604490
tt10190752,nm8213447
tt10190760,nm10377741
tt10190760,nm10604490
tt10190760,nm8213447
tt10190768,nm10377741
tt10190768,nm10604490
tt10190768,nm8213447
tt10190770,nm10377741
tt10190770,nm10604490
tt10190770,nm8213447
tt10190772,nm10377741
tt10190772,nm10604490
tt10190772,nm8213447
tt10190774,nm10377741
tt10190774,nm10604490
tt10190774,nm8213447
tt10190776,nm10377741
tt10190776,nm10604490
tt10190776,nm8213447
tt10190778,nm10377741
tt10190778,nm10604490
tt10190778,nm8213447
tt10190780,nm10377741
tt10190780,nm10604490
tt10190780,nm8213447
tt10190782,nm10377741
tt10190782,nm10604490
tt10190782,nm5975296
tt10190782,nm8213447
tt10190784,nm10377741
tt10190784,nm10604490
tt10190784,nm8213447
tt10190786,nm10377741
tt10190786,nm10604490
tt10190786,nm5975296
tt10190786,nm8213447
tt10190788,nm10377741
tt10190788,nm10604490
tt10190788,nm8213447
tt10190790,nm10377741
tt10190790,nm10604490
tt10190790,nm8213447
tt10190792,nm10377741
tt10190792,nm10604490
tt10190792,nm8213447
tt10190796,nm10377741
tt10190796,nm10604490
tt10190796,nm5975296
tt10190796,nm8213447
tt10190798,nm10377741
tt10190798,nm10604490
tt10190798,nm8213447
tt10190800,nm10377741
tt10190800,nm10604490
tt10190800,nm5975296
tt10190800,nm8213447
tt10190802,nm10377741
tt10190802,nm10604490
tt10190802,nm8213447
tt10190804,nm10623355
tt10190806,nm10604490
tt10190806,nm8213447
tt10190808,nm10604490
tt10190808,nm8213447
tt10190810,nm10604490
tt10190810,nm8213447
tt10190812,nm10604490
tt10190812,nm8213447
tt10190814,nm10604490
tt10190814,nm8213447
tt10190816,nm10604490
tt10190816,nm8213447
tt10190818,nm10604490
tt10190818,nm8213447
tt10190820,nm10604490
tt10190820,nm8213447
tt10190822,nm10604490
tt10190822,nm8213447
tt10190824,nm10604490
tt10190824,nm8213447
tt10190826,nm10604490
tt10190826,nm8213447
tt10190828,nm10604490
tt10190828,nm8213447
tt10190830,nm10604490
tt10190830,nm8213447
tt10190834,nm10604490
tt10190834,nm8213447
tt10190848,nm10604490
tt10190848,nm8213447
tt10190868,nm10604490
tt10190868,nm8213447
tt10190882,nm10604490
tt10190882,nm8213447
tt10190884,nm10604490
tt10190884,nm8213447
tt10190886,nm10604490
tt10190886,nm8213447
tt10190888,nm10604490
tt10190888,nm8213447
tt10190892,nm10604490
tt10190892,nm8213447
tt10190894,nm10604490
tt10190894,nm8213447
tt10190896,nm10604490
tt10190896,nm8213447
tt10190898,nm10604490
tt10190898,nm8213447
tt10190900,nm10604490
tt10190900,nm8213447
tt10190902,nm10604490
tt10190902,nm8213447
tt10190904,nm10604490
tt10190904,nm8213447
tt10190906,nm10604490
tt10190906,nm8213447
tt10190908,nm10604490
tt10190908,nm8213447
tt10190910,nm10604490
tt10190910,nm8213447
tt10190912,nm10604490
tt10190912,nm8213447
tt10190914,nm10604490
tt10190914,nm8213447
tt10190916,nm10604490
tt10190916,nm8213447
tt10190918,nm10604490
tt10190918,nm8213447
tt10190922,nm0784808
tt10190922,nm4797331
tt10190924,nm10604490
tt10190924,nm8213447
tt10190928,nm10604490
tt10190928,nm8213447
tt10190930,nm10604490
tt10190930,nm8213447
tt10190934,nm10604490
tt10190934,nm8213447
tt10190936,nm10604490
tt10190936,nm8213447
tt10190938,nm10604490
tt10190938,nm8213447
tt10191110,nm0784808
tt10191110,nm3855257
tt10191138,nm10623407
tt10191138,nm10623408
tt10191350,nm1592239
tt10191356,nm1592239
tt10191412,nm0944064
tt10191440,nm10620964
tt10191446,nm0784808
tt10191446,nm1302730
tt10191548,nm2504290
tt10191548,nm4197785
tt10191588,nm0636440
tt10191588,nm0784808
tt10191672,nm0519117
tt10191674,nm12305279
tt10191674,nm6311480
tt10191676,nm12305279
tt10191676,nm6311480
tt10191678,nm12305279
tt10191678,nm6311480
tt10191680,nm12305279
tt10191680,nm6311480
tt10191682,nm12305279
tt10191682,nm6311480
tt10191684,nm12305279
tt10191684,nm6311480
tt10191688,nm12305279
tt10191688,nm6311480
tt10191690,nm12305279
tt10191690,nm6311480
tt10191692,nm12305279
tt10191692,nm6311480
tt10191694,nm12305279
tt10191694,nm6311480
tt10191696,nm12305279
tt10191696,nm6311480
tt10191700,nm12305279
tt10191700,nm6311480
tt10191704,nm12305279
tt10191704,nm6311480
tt10191706,nm12305279
tt10191706,nm6311480
tt10191708,nm12305279
tt10191708,nm6311480
tt10191710,nm12305279
tt10191710,nm6311480
tt10191714,nm12305279
tt10191714,nm6311480
tt10191716,nm12305279
tt10191716,nm6311480
tt10191718,nm12305279
tt10191718,nm6311480
tt10191722,nm12305279
tt10191722,nm6311480
tt10191724,nm0784808
tt10191724,nm1302730
tt10191726,nm12305279
tt10191726,nm6311480
tt10191728,nm12305279
tt10191728,nm6311480
tt10191730,nm12305279
tt10191730,nm6311480
tt10191732,nm12305279
tt10191732,nm6311480
tt10191734,nm12305279
tt10191734,nm6311480
tt10191738,nm12305279
tt10191738,nm6311480
tt10191740,nm12305279
tt10191740,nm6311480
tt10191742,nm12305279
tt10191742,nm6311480
tt10191746,nm12305279
tt10191746,nm6311480
tt10191748,nm12305279
tt10191748,nm6311480
tt10191750,nm12305279
tt10191750,nm6311480
tt10191752,nm12305279
tt10191752,nm6311480
tt10191754,nm12305279
tt10191754,nm6311480
tt10191756,nm12305279
tt10191756,nm6311480
tt10191760,nm12305279
tt10191760,nm6311480
tt10191762,nm6311480
tt10191764,nm12305279
tt10191764,nm6311480
tt10191766,nm12305279
tt10191766,nm6311480
tt10191768,nm12305279
tt10191768,nm6311480
tt10191770,nm12305279
tt10191770,nm6311480
tt10191784,nm11976248
tt10191784,nm14506771
tt10191784,nm5416981
tt10191786,nm11976248
tt10191786,nm14506771
tt10191786,nm5416981
tt10191788,nm7513494
tt10191792,nm11976248
tt10191792,nm14506771
tt10191792,nm5416981
tt10191796,nm11976248
tt10191796,nm14506771
tt10191796,nm5416981
tt10191798,nm11976248
tt10191798,nm14506771
tt10191798,nm5416981
tt10191802,nm11976248
tt10191802,nm14506771
tt10191802,nm5416981
tt10191804,nm11976248
tt10191804,nm14506771
tt10191804,nm5416981
tt10191808,nm11976248
tt10191808,nm14506771
tt10191808,nm5416981
tt10191810,nm11976248
tt10191810,nm14506771
tt10191810,nm5416981
tt10191816,nm11976248
tt10191816,nm14506771
tt10191816,nm5416981
tt10191822,nm11976248
tt10191822,nm14506771
tt10191822,nm5416981
tt10191824,nm11976248
tt10191824,nm14506771
tt10191824,nm5416981
tt10191826,nm11976248
tt10191826,nm14506771
tt10191826,nm5416981
tt10191830,nm11976248
tt10191830,nm14506771
tt10191830,nm5416981
tt10191834,nm11976248
tt10191834,nm14506771
tt10191834,nm5416981
tt10191836,nm11976248
tt10191836,nm14506771
tt10191836,nm5416981
tt10191838,nm11976248
tt10191838,nm14506771
tt10191838,nm5416981
tt10191840,nm11976248
tt10191840,nm14506771
tt10191840,nm5416981
tt10191842,nm11976248
tt10191842,nm14506771
tt10191842,nm5416981
tt10191848,nm11976248
tt10191848,nm14506771
tt10191848,nm5416981
tt10191856,nm11976248
tt10191856,nm14506771
tt10191856,nm5416981
tt10191858,nm11976248
tt10191858,nm14506771
tt10191858,nm5416981
tt10191860,nm11976248
tt10191860,nm14506771
tt10191860,nm5416981
tt10191862,nm11976248
tt10191862,nm14506771
tt10191862,nm5416981
tt10191864,nm11976248
tt10191864,nm14506771
tt10191864,nm5416981
tt10191868,nm11976248
tt10191868,nm14506771
tt10191868,nm5416981
tt10191870,nm11976248
tt10191870,nm14506771
tt10191870,nm5416981
tt10191872,nm0519117
tt10191874,nm11976248
tt10191874,nm14506771
tt10191874,nm5416981
tt10191878,nm11976248
tt10191878,nm14506771
tt10191878,nm5416981
tt10191880,nm11976248
tt10191880,nm14506771
tt10191880,nm5416981
tt10191898,nm11976248
tt10191898,nm14506771
tt10191898,nm5416981
tt10191900,nm11976248
tt10191900,nm14506771
tt10191900,nm5416981
tt10191902,nm11976248
tt10191902,nm14506771
tt10191902,nm5416981
tt10191904,nm11976248
tt10191904,nm14506771
tt10191904,nm5416981
tt10191906,nm11976248
tt10191906,nm14506771
tt10191906,nm5416981
tt10191908,nm11976248
tt10191908,nm14506771
tt10191908,nm5416981
tt10191910,nm11976248
tt10191910,nm14506771
tt10191910,nm5416981
tt10191912,nm11976248
tt10191912,nm14506771
tt10191912,nm5416981
tt10191914,nm11976248
tt10191914,nm14506771
tt10191914,nm5416981
tt10191916,nm11976248
tt10191916,nm14506771
tt10191916,nm5416981
tt10192154,nm0636440
tt10192154,nm0784808
tt10192196,nm1033901
tt10192208,nm8327891
tt10192210,nm10623715
tt10192258,nm0784808
tt10192258,nm3110287
tt10192310,nm7307619
tt10192312,nm7307619
tt10192314,nm7307619
tt10192316,nm7307619
tt10192318,nm7307619
tt10192322,nm7307619
tt10192324,nm7307619
tt10192326,nm7307619
tt10192328,nm7307619
tt10192330,nm7307619
tt10192332,nm7307619
tt10192334,nm7307619
tt10192336,nm7307619
tt10192340,nm7307619
tt10192342,nm7307619
tt10192392,nm6060193
tt10192466,nm4138471
tt10192470,nm1108252
tt10192472,nm8020779
tt10192476,nm7513494
tt10192476,nm7513496
tt10192480,nm8020779
tt10192484,nm8020779
tt10192490,nm8020779
tt10192492,nm8020779
tt10192494,nm8020779
tt10192498,nm8020779
tt10192500,nm8020779
tt10192502,nm7772360
tt10192504,nm8020779
tt10192506,nm8020779
tt10192508,nm4427276
tt10192510,nm8020779
tt10192512,nm8020779
tt10192516,nm8020779
tt10192518,nm8020779
tt10192520,nm8020779
tt10192522,nm8020779
tt10192524,nm8020779
tt10192526,nm4427276
tt10192528,nm8020779
tt10192530,nm8020779
tt10192534,nm8020779
tt10192536,nm8020779
tt10192538,nm8020779
tt10192546,nm4427276
tt10192552,nm4427276
tt10192558,nm4427276
tt10192568,nm10619351
tt10192574,nm10619351
tt10192580,nm10619351
tt10192584,nm10619351
tt10192588,nm10619351
tt10192592,nm7640375
tt10192608,nm8423589
tt10192630,nm0784808
tt10192630,nm1302730
tt10192632,nm3720048
tt10192634,nm10621349
tt10192640,nm3753363
tt10192650,nm2185108
tt10192658,nm9003216
tt10192666,nm2770646
tt10192674,nm8423589
tt10192700,nm7640375
tt10192706,nm2407202
tt10192710,nm0838564
tt10192712,nm8109894
tt10192714,nm10624035
tt10192718,nm2407202
tt10192730,nm2407202
tt10192756,nm2050270
tt10192770,nm8462870
tt10192824,nm3856096
tt10192836,nm1018317
tt10192860,nm5472151
tt10192882,nm1018317
tt10192928,nm1018317
tt10192930,nm6594300
tt10192946,nm6594300
tt10192958,nm0679739
tt10192986,nm10619351
tt10192990,nm10619351
tt10192994,nm10619351
tt10193010,nm2242037
tt10193016,nm10619351
tt10193020,nm3546309
tt10193022,nm10619351
tt10193030,nm10619351
tt10193040,nm10619351
tt10193044,nm2672249
tt10193050,nm10619351
tt10193062,nm10619351
tt10193068,nm10624407
tt10193068,nm10624408
tt10193068,nm9467986
tt10193072,nm10619351
tt10193082,nm0917239
tt10193102,nm9467986
tt10193160,nm0607891
tt10193204,nm9865883
tt10193210,nm1397295
tt10193210,nm1881170
tt10193210,nm9937689
tt10193224,nm10624558
tt10193238,nm5092778
tt10193256,nm2305764
tt10193260,nm3546309
tt10193268,nm3546309
tt10193270,nm3546309
tt10193272,nm3546309
tt10193276,nm3546309
tt10193280,nm3546309
tt10193284,nm3546309
tt10193292,nm3546309
tt10193296,nm3546309
tt10193308,nm3546309
tt10193312,nm3546309
tt10193316,nm3546309
tt10193320,nm3546309
tt10193330,nm1433489
tt10193330,nm1990476
tt10193356,nm10624643
tt10193374,nm3546309
tt10193382,nm3546309
tt10193384,nm3546309
tt10193386,nm3546309
tt10193390,nm3546309
tt10193392,nm8265329
tt10193400,nm3546309
tt10193408,nm3546309
tt10193530,nm9823365
tt10193604,nm8020779
tt10193606,nm8020779
tt10193610,nm8020779
tt10193612,nm8020779
tt10193614,nm8020779
tt10193616,nm8020779
tt10193618,nm8020779
tt10193620,nm8020779
tt10193622,nm8020779
tt10193624,nm8020779
tt10193626,nm8020779
tt10193628,nm8020779
tt10193630,nm8020779
tt10193632,nm8020779
tt10193634,nm8020779
tt10193648,nm8020779
tt10193652,nm8020779
tt10193664,nm8020779
tt10193666,nm8020779
tt10193694,nm8020779
tt10193698,nm8020779
tt10193700,nm8020779
tt10193702,nm8020779
tt10193704,nm8020779
tt10193706,nm8020779
tt10193708,nm8020779
tt10193710,nm8020779
tt10193712,nm8020779
tt10193714,nm8020779
tt10193716,nm8020779
tt10193718,nm8020779
tt10193720,nm8020779
tt10193722,nm8020779
tt10193724,nm8020779
tt10193726,nm8020779
tt10193728,nm8020779
tt10193730,nm8020779
tt10193732,nm8020779
tt10193736,nm8020779
tt10193844,nm3546309
tt10193870,nm3546309
tt10193932,nm3546309
tt10193938,nm3546309
tt10193944,nm7307619
tt10193946,nm7307619
tt10193948,nm7307619
tt10193950,nm7307619
tt10193952,nm7307619
tt10193954,nm7307619
tt10193956,nm7307619
tt10193958,nm7307619
tt10193960,nm7307619
tt10193964,nm3546309
tt10193966,nm7307619
tt10193968,nm7307619
tt10193974,nm7307619
tt10193982,nm7307619
tt10193984,nm7307619
tt10193988,nm7307619
tt10193990,nm7307619
tt10193992,nm7307619
tt10193994,nm7307619
tt10193996,nm3546309
tt10193998,nm7307619
tt10194000,nm7307619
tt10194002,nm7307619
tt10194004,nm7307619
tt10194010,nm7307619
tt10194020,nm7307619
tt10194036,nm7307619
tt10194040,nm7307619
tt10194048,nm3546309
tt10194050,nm7307619
tt10194056,nm7307619
tt10194062,nm7307619
tt10194064,nm7307619
tt10194066,nm7307619
tt10194068,nm7307619
tt10194070,nm7307619
tt10194072,nm7307619
tt10194076,nm7307619
tt10194078,nm3546309
tt10194082,nm7307619
tt10194084,nm7307619
tt10194086,nm7307619
tt10194088,nm7307619
tt10194090,nm7307619
tt10194098,nm3546309
tt10194124,nm3546309
tt10194154,nm3546309
tt10194168,nm3546309
tt10194226,nm3546309
tt10194246,nm3546309
tt10194262,nm3546309
tt10194278,nm3546309
tt10194470,nm8719094
tt10194474,nm11976248
tt10194474,nm14506771
tt10194474,nm5416981
tt10194476,nm11976248
tt10194476,nm14506771
tt10194476,nm5416981
tt10194480,nm11976248
tt10194480,nm14506771
tt10194480,nm5416981
tt10194482,nm11976248
tt10194482,nm14506771
tt10194482,nm5416981
tt10194484,nm11976248
tt10194484,nm14506771
tt10194484,nm5416981
tt10194486,nm11976248
tt10194486,nm14506771
tt10194486,nm5416981
tt10194488,nm11976248
tt10194488,nm14506771
tt10194488,nm5416981
tt10194490,nm11976248
tt10194490,nm14506771
tt10194490,nm5416981
tt10194492,nm11976248
tt10194492,nm14506771
tt10194492,nm5416981
tt10194496,nm11976248
tt10194496,nm14506771
tt10194496,nm5416981
tt10194498,nm11976248
tt10194498,nm14506771
tt10194498,nm5416981
tt10194502,nm11976248
tt10194502,nm14506771
tt10194502,nm5416981
tt10194504,nm11976248
tt10194504,nm14506771
tt10194504,nm5416981
tt10194506,nm11976248
tt10194506,nm14506771
tt10194506,nm5416981
tt10194508,nm11976248
tt10194508,nm14506771
tt10194508,nm5416981
tt10194510,nm11976248
tt10194510,nm14506771
tt10194510,nm5416981
tt10194512,nm11976248
tt10194512,nm14506771
tt10194512,nm5416981
tt10194514,nm11976248
tt10194514,nm14506771
tt10194514,nm5416981
tt10194518,nm11976248
tt10194518,nm14506771
tt10194518,nm5416981
tt10194520,nm11976248
tt10194520,nm14506771
tt10194520,nm5416981
tt10194526,nm11976248
tt10194526,nm14506771
tt10194526,nm5416981
tt10194528,nm11976248
tt10194528,nm14506771
tt10194528,nm5416981
tt10194530,nm11976248
tt10194530,nm14506771
tt10194530,nm5416981
tt10194532,nm11976248
tt10194532,nm14506771
tt10194532,nm5416981
tt10194534,nm11976248
tt10194534,nm14506771
tt10194534,nm5416981
tt10194538,nm11976248
tt10194538,nm14506771
tt10194538,nm5416981
tt10194540,nm11976248
tt10194540,nm14506771
tt10194540,nm5416981
tt10194542,nm11976248
tt10194542,nm14506771
tt10194542,nm5416981
tt10194544,nm11976248
tt10194544,nm14506771
tt10194544,nm5416981
tt10194548,nm11976248
tt10194548,nm14506771
tt10194548,nm5416981
tt10194550,nm11976248
tt10194550,nm14506771
tt10194550,nm5416981
tt10194552,nm11976248
tt10194552,nm14506771
tt10194552,nm5416981
tt10194554,nm11976248
tt10194554,nm14506771
tt10194554,nm5416981
tt10194556,nm11976248
tt10194556,nm14506771
tt10194556,nm5416981
tt10194558,nm11976248
tt10194558,nm14506771
tt10194558,nm5416981
tt10194564,nm11976248
tt10194564,nm14506771
tt10194564,nm5416981
tt10194566,nm11976248
tt10194566,nm14506771
tt10194566,nm5416981
tt10194568,nm11976248
tt10194568,nm14506771
tt10194568,nm5416981
tt10194570,nm11976248
tt10194570,nm14506771
tt10194570,nm5416981
tt10194572,nm11976248
tt10194572,nm14506771
tt10194572,nm5416981
tt10194578,nm12305279
tt10194578,nm6311480
tt10194580,nm12305279
tt10194580,nm6311480
tt10194584,nm12305279
tt10194584,nm6311480
tt10194586,nm12305279
tt10194586,nm6311480
tt10194588,nm12305279
tt10194588,nm6311480
tt10194590,nm12305279
tt10194590,nm6311480
tt10194592,nm12305279
tt10194592,nm6311480
tt10194596,nm12305279
tt10194596,nm6311480
tt10194598,nm6311480
tt10194600,nm12305279
tt10194600,nm6311480
tt10194604,nm12305279
tt10194604,nm6311480
tt10194606,nm12305279
tt10194606,nm6311480
tt10194608,nm12305279
tt10194608,nm6311480
tt10194610,nm12305279
tt10194610,nm6311480
tt10194612,nm12305279
tt10194612,nm6311480
tt10194614,nm12305279
tt10194614,nm6311480
tt10194616,nm12305279
tt10194616,nm6311480
tt10194618,nm12305279
tt10194618,nm6311480
tt10194622,nm12305279
tt10194622,nm6311480
tt10194626,nm12305279
tt10194626,nm6311480
tt10194628,nm12305279
tt10194628,nm6311480
tt10194630,nm12305279
tt10194630,nm6311480
tt10194632,nm12305279
tt10194632,nm6311480
tt10194636,nm12305279
tt10194636,nm6311480
tt10194638,nm12305279
tt10194638,nm6311480
tt10194640,nm12305279
tt10194640,nm6311480
tt10194642,nm12305279
tt10194642,nm6311480
tt10194644,nm12305279
tt10194644,nm6311480
tt10194646,nm12305279
tt10194646,nm6311480
tt10194648,nm12305279
tt10194648,nm6311480
tt10194650,nm12305279
tt10194650,nm6311480
tt10194652,nm12305279
tt10194652,nm6311480
tt10194654,nm12305279
tt10194654,nm6311480
tt10194658,nm12305279
tt10194658,nm6311480
tt10194660,nm12305279
tt10194660,nm6311480
tt10194662,nm12305279
tt10194662,nm6311480
tt10194664,nm12305279
tt10194664,nm6311480
tt10194668,nm12305279
tt10194668,nm6311480
tt10194670,nm12305279
tt10194670,nm6311480
tt10194716,nm8307721
tt10195040,nm10604490
tt10195040,nm8213447
tt10195044,nm10604490
tt10195044,nm8213447
tt10195046,nm10604490
tt10195046,nm8213447
tt10195048,nm10604490
tt10195048,nm8213447
tt10195050,nm10604490
tt10195050,nm8213447
tt10195052,nm10604490
tt10195052,nm8213447
tt10195054,nm10604490
tt10195054,nm8213447
tt10195056,nm10604490
tt10195056,nm8213447
tt10195058,nm10604490
tt10195058,nm8213447
tt10195060,nm10604490
tt10195060,nm8213447
tt10195062,nm10604490
tt10195062,nm8213447
tt10195066,nm10604490
tt10195066,nm8213447
tt10195068,nm10604490
tt10195068,nm8213447
tt10195070,nm10604490
tt10195070,nm8213447
tt10195072,nm10604490
tt10195072,nm8213447
tt10195074,nm10604490
tt10195074,nm8213447
tt10195076,nm10604490
tt10195076,nm8213447
tt10195078,nm10604490
tt10195078,nm8213447
tt10195080,nm10604490
tt10195080,nm8213447
tt10195082,nm10604490
tt10195082,nm8213447
tt10195086,nm10604490
tt10195086,nm8213447
tt10195088,nm10604490
tt10195088,nm8213447
tt10195090,nm10604490
tt10195090,nm8213447
tt10195094,nm10604490
tt10195094,nm8213447
tt10195096,nm10604490
tt10195096,nm8213447
tt10195098,nm10604490
tt10195098,nm8213447
tt10195100,nm10604490
tt10195100,nm8213447
tt10195102,nm10604490
tt10195102,nm8213447
tt10195104,nm10604490
tt10195104,nm8213447
tt10195106,nm10604490
tt10195106,nm8213447
tt10195108,nm10604490
tt10195108,nm8213447
tt10195110,nm10604490
tt10195110,nm8213447
tt10195112,nm10604490
tt10195112,nm8213447
tt10195114,nm10604490
tt10195114,nm8213447
tt10195116,nm10604490
tt10195116,nm8213447
tt10195118,nm10604490
tt10195118,nm8213447
tt10195120,nm10377741
tt10195120,nm10604490
tt10195120,nm5975296
tt10195120,nm8213447
tt10195122,nm10377741
tt10195122,nm10604490
tt10195122,nm8213447
tt10195126,nm10377741
tt10195126,nm10604490
tt10195126,nm5975296
tt10195126,nm8213447
tt10195128,nm10377741
tt10195128,nm10604490
tt10195128,nm8213447
tt10195130,nm10377741
tt10195130,nm10604490
tt10195130,nm8213447
tt10195132,nm10377741
tt10195132,nm10604490
tt10195132,nm5975296
tt10195132,nm8213447
tt10195134,nm10377741
tt10195134,nm10604490
tt10195134,nm8213447
tt10195136,nm10377741
tt10195136,nm10604490
tt10195136,nm5975296
tt10195136,nm8213447
tt10195138,nm10377741
tt10195138,nm10604490
tt10195138,nm8213447
tt10195140,nm10377741
tt10195140,nm10604490
tt10195140,nm8213447
tt10195142,nm10377741
tt10195142,nm10604490
tt10195142,nm8213447
tt10195144,nm10377741
tt10195144,nm10604490
tt10195144,nm8213447
tt10195148,nm10377741
tt10195148,nm10604490
tt10195148,nm8213447
tt10195152,nm10377741
tt10195152,nm10604490
tt10195152,nm8213447
tt10195154,nm10377741
tt10195154,nm10604490
tt10195154,nm8213447
tt10195156,nm10377741
tt10195156,nm10604490
tt10195156,nm8213447
tt10195158,nm10377741
tt10195158,nm10604490
tt10195158,nm5975296
tt10195158,nm8213447
tt10195160,nm10377741
tt10195160,nm10604490
tt10195160,nm8213447
tt10195162,nm10377741
tt10195162,nm10604490
tt10195162,nm8213447
tt10195164,nm10377741
tt10195164,nm10604490
tt10195164,nm8213447
tt10195166,nm1108252
tt10195188,nm10624925
tt10195194,nm10624942
tt10195206,nm10624952
tt10195206,nm7349169
tt10195208,nm5521880
tt10195216,nm4461924
tt10195310,nm5092778
tt10195320,nm4007991
tt10195326,nm5092778
tt10195388,nm0747602
tt10195388,nm7013241
tt10195410,nm10625078
tt10195432,nm10625081
tt10195432,nm10688653
tt10195440,nm1917634
tt10195442,nm2305045
tt10195444,nm3923149
tt10195458,nm3923149
tt10195466,nm3923149
tt10195508,nm10611226
tt10195530,nm5052431
tt10195532,nm11199891
tt10195556,nm3923149
tt10195604,nm3923149
tt10195612,nm0991601
tt10195612,nm11255091
tt10195628,nm3923149
tt10195636,nm0728261
tt10195636,nm10625519
tt10195636,nm11202129
tt10195638,nm3923149
tt10195640,nm11238209
tt10195640,nm11667265
tt10195650,nm3923149
tt10195662,nm1144219
tt10195662,nm5416952
tt10195672,nm9097478
tt10195682,nm1144219
tt10195682,nm5416952
tt10195700,nm4059652
tt10195710,nm1108252
tt10195752,nm3377959
tt10195784,nm1144219
tt10195784,nm1300577
tt10195784,nm5416952
tt10195808,nm10625315
tt10195864,nm10600305
tt10195864,nm10600447
tt10195868,nm1637855
tt10195884,nm10619125
tt10195894,nm10619125
tt10195914,nm10245015
tt10195914,nm10625386
tt10195916,nm1977196
tt10195926,nm10921816
tt10195926,nm9449962
tt10195936,nm10625398
tt10195936,nm11894997
tt10195964,nm10625455
tt10195964,nm8085365
tt10195964,nm8581537
tt10196006,nm1620058
tt10196008,nm4740985
tt10196012,nm9433536
tt10196026,nm4740985
tt10196038,nm10625518
tt10196038,nm10625519
tt10196044,nm10625518
tt10196062,nm12299149
tt10196062,nm1333687
tt10196088,nm2388339
tt10196124,nm2360625
tt10196130,nm2388339
tt10196134,nm10625615
tt10196134,nm11199897
tt10196152,nm11202129
tt10196162,nm2181150
tt10196178,nm3622860
tt10196180,nm10625615
tt10196180,nm10625682
tt10196218,nm10625718
tt10196238,nm1480671
tt10196240,nm10620662
tt10196240,nm10620663
tt10196278,nm1620058
tt10196334,nm10625752
tt10196422,nm8435510
tt10196462,nm7811925
tt10196484,nm3230157
tt10196494,nm3675634
tt10196502,nm3675634
tt10196506,nm3675634
tt10196514,nm3675634
tt10196534,nm10623194
tt10196554,nm10623194
tt10196678,nm10626012
tt10196712,nm0693829
tt10196778,nm10626071
tt10196802,nm10600305
tt10196802,nm10600447
tt10197070,nm9980493
tt10197354,nm7665975
tt10197384,nm0064798
tt10197414,nm6954873
tt10197506,nm0015092
tt10197544,nm3260445
tt10197546,nm8099261
tt10197558,nm9147787
tt10197606,nm2518400
tt10197610,nm2352222
tt10197630,nm2518400
tt10197676,nm6515139
tt10197688,nm10626423
tt10197756,nm0367889
tt10197758,nm0367889
tt10197780,nm2763383
tt10197782,nm0266605
tt10197836,nm10206204
tt10197852,nm4420905
tt10197872,nm9725814
tt10197882,nm1108252
tt10197902,nm1487328
tt10197912,nm2472432
tt10197912,nm9818935
tt10197982,nm1108252
tt10197988,nm7433096
tt10197994,nm10378070
tt10197994,nm6505215
tt10198004,nm2246660
tt10198090,nm1108252
tt10198140,nm1748134
tt10198168,nm1409265
tt10198186,nm1108252
tt10198192,nm1108252
tt10198252,nm3225731
tt10198252,nm3226377
tt10198268,nm1864872
tt10198270,nm2321144
tt10198300,nm1108252
tt10198308,nm1108252
tt10198358,nm4817158
tt10198364,nm2985996
tt10198402,nm2463104
tt10198458,nm2770404
tt10198470,nm10604490
tt10198470,nm1590021
tt10198470,nm4345177
tt10198470,nm6476990
tt10198492,nm10604490
tt10198492,nm1590021
tt10198492,nm4345177
tt10198492,nm6476990
tt10198494,nm10604490
tt10198494,nm1590021
tt10198494,nm4345177
tt10198494,nm6476990
tt10198496,nm10604490
tt10198496,nm1590021
tt10198496,nm4345177
tt10198496,nm6476990
tt10198498,nm10604490
tt10198498,nm1590021
tt10198498,nm4345177
tt10198498,nm6476990
tt10198500,nm10604490
tt10198500,nm1590021
tt10198500,nm4345177
tt10198500,nm6476990
tt10198502,nm10604490
tt10198502,nm1590021
tt10198502,nm4345177
tt10198502,nm6476990
tt10198506,nm10604490
tt10198506,nm1590021
tt10198506,nm4345177
tt10198506,nm6476990
tt10198508,nm10604490
tt10198508,nm1590021
tt10198508,nm4345177
tt10198508,nm6476990
tt10198510,nm10604490
tt10198510,nm1590021
tt10198510,nm4345177
tt10198510,nm6476990
tt10198512,nm10604490
tt10198512,nm1590021
tt10198512,nm4345177
tt10198512,nm6476990
tt10198514,nm10604490
tt10198514,nm1590021
tt10198514,nm4345177
tt10198514,nm6476990
tt10198516,nm10604490
tt10198516,nm1590021
tt10198516,nm4345177
tt10198516,nm6476990
tt10198518,nm10604490
tt10198518,nm1590021
tt10198518,nm4345177
tt10198518,nm6476990
tt10198520,nm10604490
tt10198520,nm1590021
tt10198520,nm4345177
tt10198520,nm6476990
tt10198522,nm10604490
tt10198522,nm1590021
tt10198522,nm4345177
tt10198522,nm6476990
tt10198524,nm10604490
tt10198524,nm1590021
tt10198524,nm4345177
tt10198524,nm6476990
tt10198526,nm10604490
tt10198526,nm1590021
tt10198526,nm4345177
tt10198526,nm6476990
tt10198528,nm10604490
tt10198528,nm1590021
tt10198528,nm4345177
tt10198528,nm6476990
tt10198530,nm10604490
tt10198530,nm1590021
tt10198530,nm4345177
tt10198530,nm6476990
tt10198532,nm10604490
tt10198532,nm1590021
tt10198532,nm4345177
tt10198532,nm6476990
tt10198540,nm2770404
tt10198552,nm1637773
tt10198580,nm10627232
tt10198598,nm1960037
tt10198616,nm1006692
tt10198616,nm1153885
tt10198624,nm1932967
tt10198680,nm3708721
tt10198688,nm3708721
tt10198690,nm3708721
tt10198732,nm0646955
tt10198732,nm1746859
tt10198740,nm10627496
tt10198794,nm1302764
tt10198802,nm4241718
tt10198838,nm10622316
tt10198844,nm2326926
tt10198896,nm10627556
tt10198910,nm10627698
tt10198916,nm10627556
tt10198924,nm10627496
tt10198928,nm10627556
tt10198936,nm6993880
tt10198952,nm5950544
tt10198952,nm8173571
tt10198958,nm10627556
tt10198960,nm8029129
tt10199000,nm5129576
tt10199028,nm10303502
tt10199030,nm2112440
tt10199062,nm1936500
tt10199104,nm2029372
tt10199104,nm8570446
tt10199126,nm2029372
tt10199126,nm8570446
tt10199128,nm5635696
tt10199132,nm10081336
tt10199136,nm8197530
tt10199148,nm9964556
tt10199228,nm10815244
tt10199228,nm13087428
tt10199228,nm3795593
tt10199228,nm6441758
tt10199228,nm7318337
tt10199248,nm5515492
tt10199280,nm4247581
tt10199290,nm9299755
tt10199296,nm10045504
tt10199334,nm10628025
tt10199356,nm10628025
tt10199366,nm3756774
tt10199396,nm10628104
tt10199398,nm10045507
tt10199428,nm3756774
tt10199480,nm1977196
tt10199604,nm0266605
tt10199608,nm0266605
tt10199612,nm2763383
tt10199616,nm2763383
tt10199620,nm2763383
tt10199626,nm0367889
tt10199628,nm0367889
tt10199656,nm10626011
tt10199658,nm10628300
tt10199660,nm10325979
tt10199662,nm2181150
tt10199672,nm3622860
tt10199682,nm1977196
tt10199684,nm2181150
tt10199696,nm1977196
tt10199700,nm1977196
tt10199728,nm1977196
tt10199730,nm10628351
tt10199744,nm1977196
tt10199748,nm3622860
tt10199768,nm1977196
tt10199776,nm2388339
tt10199784,nm1977196
tt10199786,nm0592885
tt10199794,nm0892170
tt10199794,nm10628398
tt10199798,nm0266605
tt10199802,nm0266605
tt10199810,nm0643653
tt10199812,nm0643653
tt10199816,nm0643653
tt10199818,nm0643653
tt10199822,nm2763383
tt10199826,nm2763383
tt10199828,nm0367889
tt10199830,nm9381537
tt10199832,nm0367889
tt10199836,nm0266605
tt10199848,nm0266605
tt10199858,nm2763383
tt10199890,nm10628426
tt10199892,nm2763383
tt10199896,nm2763383
tt10199898,nm0367889
tt10199906,nm0643653
tt10199908,nm8689088
tt10199908,nm8689089
tt10199912,nm0643653
tt10199916,nm0643653
tt10199922,nm0643653
tt10199926,nm0643653
tt10199932,nm0643653
tt10199938,nm0266605
tt10199986,nm10628487
tt10200006,nm6746396
tt10200026,nm10628551
tt10200032,nm10628554
tt10200034,nm10628555
tt10200036,nm5823942
tt10200064,nm10628586
tt10200200,nm5834750
tt10200256,nm10604490
tt10200256,nm1590021
tt10200256,nm4345177
tt10200256,nm6476990
tt10200258,nm10604490
tt10200258,nm1590021
tt10200258,nm4345177
tt10200258,nm6476990
tt10200264,nm10604490
tt10200264,nm1590021
tt10200264,nm4345177
tt10200264,nm6476990
tt10200266,nm10604490
tt10200266,nm1590021
tt10200266,nm4345177
tt10200266,nm6476990
tt10200268,nm10604490
tt10200268,nm1590021
tt10200268,nm4345177
tt10200268,nm6476990
tt10200270,nm10604490
tt10200270,nm1590021
tt10200270,nm4345177
tt10200270,nm6476990
tt10200272,nm10604490
tt10200272,nm1590021
tt10200272,nm4345177
tt10200272,nm6476990
tt10200276,nm10604490
tt10200276,nm1590021
tt10200276,nm4345177
tt10200276,nm6476990
tt10200280,nm10604490
tt10200280,nm1590021
tt10200280,nm4345177
tt10200280,nm6476990
tt10200282,nm10604490
tt10200282,nm1590021
tt10200282,nm4345177
tt10200282,nm6476990
tt10200284,nm10604490
tt10200284,nm1590021
tt10200284,nm4345177
tt10200284,nm6476990
tt10200286,nm10604490
tt10200286,nm1590021
tt10200286,nm4345177
tt10200286,nm6476990
tt10200288,nm10604490
tt10200288,nm1590021
tt10200288,nm4345177
tt10200288,nm6476990
tt10200292,nm10604490
tt10200292,nm1590021
tt10200292,nm4345177
tt10200292,nm6476990
tt10200294,nm10604490
tt10200294,nm1590021
tt10200294,nm4345177
tt10200294,nm6476990
tt10200296,nm10604490
tt10200296,nm1590021
tt10200296,nm4345177
tt10200296,nm6476990
tt10200298,nm10604490
tt10200298,nm1590021
tt10200298,nm4345177
tt10200298,nm6476990
tt10200300,nm10604490
tt10200300,nm1590021
tt10200300,nm4345177
tt10200300,nm6476990
tt10200302,nm10604490
tt10200302,nm1590021
tt10200302,nm4345177
tt10200302,nm6476990
tt10200304,nm10604490
tt10200304,nm1590021
tt10200304,nm4345177
tt10200304,nm6476990
tt10200382,nm0221192
tt10200384,nm0221192
tt10200386,nm0221192
tt10200388,nm0221192
tt10200390,nm0221192
tt10200392,nm0221192
tt10200394,nm0221192
tt10200396,nm0221192
tt10200398,nm0221192
tt10200400,nm0221192
tt10200404,nm0221192
tt10200406,nm0221192
tt10200408,nm0221192
tt10200412,nm0221192
tt10200414,nm0221192
tt10200418,nm0221192
tt10200420,nm0221192
tt10200422,nm0221192
tt10200424,nm0221192
tt10200518,nm1805241
tt10200544,nm2027510
tt10200594,nm1885537
tt10200602,nm2735164
tt10200650,nm2735164
tt10200672,nm10628672
tt10200678,nm1885537
tt10200682,nm2027510
tt10200690,nm10628678
tt10200716,nm2735164
tt10200812,nm1234160
tt10200866,nm2735164
tt10201086,nm5121173
tt10201200,nm10377741
tt10201200,nm10604490
tt10201200,nm5975296
tt10201200,nm8213447
tt10201202,nm10377741
tt10201202,nm10604490
tt10201202,nm8213447
tt10201204,nm10377741
tt10201204,nm10604490
tt10201204,nm8213447
tt10201206,nm10377741
tt10201206,nm10604490
tt10201206,nm8213447
tt10201208,nm10377741
tt10201208,nm10604490
tt10201208,nm8213447
tt10201210,nm10377741
tt10201210,nm10604490
tt10201210,nm8213447
tt10201212,nm10377741
tt10201212,nm10604490
tt10201212,nm8213447
tt10201216,nm10377741
tt10201216,nm10604490
tt10201216,nm8213447
tt10201218,nm2181150
tt10201220,nm10377741
tt10201220,nm10604490
tt10201220,nm8213447
tt10201222,nm10377741
tt10201222,nm10604490
tt10201222,nm5975296
tt10201222,nm8213447
tt10201224,nm10604490
tt10201224,nm8213447
tt10201226,nm10604490
tt10201226,nm8213447
tt10201228,nm10604490
tt10201228,nm8213447
tt10201230,nm10604490
tt10201230,nm8213447
tt10201232,nm10604490
tt10201232,nm8213447
tt10201234,nm10604490
tt10201234,nm8213447
tt10201236,nm10604490
tt10201236,nm8213447
tt10201238,nm10604490
tt10201238,nm8213447
tt10201240,nm10604490
tt10201240,nm8213447
tt10201242,nm10604490
tt10201242,nm8213447
tt10201244,nm10604490
tt10201244,nm8213447
tt10201246,nm10604490
tt10201246,nm8213447
tt10201248,nm10604490
tt10201248,nm8213447
tt10201250,nm10604490
tt10201250,nm8213447
tt10201252,nm10604490
tt10201252,nm8213447
tt10201254,nm10604490
tt10201254,nm8213447
tt10201256,nm10604490
tt10201256,nm8213447
tt10201258,nm10604490
tt10201258,nm8213447
tt10201260,nm10604490
tt10201260,nm8213447
tt10201262,nm10604490
tt10201262,nm8213447
tt10201264,nm7222197
tt10201274,nm10628770
tt10201574,nm12305279
tt10201574,nm6311480
tt10201576,nm12305279
tt10201576,nm6311480
tt10201578,nm12305279
tt10201578,nm6311480
tt10201580,nm12305279
tt10201580,nm6311480
tt10201582,nm12305279
tt10201582,nm6311480
tt10201584,nm12305279
tt10201584,nm6311480
tt10201586,nm12305279
tt10201586,nm6311480
tt10201588,nm12305279
tt10201588,nm6311480
tt10201590,nm12305279
tt10201590,nm6311480
tt10201592,nm12305279
tt10201592,nm6311480
tt10201598,nm6311480
tt10201600,nm12305279
tt10201600,nm6311480
tt10201602,nm12305279
tt10201602,nm6311480
tt10201604,nm12305279
tt10201604,nm6311480
tt10201606,nm12305279
tt10201606,nm6311480
tt10201608,nm12305279
tt10201608,nm6311480
tt10201614,nm12305279
tt10201614,nm6311480
tt10201616,nm12305279
tt10201616,nm6311480
tt10201618,nm12305279
tt10201618,nm6311480
tt10201624,nm12305279
tt10201624,nm6311480
tt10201628,nm3252255
tt10201630,nm12305279
tt10201630,nm6311480
tt10201632,nm12305279
tt10201632,nm6311480
tt10201636,nm12305279
tt10201636,nm6311480
tt10201638,nm12305279
tt10201638,nm6311480
tt10201640,nm12305279
tt10201640,nm6311480
tt10201642,nm12305279
tt10201642,nm6311480
tt10201644,nm12305279
tt10201644,nm6311480
tt10201646,nm12305279
tt10201646,nm6311480
tt10201648,nm12305279
tt10201648,nm6311480
tt10201652,nm12305279
tt10201652,nm6311480
tt10201654,nm3252255
tt10201656,nm11976248
tt10201656,nm14506771
tt10201656,nm5416981
tt10201658,nm3252255
tt10201660,nm11976248
tt10201660,nm14506771
tt10201660,nm5416981
tt10201664,nm11976248
tt10201664,nm14506771
tt10201664,nm5416981
tt10201666,nm11976248
tt10201666,nm14506771
tt10201666,nm5416981
tt10201668,nm3252255
tt10201670,nm3252255
tt10201672,nm11976248
tt10201672,nm14506771
tt10201672,nm5416981
tt10201674,nm11976248
tt10201674,nm14506771
tt10201674,nm5416981
tt10201676,nm11976248
tt10201676,nm14506771
tt10201676,nm5416981
tt10201678,nm11976248
tt10201678,nm14506771
tt10201678,nm5416981
tt10201682,nm11976248
tt10201682,nm14506771
tt10201682,nm5416981
tt10201684,nm11976248
tt10201684,nm14506771
tt10201684,nm5416981
tt10201686,nm3252255
tt10201690,nm9084094
tt10201692,nm11976248
tt10201692,nm14506771
tt10201692,nm5416981
tt10201694,nm3252255
tt10201696,nm11976248
tt10201696,nm14506771
tt10201696,nm5416981
tt10201698,nm11976248
tt10201698,nm14506771
tt10201698,nm5416981
tt10201702,nm11976248
tt10201702,nm14506771
tt10201702,nm5416981
tt10201704,nm11976248
tt10201704,nm14506771
tt10201704,nm5416981
tt10201706,nm3252255
tt10201708,nm3252255
tt10201712,nm11976248
tt10201712,nm14506771
tt10201712,nm5416981
tt10201716,nm3252255
tt10201718,nm3252255
tt10201720,nm3252255
tt10201722,nm3252255
tt10201724,nm3252255
tt10201726,nm11976248
tt10201726,nm14506771
tt10201726,nm5416981
tt10201728,nm11976248
tt10201728,nm14506771
tt10201728,nm5416981
tt10201732,nm11976248
tt10201732,nm14506771
tt10201732,nm5416981
tt10201736,nm11976248
tt10201736,nm14506771
tt10201736,nm5416981
tt10201738,nm11976248
tt10201738,nm14506771
tt10201738,nm5416981
tt10201742,nm11976248
tt10201742,nm14506771
tt10201742,nm5416981
tt10201744,nm11976248
tt10201744,nm14506771
tt10201744,nm5416981
tt10201746,nm11976248
tt10201746,nm14506771
tt10201746,nm5416981
tt10201748,nm11976248
tt10201748,nm14506771
tt10201748,nm5416981
tt10201750,nm11976248
tt10201750,nm14506771
tt10201750,nm5416981
tt10201752,nm11976248
tt10201752,nm14506771
tt10201752,nm5416981
tt10201754,nm6993880
tt10201756,nm11976248
tt10201756,nm14506771
tt10201756,nm5416981
tt10201758,nm11976248
tt10201758,nm14506771
tt10201758,nm5416981
tt10201760,nm11976248
tt10201760,nm14506771
tt10201760,nm5416981
tt10201920,nm7307619
tt10201922,nm7307619
tt10201924,nm7307619
tt10201926,nm7307619
tt10201928,nm7307619
tt10201930,nm7307619
tt10201932,nm7307619
tt10201934,nm7307619
tt10201936,nm7307619
tt10201938,nm0098920
tt10201940,nm7307619
tt10201942,nm7307619
tt10201944,nm7307619
tt10201946,nm7307619
tt10201948,nm7307619
tt10201950,nm7307619
tt10201952,nm7307619
tt10201954,nm7307619
tt10201956,nm7307619
tt10201958,nm7307619
tt10201960,nm7307619
tt10201962,nm7307619
tt10201964,nm7307619
tt10201966,nm7307619
tt10201968,nm7307619
tt10202096,nm8020779
tt10202098,nm8020779
tt10202100,nm8020779
tt10202102,nm8020779
tt10202104,nm8020779
tt10202106,nm8020779
tt10202110,nm8020779
tt10202112,nm8020779
tt10202114,nm8020779
tt10202116,nm8020779
tt10202118,nm8020779
tt10202122,nm9257098
tt10202124,nm8020779
tt10202126,nm8020779
tt10202128,nm8020779
tt10202130,nm8020779
tt10202132,nm8020779
tt10202134,nm8020779
tt10202136,nm8020779
tt10202138,nm8020779
tt10202140,nm8020779
tt10202142,nm8020779
tt10202146,nm8020779
tt10202150,nm8020779
tt10202152,nm8020779
tt10202154,nm8020779
tt10202156,nm10628966
tt10202186,nm9498156
tt10202266,nm5129576
tt10202268,nm5763427
tt10202268,nm8388381
tt10202284,nm9257098
tt10202286,nm5129576
tt10202288,nm1885537
tt10202298,nm2323645
tt10202300,nm5129576
tt10202306,nm1885537
tt10202310,nm5129576
tt10202314,nm2388339
tt10202326,nm5129576
tt10202376,nm5129576
tt10202388,nm0646955
tt10202388,nm1746859
tt10202402,nm5129576
tt10202410,nm2323645
tt10202426,nm10629015
tt10202444,nm5129576
tt10202446,nm0646955
tt10202446,nm1746859
tt10202466,nm5129576
tt10202472,nm5129576
tt10202474,nm5129576
tt10202512,nm5129576
tt10202580,nm6266444
tt10202618,nm6266444
tt10202644,nm6265549
tt10202712,nm0646955
tt10202712,nm1746859
tt10202740,nm1397295
tt10202740,nm9937689
tt10202744,nm1881170
tt10202752,nm1881170
tt10202756,nm1397295
tt10202846,nm1881170
tt10202940,nm9701421
tt10202968,nm3321961
tt10203010,nm9142499
tt10203014,nm5262354
tt10203018,nm4383633
tt10203028,nm10629286
tt10203032,nm8663561
tt10203080,nm0702965
tt10203102,nm10629334
tt10203168,nm10629382
tt10203186,nm6535499
tt10203220,nm6535499
tt10203244,nm5278890
tt10203260,nm5278890
tt10203262,nm7390200
tt10203270,nm5278890
tt10203276,nm1436203
tt10203278,nm5278890
tt10203282,nm5278890
tt10203298,nm6826163
tt10203308,nm2181150
tt10203328,nm10629445
tt10203340,nm2181150
tt10203346,nm3126004
tt10203384,nm10629445
tt10203402,nm8179234
tt10203404,nm1214127
tt10203442,nm2497076
tt10203480,nm8827946
tt10203512,nm3622860
tt10203558,nm8983968
tt10203562,nm8983968
tt10203564,nm8983968
tt10203566,nm8983968
tt10203570,nm8983968
tt10203608,nm2181150
tt10203650,nm10558506
tt10203672,nm10629705
tt10203764,nm3250464
tt10203768,nm7291758
tt10203770,nm3073658
tt10203806,nm1834181
tt10203806,nm9666692
tt10203816,nm10629896
tt10203830,nm10629896
tt10203834,nm7658865
tt10203840,nm10629896
tt10203876,nm10629896
tt10203894,nm10629896
tt10203916,nm10629896
tt10203932,nm10629896
tt10203958,nm3741457
tt10203992,nm10582957
tt10203992,nm10630108
tt10204008,nm10630140
tt10204016,nm1847653
tt10204020,nm6041256
tt10204024,nm1881170
tt10204028,nm1397295
tt10204038,nm1881170
tt10204042,nm1397295
tt10204044,nm1881170
tt10204046,nm1397295
tt10204050,nm1881170
tt10204052,nm1397295
tt10204066,nm1881170
tt10204068,nm1881170
tt10204070,nm1881170
tt10204074,nm1397295
tt10204076,nm1397295
tt10204078,nm1397295
tt10204080,nm1881170
tt10204082,nm1397295
tt10204086,nm1881170
tt10204088,nm1397295
tt10204092,nm1397295
tt10204094,nm1881170
tt10204096,nm1397295
tt10204138,nm6672896
tt10204166,nm5949123
tt10204168,nm1699688
tt10204168,nm4284497
tt10204170,nm1699688
tt10204170,nm4284497
tt10204172,nm1699688
tt10204172,nm4284497
tt10204174,nm1699688
tt10204174,nm4284497
tt10204176,nm1699688
tt10204176,nm4284497
tt10204180,nm1699688
tt10204180,nm4284497
tt10204182,nm1699688
tt10204182,nm4284497
tt10204184,nm1699688
tt10204184,nm4284497
tt10204220,nm4263273
tt10204222,nm4263273
tt10204224,nm4263273
tt10204226,nm4263273
tt10204228,nm4263273
tt10204230,nm7368575
tt10204232,nm4263273
tt10204234,nm4263273
tt10204236,nm4263273
tt10204260,nm2029372
tt10204260,nm8570446
tt10204270,nm10630356
tt10204298,nm3576214
tt10204300,nm7418503
tt10204360,nm5149877
tt10204370,nm3741457
tt10204378,nm0266605
tt10204380,nm3133367
tt10204386,nm0367889
tt10204388,nm0367889
tt10204390,nm0266605
tt10204410,nm0266605
tt10204412,nm0266605
tt10204416,nm0266605
tt10204418,nm0367889
tt10204420,nm3133367
tt10204424,nm10630509
tt10204426,nm0367889
tt10204428,nm0367889
tt10204430,nm3133367
tt10204434,nm0266605
tt10204436,nm3133367
tt10204442,nm3133367
tt10204444,nm0266605
tt10204446,nm3133367
tt10204448,nm3133367
tt10204450,nm0266605
tt10204452,nm3133367
tt10204454,nm0266605
tt10204456,nm3133367
tt10204458,nm3133367
tt10204460,nm0367889
tt10204478,nm0579766
tt10204614,nm2323645
tt10204652,nm10630615
tt10204652,nm4944774
tt10204652,nm4945050
tt10204656,nm0036070
tt10204656,nm0213572
tt10204660,nm8325925
tt10204674,nm10630635
tt10204706,nm5565479
tt10204748,nm7615689
tt10204768,nm10265173
tt10204768,nm10544484
tt10204796,nm10184433
tt10204796,nm10629334
tt10204814,nm7615689
tt10204834,nm7023300
tt10204842,nm10630715
tt10204848,nm2181150
tt10204862,nm4161551
tt10204870,nm3622860
tt10204872,nm3622860
tt10204888,nm2036194
tt10204888,nm2168559
tt10204938,nm2388339
tt10204944,nm2181150
tt10204946,nm10549321
tt10205024,nm2036194
tt10205048,nm2181150
tt10205084,nm2181150
tt10205134,nm3622860
tt10205314,nm6674804
tt10205360,nm2181150
tt10205362,nm8020779
tt10205364,nm8020779
tt10205366,nm8020779
tt10205368,nm8020779
tt10205370,nm8020779
tt10205372,nm8020779
tt10205374,nm8020779
tt10205376,nm8020779
tt10205378,nm8020779
tt10205380,nm8020779
tt10205382,nm8020779
tt10205384,nm8020779
tt10205386,nm8020779
tt10205388,nm8020779
tt10205390,nm8020779
tt10205394,nm8020779
tt10205396,nm8020779
tt10205398,nm8020779
tt10205400,nm10630715
tt10205402,nm8020779
tt10205404,nm8020779
tt10205422,nm10630715
tt10205426,nm3622860
tt10205452,nm10630715
tt10205516,nm2181150
tt10205528,nm7307619
tt10205530,nm7307619
tt10205534,nm7307619
tt10205536,nm7307619
tt10205538,nm8358558
tt10205538,nm9017386
tt10205540,nm7307619
tt10205542,nm7307619
tt10205544,nm7307619
tt10205546,nm7307619
tt10205548,nm7307619
tt10205552,nm7307619
tt10205554,nm7307619
tt10205558,nm7307619
tt10205560,nm2388339
tt10205562,nm7307619
tt10205564,nm7307619
tt10205566,nm7307619
tt10205568,nm7307619
tt10205570,nm7307619
tt10205572,nm7307619
tt10205574,nm7307619
tt10205576,nm7307619
tt10205578,nm7307619
tt10205580,nm7307619
tt10205582,nm7307619
tt10205584,nm7307619
tt10205700,nm6674804
tt10205720,nm11976248
tt10205720,nm14506771
tt10205720,nm5416981
tt10205722,nm11976248
tt10205722,nm14506771
tt10205722,nm5416981
tt10205724,nm11976248
tt10205724,nm14506771
tt10205724,nm5416981
tt10205726,nm11976248
tt10205726,nm14506771
tt10205726,nm5416981
tt10205728,nm11976248
tt10205728,nm14506771
tt10205728,nm5416981
tt10205732,nm11976248
tt10205732,nm14506771
tt10205732,nm5416981
tt10205734,nm11976248
tt10205734,nm14506771
tt10205734,nm5416981
tt10205736,nm11976248
tt10205736,nm14506771
tt10205736,nm5416981
tt10205738,nm11976248
tt10205738,nm14506771
tt10205738,nm5416981
tt10205740,nm11976248
tt10205740,nm14506771
tt10205740,nm5416981
tt10205742,nm11976248
tt10205742,nm14506771
tt10205742,nm5416981
tt10205744,nm11976248
tt10205744,nm14506771
tt10205744,nm5416981
tt10205746,nm11976248
tt10205746,nm14506771
tt10205746,nm5416981
tt10205750,nm11976248
tt10205750,nm14506771
tt10205750,nm5416981
tt10205752,nm11976248
tt10205752,nm14506771
tt10205752,nm5416981
tt10205754,nm11976248
tt10205754,nm14506771
tt10205754,nm5416981
tt10205758,nm11976248
tt10205758,nm14506771
tt10205758,nm5416981
tt10205760,nm11976248
tt10205760,nm14506771
tt10205760,nm5416981
tt10205762,nm11976248
tt10205762,nm14506771
tt10205762,nm5416981
tt10205764,nm11976248
tt10205764,nm14506771
tt10205764,nm5416981
tt10205766,nm11976248
tt10205766,nm14506771
tt10205766,nm5416981
tt10205768,nm11976248
tt10205768,nm14506771
tt10205768,nm5416981
tt10205770,nm11976248
tt10205770,nm14506771
tt10205770,nm5416981
tt10205772,nm11976248
tt10205772,nm14506771
tt10205772,nm5416981
tt10205776,nm11976248
tt10205776,nm14506771
tt10205776,nm5416981
tt10205778,nm11976248
tt10205778,nm14506771
tt10205778,nm5416981
tt10205780,nm11976248
tt10205780,nm14506771
tt10205780,nm5416981
tt10205782,nm11976248
tt10205782,nm14506771
tt10205782,nm5416981
tt10205784,nm11976248
tt10205784,nm14506771
tt10205784,nm5416981
tt10205786,nm11976248
tt10205786,nm14506771
tt10205786,nm5416981
tt10205788,nm11976248
tt10205788,nm14506771
tt10205788,nm5416981
tt10205790,nm11976248
tt10205790,nm14506771
tt10205790,nm5416981
tt10205802,nm12305279
tt10205802,nm6311480
tt10205804,nm12305279
tt10205804,nm6311480
tt10205806,nm12305279
tt10205806,nm6311480
tt10205808,nm12305279
tt10205808,nm6311480
tt10205810,nm12305279
tt10205810,nm6311480
tt10205812,nm12305279
tt10205812,nm6311480
tt10205818,nm12305279
tt10205818,nm6311480
tt10205820,nm12305279
tt10205820,nm6311480
tt10205822,nm12305279
tt10205822,nm6311480
tt10205824,nm12305279
tt10205824,nm6311480
tt10205826,nm12305279
tt10205826,nm6311480
tt10205828,nm12305279
tt10205828,nm6311480
tt10205832,nm6311480
tt10205834,nm12305279
tt10205834,nm6311480
tt10205836,nm12305279
tt10205836,nm6311480
tt10205838,nm12305279
tt10205838,nm6311480
tt10205840,nm6311480
tt10205842,nm12305279
tt10205842,nm6311480
tt10205846,nm12305279
tt10205846,nm6311480
tt10205850,nm12305279
tt10205850,nm6311480
tt10205854,nm12305279
tt10205854,nm6311480
tt10205856,nm12305279
tt10205856,nm6311480
tt10205858,nm12305279
tt10205858,nm6311480
tt10205860,nm12305279
tt10205860,nm6311480
tt10205862,nm12305279
tt10205862,nm6311480
tt10205866,nm12305279
tt10205866,nm6311480
tt10205868,nm12305279
tt10205868,nm6311480
tt10205892,nm10265173
tt10205980,nm10604490
tt10205980,nm8213447
tt10205984,nm10604490
tt10205984,nm8213447
tt10205986,nm10604490
tt10205986,nm8213447
tt10205988,nm10604490
tt10205988,nm8213447
tt10205990,nm10604490
tt10205990,nm8213447
tt10205992,nm10604490
tt10205992,nm8213447
tt10205994,nm10604490
tt10205994,nm8213447
tt10205996,nm10604490
tt10205996,nm8213447
tt10206000,nm10604490
tt10206000,nm8213447
tt10206002,nm10604490
tt10206002,nm8213447
tt10206004,nm10604490
tt10206004,nm8213447
tt10206010,nm10604490
tt10206010,nm8213447
tt10206012,nm10604490
tt10206012,nm8213447
tt10206014,nm10604490
tt10206014,nm8213447
tt10206016,nm10604490
tt10206016,nm8213447
tt10206018,nm10604490
tt10206018,nm8213447
tt10206020,nm10604490
tt10206020,nm8213447
tt10206024,nm10604490
tt10206024,nm8213447
tt10206026,nm10604490
tt10206026,nm8213447
tt10206028,nm10604490
tt10206028,nm8213447
tt10206082,nm0700974
tt10206148,nm10627556
tt10206458,nm2036194
tt10206488,nm10549322
tt10206556,nm2776589
tt10206782,nm2776589
tt10206830,nm10604490
tt10206830,nm1590021
tt10206830,nm4345177
tt10206830,nm6476990
tt10206832,nm10604490
tt10206832,nm1590021
tt10206832,nm4345177
tt10206832,nm6476990
tt10206834,nm10604490
tt10206834,nm1590021
tt10206834,nm4345177
tt10206834,nm6476990
tt10206836,nm10604490
tt10206836,nm1590021
tt10206836,nm4345177
tt10206836,nm6476990
tt10206838,nm10604490
tt10206838,nm1590021
tt10206838,nm4345177
tt10206838,nm6476990
tt10206840,nm10604490
tt10206840,nm1590021
tt10206840,nm4345177
tt10206840,nm6476990
tt10206842,nm10604490
tt10206842,nm1590021
tt10206842,nm4345177
tt10206842,nm6476990
tt10206844,nm10604490
tt10206844,nm1590021
tt10206844,nm4345177
tt10206844,nm6476990
tt10206848,nm10604490
tt10206848,nm1590021
tt10206848,nm4345177
tt10206848,nm6476990
tt10206850,nm10604490
tt10206850,nm1590021
tt10206850,nm4345177
tt10206850,nm6476990
tt10206852,nm10604490
tt10206852,nm1590021
tt10206852,nm4345177
tt10206852,nm6476990
tt10206856,nm10604490
tt10206856,nm1590021
tt10206856,nm4345177
tt10206856,nm6476990
tt10206858,nm10604490
tt10206858,nm1590021
tt10206858,nm4345177
tt10206858,nm6476990
tt10206860,nm10604490
tt10206860,nm1590021
tt10206860,nm4345177
tt10206860,nm6476990
tt10206862,nm10604490
tt10206862,nm1590021
tt10206862,nm4345177
tt10206862,nm6476990
tt10206864,nm10604490
tt10206864,nm1590021
tt10206864,nm4345177
tt10206864,nm6476990
tt10206866,nm10604490
tt10206866,nm1590021
tt10206866,nm4345177
tt10206866,nm6476990
tt10206868,nm10604490
tt10206868,nm1590021
tt10206868,nm4345177
tt10206868,nm6476990
tt10206872,nm10604490
tt10206872,nm1590021
tt10206872,nm4345177
tt10206872,nm6476990
tt10206874,nm10604490
tt10206874,nm1590021
tt10206874,nm4345177
tt10206874,nm6476990
tt10206878,nm8182074
tt10206886,nm10630794
tt10206890,nm2776589
tt10206890,nm3385624
tt10206890,nm4549476
tt10206904,nm9050426
tt10206922,nm8255205
tt10206922,nm8255206
tt10206936,nm8255205
tt10206936,nm8255206
tt10206938,nm8255205
tt10206938,nm8255206
tt10206942,nm8255205
tt10206942,nm8255206
tt10206944,nm8255205
tt10206944,nm8255206
tt10206946,nm8255205
tt10206946,nm8255206
tt10206948,nm8255205
tt10206948,nm8255206
tt10206950,nm8255205
tt10206950,nm8255206
tt10206952,nm8255205
tt10206952,nm8255206
tt10206954,nm8255205
tt10206954,nm8255206
tt10206956,nm8255205
tt10206956,nm8255206
tt10206958,nm8255205
tt10206958,nm8255206
tt10206960,nm8255205
tt10206960,nm8255206
tt10206964,nm8255205
tt10206964,nm8255206
tt10206966,nm8255205
tt10206966,nm8255206
tt10206968,nm8255205
tt10206968,nm8255206
tt10206970,nm8255205
tt10206970,nm8255206
tt10206972,nm8255205
tt10206972,nm8255206
tt10206974,nm8255205
tt10206974,nm8255206
tt10206976,nm8255205
tt10206976,nm8255206
tt10206978,nm8255205
tt10206978,nm8255206
tt10206980,nm8255205
tt10206980,nm8255206
tt10206982,nm5128595
tt10206982,nm7897581
tt10207000,nm6708706
tt10207358,nm5895745
tt10207374,nm1234160
tt10207378,nm2477541
tt10207378,nm2735164
tt10207382,nm1365435
tt10207392,nm1234160
tt10207396,nm2840457
tt10207398,nm1234160
tt10207402,nm1365435
tt10207408,nm2027510
tt10207432,nm5895745
tt10207452,nm1365435
tt10207460,nm2735164
tt10207466,nm2027510
tt10207468,nm2027510
tt10207470,nm1234160
tt10207472,nm2027510
tt10207476,nm1234160
tt10207510,nm7916115
tt10207522,nm1437803
tt10207522,nm1829014
tt10207558,nm10114066
tt10207594,nm2034717
tt10207596,nm3741457
tt10207660,nm0792340
tt10207742,nm10627556
tt10207754,nm1647947
tt10207850,nm1876813
tt10207898,nm1859924
tt10207926,nm5149877
tt10207932,nm5149877
tt10207938,nm5149877
tt10207944,nm10366686
tt10207946,nm5149877
tt10207956,nm5149877
tt10207986,nm10631786
tt10207992,nm3290082
tt10207992,nm3394670
tt10208052,nm2029372
tt10208106,nm6291583
tt10208318,nm5149877
tt10208320,nm5149877
tt10208322,nm5149877
tt10208326,nm7578145
tt10208328,nm5149877
tt10208330,nm5149877
tt10208332,nm5149877
tt10208336,nm5149877
tt10208462,nm1037528
tt10208472,nm0039803
tt10208518,nm2714621
tt10208550,nm10632034
tt10208558,nm1719799
tt10208660,nm2325046
tt10208722,nm5149877
tt10208724,nm5149877
tt10208728,nm5149877
tt10208772,nm5149877
tt10208778,nm5149877
tt10209004,nm10535653
tt10209104,nm10391266
tt10209130,nm1521546
tt10209158,nm5663803
tt10209176,nm0327513
tt10209212,nm5824985
tt10209256,nm5149877
tt10209262,nm5149877
tt10209270,nm5149877
tt10209290,nm10544982
tt10209290,nm10632289
tt10209292,nm0752670
tt10209292,nm5166990
tt10209302,nm10632298
tt10209338,nm1162718
tt10209358,nm10560317
tt10209358,nm10560318
tt10209384,nm10632357
tt10209384,nm5814631
tt10209772,nm4940047
tt10209856,nm10632357
tt10209914,nm2323645
tt10209924,nm2323645
tt10209930,nm10140613
tt10209940,nm2181150
tt10209966,nm3231801
tt10209968,nm10632504
tt10210022,nm2717934
tt10210044,nm2717934
tt10210050,nm2717934
tt10210062,nm2717934
tt10210066,nm2717934
tt10210078,nm2717934
tt10210088,nm10632572
tt10210100,nm10632576
tt10210152,nm7419246
tt10210174,nm11977411
tt10210174,nm12832988
tt10210202,nm10632601
tt10210204,nm11977411
tt10210204,nm12832988
tt10210250,nm11977411
tt10210250,nm12832988
tt10210252,nm2717934
tt10210252,nm5727093
tt10210266,nm11977411
tt10210266,nm12832988
tt10210298,nm10632655
tt10210300,nm2717934
tt10210306,nm2717934
tt10210308,nm2717934
tt10210312,nm2717934
tt10210316,nm2717934
tt10210328,nm2717934
tt10210330,nm2717934
tt10210332,nm2717934
tt10210342,nm2717934
tt10210352,nm2717934
tt10210354,nm2717934
tt10210418,nm10632681
tt10210424,nm5727093
tt10210440,nm5727093
tt10210452,nm5727093
tt10210482,nm5727093
tt10210486,nm5727093
tt10210488,nm5727093
tt10210492,nm5727093
tt10210500,nm5727093
tt10210516,nm5727093
tt10210526,nm5727093
tt10210548,nm5727093
tt10210562,nm5727093
tt10210598,nm8255205
tt10210598,nm8255206
tt10210600,nm8255205
tt10210600,nm8255206
tt10210602,nm8255205
tt10210602,nm8255206
tt10210606,nm8255205
tt10210606,nm8255206
tt10210608,nm8255205
tt10210608,nm8255206
tt10210612,nm8255205
tt10210612,nm8255206
tt10210614,nm8255205
tt10210614,nm8255206
tt10210616,nm8255205
tt10210616,nm8255206
tt10210618,nm8255205
tt10210618,nm8255206
tt10210620,nm8255205
tt10210620,nm8255206
tt10210622,nm8255205
tt10210622,nm8255206
tt10210624,nm8255205
tt10210624,nm8255206
tt10210628,nm8255205
tt10210628,nm8255206
tt10210630,nm9133927
tt10210634,nm8255205
tt10210634,nm8255206
tt10210636,nm3614132
tt10210636,nm5395905
tt10210636,nm5663803
tt10210638,nm8255205
tt10210638,nm8255206
tt10210640,nm8255205
tt10210640,nm8255206
tt10210642,nm8255205
tt10210642,nm8255206
tt10210644,nm8255205
tt10210644,nm8255206
tt10210646,nm8255205
tt10210646,nm8255206
tt10210650,nm8255205
tt10210650,nm8255206
tt10210652,nm10632705
tt10210658,nm10604490
tt10210658,nm1590021
tt10210658,nm4345177
tt10210658,nm6476990
tt10210660,nm10604490
tt10210660,nm1590021
tt10210660,nm4345177
tt10210660,nm6476990
tt10210662,nm10604490
tt10210662,nm1590021
tt10210662,nm4345177
tt10210662,nm6476990
tt10210664,nm10604490
tt10210664,nm1590021
tt10210664,nm4345177
tt10210664,nm6476990
tt10210668,nm7931057
tt10210670,nm10604490
tt10210670,nm1590021
tt10210670,nm4345177
tt10210670,nm6476990
tt10210674,nm10604490
tt10210674,nm1590021
tt10210674,nm4345177
tt10210674,nm6476990
tt10210676,nm10604490
tt10210676,nm1590021
tt10210676,nm4345177
tt10210676,nm6476990
tt10210678,nm10604490
tt10210678,nm1590021
tt10210678,nm4345177
tt10210678,nm6476990
tt10210680,nm10604490
tt10210680,nm1590021
tt10210680,nm4345177
tt10210680,nm6476990
tt10210682,nm10604490
tt10210682,nm1590021
tt10210682,nm4345177
tt10210682,nm6476990
tt10210684,nm10604490
tt10210684,nm1590021
tt10210684,nm4345177
tt10210684,nm6476990
tt10210686,nm10604490
tt10210686,nm1590021
tt10210686,nm4345177
tt10210686,nm6476990
tt10210688,nm10604490
tt10210688,nm1590021
tt10210688,nm4345177
tt10210688,nm6476990
tt10210690,nm10604490
tt10210690,nm1590021
tt10210690,nm4345177
tt10210690,nm6476990
tt10210692,nm10604490
tt10210692,nm1590021
tt10210692,nm4345177
tt10210692,nm6476990
tt10210694,nm10604490
tt10210694,nm1590021
tt10210694,nm4345177
tt10210694,nm6476990
tt10210696,nm10604490
tt10210696,nm1590021
tt10210696,nm4345177
tt10210696,nm6476990
tt10210698,nm10604490
tt10210698,nm1590021
tt10210698,nm4345177
tt10210698,nm6476990
tt10210700,nm10604490
tt10210700,nm1590021
tt10210700,nm4345177
tt10210700,nm6476990
tt10210702,nm10604490
tt10210702,nm1590021
tt10210702,nm4345177
tt10210702,nm6476990
tt10210748,nm1314332
tt10210842,nm10632718
tt10210908,nm3260445
tt10210910,nm3260445
tt10210912,nm3260445
tt10210916,nm3260445
tt10210918,nm3260445
tt10210920,nm3260445
tt10210922,nm3260445
tt10210924,nm3260445
tt10210926,nm3260445
tt10210928,nm3260445
tt10210930,nm3260445
tt10210932,nm3260445
tt10210934,nm3260445
tt10210936,nm3260445
tt10210938,nm3260445
tt10210940,nm3260445
tt10210942,nm3260445
tt10210946,nm3260445
tt10210948,nm3260445
tt10210950,nm3260445
tt10211050,nm1427247
tt10211050,nm2015469
tt10211146,nm2323645
tt10211540,nm1267836
tt10211540,nm2492757
tt10211540,nm4234265
tt10211540,nm6129633
tt10211540,nm6319120
tt10211540,nm6940641
tt10211540,nm7291597
tt10211540,nm7530530
tt10211540,nm8079767
tt10211540,nm8759260
tt10211600,nm10604490
tt10211600,nm8213447
tt10211602,nm10604490
tt10211602,nm8213447
tt10211604,nm10604490
tt10211604,nm8213447
tt10211606,nm10604490
tt10211606,nm8213447
tt10211608,nm10604490
tt10211608,nm8213447
tt10211610,nm10604490
tt10211610,nm8213447
tt10211614,nm10604490
tt10211614,nm8213447
tt10211616,nm10604490
tt10211616,nm8213447
tt10211618,nm10604490
tt10211618,nm8213447
tt10211624,nm10604490
tt10211624,nm8213447
tt10211626,nm10604490
tt10211626,nm8213447
tt10211628,nm10604490
tt10211628,nm8213447
tt10211630,nm10604490
tt10211630,nm8213447
tt10211632,nm10604490
tt10211632,nm8213447
tt10211638,nm10604490
tt10211638,nm8213447
tt10211642,nm10604490
tt10211642,nm8213447
tt10211648,nm10604490
tt10211648,nm8213447
tt10211650,nm10604490
tt10211650,nm8213447
tt10211652,nm10604490
tt10211652,nm8213447
tt10211654,nm10604490
tt10211654,nm8213447
tt10211656,nm10604490
tt10211656,nm8213447
tt10211660,nm10604490
tt10211660,nm8213447
tt10211668,nm12305279
tt10211668,nm6311480
tt10211674,nm12305279
tt10211674,nm6311480
tt10211676,nm12305279
tt10211676,nm6311480
tt10211678,nm12305279
tt10211678,nm6311480
tt10211680,nm12305279
tt10211680,nm6311480
tt10211682,nm12305279
tt10211682,nm6311480
tt10211686,nm12305279
tt10211686,nm6311480
tt10211688,nm12305279
tt10211688,nm6311480
tt10211692,nm12305279
tt10211692,nm6311480
tt10211694,nm12305279
tt10211694,nm6311480
tt10211702,nm12305279
tt10211702,nm6311480
tt10211704,nm6311480
tt10211706,nm12305279
tt10211706,nm6311480
tt10211710,nm12305279
tt10211710,nm6311480
tt10211712,nm12305279
tt10211712,nm6311480
tt10211714,nm12305279
tt10211714,nm6311480
tt10211718,nm12305279
tt10211718,nm6311480
tt10211720,nm12305279
tt10211720,nm6311480
tt10211724,nm12305279
tt10211724,nm6311480
tt10211902,nm6870368
tt10211938,nm8020779
tt10211940,nm8020779
tt10211944,nm8020779
tt10211946,nm8020779
tt10211950,nm8020779
tt10211952,nm8020779
tt10211954,nm8020779
tt10211956,nm8020779
tt10211958,nm8020779
tt10211960,nm8020779
tt10211962,nm8020779
tt10211966,nm8020779
tt10211968,nm8020779
tt10211970,nm8020779
tt10211974,nm8020779
tt10211978,nm8020779
tt10211980,nm8020779
tt10211982,nm8020779
tt10211986,nm8020779
tt10211988,nm8020779
tt10211990,nm8020779
tt10211992,nm8020779
tt10211994,nm8020779
tt10211996,nm8020779
tt10211998,nm8020779
tt10212060,nm8369717
tt10212242,nm10632966
tt10212512,nm10632990
tt10212800,nm8069955
tt10212808,nm2441514
tt10212814,nm8069955
tt10212820,nm8069955
tt10212826,nm8069955
tt10212872,nm8069955
tt10212878,nm8069955
tt10212882,nm8069955
tt10212890,nm8069955
tt10212896,nm8069955
tt10212900,nm8069955
tt10212910,nm8069955
tt10212984,nm10633123
tt10213038,nm2181150
tt10213042,nm1719799
tt10213050,nm1719799
tt10213084,nm4544954
tt10213086,nm1719799
tt10213098,nm4532835
tt10213104,nm5763735
tt10213108,nm1719799
tt10213110,nm8045753
tt10213110,nm8045756
tt10213112,nm4532835
tt10213114,nm8045753
tt10213114,nm8045756
tt10213116,nm8045753
tt10213116,nm8045756
tt10213124,nm8045753
tt10213124,nm8045756
tt10213126,nm4532835
tt10213128,nm8045753
tt10213128,nm8045756
tt10213130,nm8045753
tt10213130,nm8045756
tt10213134,nm8045753
tt10213134,nm8045756
tt10213140,nm8045753
tt10213140,nm8045756
tt10213144,nm1719799
tt10213146,nm4532835
tt10213150,nm4532835
tt10213158,nm4532835
tt10213168,nm4544954
tt10213174,nm2615041
tt10213364,nm10056534
tt10213366,nm10056534
tt10213388,nm0276020
tt10213390,nm5036340
tt10213462,nm10633385
tt10213480,nm4122963
tt10213512,nm7273622
tt10213516,nm3679186
tt10213542,nm10053448
tt10213542,nm5093178
tt10213612,nm2139773
tt10213628,nm9181177
tt10213630,nm9181177
tt10213900,nm10217349
tt10214178,nm3634923
tt10214186,nm6822037
tt10214210,nm8624760
tt10214232,nm0558857
tt10214250,nm2891298
tt10214278,nm2441514
tt10214284,nm2441514
tt10214288,nm2441514
tt10214298,nm9085864
tt10214302,nm2441514
tt10214308,nm2441514
tt10214330,nm3996813
tt10214332,nm1936500
tt10214334,nm4038301
tt10214436,nm1300559
tt10214460,nm2369666
tt10214484,nm10633858
tt10214498,nm10633865
tt10214534,nm10007518
tt10214546,nm1110558
tt10214546,nm5381307
tt10214616,nm8629569
tt10214636,nm8629569
tt10214646,nm3821664
tt10214744,nm6196861
tt10214764,nm10098111
tt10214862,nm10633252
tt10214908,nm5028382
tt10214940,nm10180728
tt10214960,nm10554115
tt10214960,nm10554117
tt10215032,nm2209010
tt10215046,nm10554115
tt10215046,nm10554117
tt10215082,nm10634146
tt10215106,nm2388339
tt10215118,nm2181150
tt10215156,nm5187578
tt10215332,nm8224828
tt10215352,nm10532714
tt10215360,nm8224828
tt10215408,nm7502325
tt10215430,nm7502325
tt10215456,nm6474714
tt10215770,nm8846042
tt10215836,nm2615041
tt10215892,nm12305279
tt10215892,nm6311480
tt10215894,nm12305279
tt10215894,nm6311480
tt10215896,nm12305279
tt10215896,nm6311480
tt10215898,nm12305279
tt10215898,nm6311480
tt10215900,nm12305279
tt10215900,nm6311480
tt10215904,nm12305279
tt10215904,nm6311480
tt10215906,nm12305279
tt10215906,nm6311480
tt10215908,nm12305279
tt10215908,nm6311480
tt10215910,nm12305279
tt10215910,nm6311480
tt10215914,nm12305279
tt10215914,nm6311480
tt10215916,nm6311480
tt10215918,nm12305279
tt10215918,nm6311480
tt10215920,nm12305279
tt10215920,nm6311480
tt10215922,nm12305279
tt10215922,nm6311480
tt10215926,nm12305279
tt10215926,nm6311480
tt10215930,nm12305279
tt10215930,nm6311480
tt10215932,nm6311480
tt10215934,nm12305279
tt10215934,nm6311480
tt10215936,nm12305279
tt10215936,nm6311480
tt10215938,nm12305279
tt10215938,nm6311480
tt10215940,nm6311480
tt10215944,nm12305279
tt10215944,nm6311480
tt10215946,nm12305279
tt10215946,nm6311480
tt10215948,nm12305279
tt10215948,nm6311480
tt10215950,nm12305279
tt10215950,nm6311480
tt10215952,nm12305279
tt10215952,nm6311480
tt10215954,nm12305279
tt10215954,nm6311480
tt10215956,nm12305279
tt10215956,nm6311480
tt10215958,nm12305279
tt10215958,nm6311480
tt10215960,nm12305279
tt10215960,nm6311480
tt10215962,nm12305279
tt10215962,nm6311480
tt10215964,nm12305279
tt10215964,nm6311480
tt10215966,nm12305279
tt10215966,nm6311480
tt10215970,nm12305279
tt10215970,nm6311480
tt10215972,nm12305279
tt10215972,nm6311480
tt10215974,nm12305279
tt10215974,nm6311480
tt10215976,nm12305279
tt10215976,nm6311480
tt10215978,nm12305279
tt10215978,nm6311480
tt10215980,nm12305279
tt10215980,nm6311480
tt10215982,nm12305279
tt10215982,nm6311480
tt10215990,nm10604490
tt10215990,nm8213447
tt10215992,nm10604490
tt10215992,nm8213447
tt10215994,nm10604490
tt10215994,nm8213447
tt10215996,nm10604490
tt10215996,nm8213447
tt10215998,nm10604490
tt10215998,nm8213447
tt10216000,nm10604490
tt10216000,nm8213447
tt10216002,nm10604490
tt10216002,nm8213447
tt10216006,nm10604490
tt10216006,nm8213447
tt10216008,nm10604490
tt10216008,nm8213447
tt10216010,nm10604490
tt10216010,nm8213447
tt10216012,nm10604490
tt10216012,nm8213447
tt10216014,nm10604490
tt10216014,nm8213447
tt10216016,nm10604490
tt10216016,nm8213447
tt10216018,nm10604490
tt10216018,nm8213447
tt10216020,nm10604490
tt10216020,nm8213447
tt10216022,nm10604490
tt10216022,nm8213447
tt10216024,nm10604490
tt10216024,nm8213447
tt10216216,nm8846042
tt10216388,nm10554117
tt10216434,nm10554115
tt10216486,nm3083154
tt10216510,nm10554115
tt10216516,nm3083154
tt10216536,nm3083154
tt10216538,nm3260445
tt10216540,nm3260445
tt10216542,nm3260445
tt10216544,nm3260445
tt10216546,nm3260445
tt10216548,nm3260445
tt10216550,nm3260445
tt10216552,nm3260445
tt10216554,nm10554117
tt10216556,nm3260445
tt10216558,nm3260445
tt10216560,nm3260445
tt10216562,nm3260445
tt10216564,nm3260445
tt10216566,nm3260445
tt10216568,nm3260445
tt10216570,nm3260445
tt10216572,nm3260445
tt10216574,nm0183750
tt10216576,nm3260445
tt10216578,nm3260445
tt10216580,nm3260445
tt10216594,nm3083154
tt10216606,nm10554115
tt10216634,nm0183750
tt10216638,nm10554117
tt10216668,nm0183750
tt10216680,nm10554115
tt10216694,nm3083154
tt10216702,nm0209379
tt10216702,nm0343939
tt10216704,nm10628699
tt10216706,nm10604490
tt10216706,nm1590021
tt10216706,nm4345177
tt10216706,nm6476990
tt10216708,nm10604490
tt10216708,nm1590021
tt10216708,nm4345177
tt10216708,nm6476990
tt10216710,nm10554117
tt10216712,nm10604490
tt10216712,nm1590021
tt10216712,nm4345177
tt10216712,nm6476990
tt10216716,nm10604490
tt10216716,nm1590021
tt10216716,nm4345177
tt10216716,nm6476990
tt10216718,nm10604490
tt10216718,nm1590021
tt10216718,nm4345177
tt10216718,nm6476990
tt10216720,nm10604490
tt10216720,nm1590021
tt10216720,nm4345177
tt10216720,nm6476990
tt10216722,nm10604490
tt10216722,nm1590021
tt10216722,nm4345177
tt10216722,nm6476990
tt10216724,nm10604490
tt10216724,nm1590021
tt10216724,nm4345177
tt10216724,nm6476990
tt10216726,nm10604490
tt10216726,nm1590021
tt10216726,nm4345177
tt10216726,nm6476990
tt10216728,nm10604490
tt10216728,nm1590021
tt10216728,nm4345177
tt10216728,nm6476990
tt10216730,nm10604490
tt10216730,nm1590021
tt10216730,nm4345177
tt10216730,nm6476990
tt10216732,nm10604490
tt10216732,nm1590021
tt10216732,nm4345177
tt10216732,nm6476990
tt10216734,nm10604490
tt10216734,nm1590021
tt10216734,nm4345177
tt10216734,nm6476990
tt10216736,nm10604490
tt10216736,nm1590021
tt10216736,nm4345177
tt10216736,nm6476990
tt10216740,nm10604490
tt10216740,nm1590021
tt10216740,nm4345177
tt10216740,nm6476990
tt10216742,nm10604490
tt10216742,nm1590021
tt10216742,nm4345177
tt10216742,nm6476990
tt10216744,nm0183750
tt10216746,nm10604490
tt10216746,nm1590021
tt10216746,nm4345177
tt10216746,nm6476990
tt10216748,nm8094849
tt10216748,nm9464750
tt10216750,nm10604490
tt10216750,nm1590021
tt10216750,nm4345177
tt10216750,nm6476990
tt10216752,nm10604490
tt10216752,nm1590021
tt10216752,nm4345177
tt10216752,nm6476990
tt10216754,nm10604490
tt10216754,nm1590021
tt10216754,nm4345177
tt10216754,nm6476990
tt10216756,nm3083154
tt10216758,nm8255205
tt10216758,nm8255206
tt10216760,nm8255205
tt10216760,nm8255206
tt10216762,nm8255205
tt10216762,nm8255206
tt10216764,nm10554115
tt10216764,nm10554117
tt10216766,nm8255205
tt10216766,nm8255206
tt10216768,nm8255205
tt10216768,nm8255206
tt10216770,nm8255205
tt10216770,nm8255206
tt10216772,nm8255205
tt10216772,nm8255206
tt10216774,nm8255205
tt10216774,nm8255206
tt10216776,nm8255205
tt10216776,nm8255206
tt10216778,nm8255205
tt10216778,nm8255206
tt10216782,nm8255205
tt10216782,nm8255206
tt10216784,nm8255205
tt10216784,nm8255206
tt10216786,nm8255205
tt10216786,nm8255206
tt10216788,nm8255205
tt10216788,nm8255206
tt10216790,nm8255205
tt10216790,nm8255206
tt10216792,nm3083154
tt10216794,nm8255205
tt10216794,nm8255206
tt10216796,nm8255205
tt10216796,nm8255206
tt10216798,nm8255205
tt10216798,nm8255206
tt10216800,nm8255205
tt10216800,nm8255206
tt10216802,nm8255205
tt10216802,nm8255206
tt10216806,nm3083154
tt10216834,nm3042600
tt10216850,nm10554115
tt10216850,nm10554117
tt10216858,nm3042600
tt10216866,nm3042600
tt10216868,nm3083154
tt10216870,nm10554117
tt10216902,nm3929214
tt10216926,nm10554115
tt10216938,nm3083154
tt10216956,nm3929214
tt10216964,nm10554117
tt10216968,nm3473604
tt10216976,nm10634530
tt10217010,nm10554115
tt10217012,nm3070260
tt10217012,nm3083154
tt10217016,nm3473604
tt10217022,nm10554117
tt10217038,nm10554115
tt10217100,nm10634555
tt10217190,nm1455933
tt10217208,nm8658987
tt10217234,nm8660798
tt10217242,nm10634530
tt10217268,nm10162659
tt10217274,nm9343642
tt10217282,nm3083154
tt10217284,nm3070260
tt10217290,nm3083154
tt10217294,nm0183750
tt10217294,nm3042600
tt10217294,nm3083154
tt10217300,nm3083154
tt10217306,nm0183750
tt10217308,nm6265549
tt10217310,nm3083154
tt10217316,nm3083154
tt10217320,nm3083154
tt10217322,nm3083154
tt10217334,nm3083154
tt10217340,nm3083154
tt10217346,nm10634728
tt10217348,nm3083154
tt10217350,nm3083154
tt10217358,nm3083154
tt10217364,nm3070260
tt10217368,nm3042600
tt10217374,nm3070260
tt10217376,nm3070260
tt10217380,nm3070260
tt10217390,nm3070260
tt10217392,nm3070260
tt10217394,nm3070260
tt10217398,nm3083154
tt10217398,nm6095228
tt10217404,nm3929214
tt10217408,nm3023641
tt10217412,nm3023641
tt10217442,nm4853165
tt10217448,nm2683057
tt10217448,nm7217773
tt10217450,nm3248638
tt10217450,nm5300292
tt10217450,nm6816161
tt10217450,nm6816162
tt10217450,nm9542364
tt10217518,nm3258064
tt10217534,nm3247205
tt10217552,nm10142826
tt10217558,nm9285298
tt10217576,nm0152248
tt10217594,nm10634936
tt10217618,nm11169375
tt10217754,nm6454868
tt10217790,nm2814838
tt10217790,nm2842982
tt10217792,nm9301809
tt10217802,nm10635054
tt10217806,nm2814838
tt10217830,nm10635072
tt10217836,nm1391882
tt10217844,nm4427276
tt10217852,nm4427276
tt10217860,nm6847304
tt10217864,nm2408844
tt10217866,nm4427276
tt10217872,nm4042550
tt10217872,nm4125388
tt10217876,nm4427276
tt10217880,nm4427276
tt10217888,nm4427276
tt10217894,nm4427276
tt10217902,nm2408844
tt10217904,nm4427276
tt10217916,nm4427276
tt10217930,nm10635123
tt10217946,nm2408844
tt10217948,nm5149877
tt10217954,nm5149877
tt10217962,nm5149877
tt10217968,nm4042550
tt10217970,nm5149877
tt10217972,nm6404549
tt10217982,nm6404549
tt10217984,nm6404549
tt10217986,nm6404549
tt10217988,nm6404549
tt10217990,nm2408844
tt10217992,nm6404549
tt10217994,nm9714182
tt10217996,nm5149877
tt10218000,nm5149877
tt10218006,nm9673411
tt10218008,nm2408844
tt10218010,nm5149877
tt10218012,nm5149877
tt10218018,nm2387937
tt10218022,nm5149877
tt10218028,nm5149877
tt10218058,nm1472585
tt10218070,nm4566724
tt10218100,nm4566724
tt10218102,nm2408844
tt10218120,nm7831501
tt10218122,nm8034194
tt10218140,nm2408844
tt10218142,nm10635301
tt10218160,nm2408844
tt10218184,nm8513109
tt10218248,nm10635364
tt10218254,nm2756108
tt10218278,nm2756108
tt10218314,nm8659318
tt10218440,nm5692774
tt10218458,nm9399580
tt10218488,nm8369717
tt10218542,nm1841196
tt10218548,nm10635522
tt10218552,nm1936500
tt10218600,nm10633858
tt10218638,nm7692594
tt10218640,nm2076201
tt10218662,nm2937641
tt10218724,nm10635731
tt10218780,nm5872529
tt10218800,nm10635645
tt10218808,nm0238135
tt10218858,nm6679772
tt10218868,nm10635684
tt10218886,nm3642293
tt10218890,nm13061862
tt10218890,nm2435711
tt10218890,nm3188895
tt10218906,nm1990561
tt10218948,nm10635731
tt10218952,nm11977411
tt10218956,nm3790744
tt10218974,nm6679772
tt10218978,nm11977411
tt10219010,nm11977411
tt10219034,nm10635794
tt10219040,nm11977411
tt10219072,nm10635794
tt10219076,nm9557266
tt10219078,nm10635821
tt10219112,nm3186672
tt10219162,nm1085134
tt10219196,nm10632668
tt10219342,nm4802346
tt10219388,nm7977286
tt10219412,nm10636147
tt10219418,nm8565525
tt10219436,nm3743120
tt10219442,nm1959558
tt10219476,nm2336017
tt10219484,nm2441514
tt10219500,nm2441514
tt10219510,nm2441514
tt10219512,nm4871853
tt10219514,nm2441514
tt10219530,nm2441514
tt10219532,nm3221685
tt10219538,nm2441514
tt10219542,nm8113972
tt10219552,nm2441514
tt10219566,nm2441514
tt10219590,nm2441514
tt10219626,nm2441514
tt10219634,nm2441514
tt10219636,nm2441514
tt10219718,nm3926603
tt10219722,nm3926603
tt10219726,nm3926603
tt10219850,nm2430292
tt10219856,nm10635794
tt10219876,nm8143155
tt10219906,nm4262199
tt10220104,nm2368093
tt10220106,nm10612201
tt10220106,nm8238161
tt10220106,nm8349149
tt10220110,nm1298267
tt10220164,nm9419956
tt10220350,nm8255205
tt10220350,nm8255206
tt10220354,nm8255205
tt10220354,nm8255206
tt10220356,nm8255205
tt10220356,nm8255206
tt10220358,nm8255205
tt10220358,nm8255206
tt10220362,nm8255205
tt10220362,nm8255206
tt10220364,nm8255205
tt10220364,nm8255206
tt10220366,nm8255205
tt10220366,nm8255206
tt10220370,nm8255205
tt10220370,nm8255206
tt10220372,nm8255205
tt10220372,nm8255206
tt10220378,nm8255205
tt10220378,nm8255206
tt10220380,nm8255205
tt10220380,nm8255206
tt10220382,nm8255205
tt10220382,nm8255206
tt10220384,nm8255205
tt10220384,nm8255206
tt10220386,nm8255205
tt10220386,nm8255206
tt10220392,nm8255205
tt10220392,nm8255206
tt10220394,nm8255205
tt10220394,nm8255206
tt10220398,nm8255205
tt10220398,nm8255206
tt10220400,nm8255205
tt10220400,nm8255206
tt10220402,nm8255205
tt10220402,nm8255206
tt10220404,nm8255205
tt10220404,nm8255206
tt10220410,nm10604490
tt10220410,nm1590021
tt10220410,nm4345177
tt10220410,nm6476990
tt10220412,nm10604490
tt10220412,nm1590021
tt10220412,nm4345177
tt10220412,nm6476990
tt10220414,nm10604490
tt10220414,nm1590021
tt10220414,nm4345177
tt10220414,nm6476990
tt10220416,nm10604490
tt10220416,nm1590021
tt10220416,nm4345177
tt10220416,nm6476990
tt10220418,nm10604490
tt10220418,nm1590021
tt10220418,nm4345177
tt10220418,nm6476990
tt10220420,nm10604490
tt10220420,nm1590021
tt10220420,nm4345177
tt10220420,nm6476990
tt10220422,nm10604490
tt10220422,nm1590021
tt10220422,nm4345177
tt10220422,nm6476990
tt10220424,nm10604490
tt10220424,nm1590021
tt10220424,nm4345177
tt10220424,nm6476990
tt10220426,nm10604490
tt10220426,nm1590021
tt10220426,nm4345177
tt10220426,nm6476990
tt10220428,nm10604490
tt10220428,nm1590021
tt10220428,nm4345177
tt10220428,nm6476990
tt10220430,nm10604490
tt10220430,nm1590021
tt10220430,nm4345177
tt10220430,nm6476990
tt10220432,nm10604490
tt10220432,nm1590021
tt10220432,nm4345177
tt10220432,nm6476990
tt10220436,nm10604490
tt10220436,nm1590021
tt10220436,nm4345177
tt10220436,nm6476990
tt10220438,nm10604490
tt10220438,nm1590021
tt10220438,nm4345177
tt10220438,nm6476990
tt10220440,nm10604490
tt10220440,nm1590021
tt10220440,nm4345177
tt10220440,nm6476990
tt10220442,nm10604490
tt10220442,nm1590021
tt10220442,nm4345177
tt10220442,nm6476990
tt10220444,nm10604490
tt10220444,nm1590021
tt10220444,nm4345177
tt10220444,nm6476990
tt10220446,nm10604490
tt10220446,nm1590021
tt10220446,nm4345177
tt10220446,nm6476990
tt10220448,nm10604490
tt10220448,nm1590021
tt10220448,nm4345177
tt10220448,nm6476990
tt10220450,nm10604490
tt10220450,nm1590021
tt10220450,nm4345177
tt10220450,nm6476990
tt10220482,nm9956229
tt10220506,nm7555918
tt10220510,nm2408844
tt10220544,nm4262199
tt10220606,nm4262199
tt10220938,nm5605405
tt10221054,nm4262199
tt10221090,nm12305279
tt10221090,nm6311480
tt10221092,nm12305279
tt10221092,nm6311480
tt10221094,nm12305279
tt10221094,nm6311480
tt10221096,nm12305279
tt10221096,nm6311480
tt10221098,nm12305279
tt10221098,nm6311480
tt10221100,nm4262199
tt10221102,nm12305279
tt10221102,nm6311480
tt10221106,nm12305279
tt10221106,nm6311480
tt10221108,nm6311480
tt10221110,nm12305279
tt10221110,nm6311480
tt10221112,nm12305279
tt10221112,nm6311480
tt10221114,nm12305279
tt10221114,nm6311480
tt10221116,nm12305279
tt10221116,nm6311480
tt10221118,nm12305279
tt10221118,nm6311480
tt10221120,nm12305279
tt10221120,nm6311480
tt10221122,nm12305279
tt10221122,nm6311480
tt10221124,nm12305279
tt10221124,nm6311480
tt10221126,nm12305279
tt10221126,nm6311480
tt10221132,nm4262199
tt10221148,nm4262199
tt10221306,nm4262199
tt10221586,nm6465652
tt10221678,nm1909099
tt10221796,nm10636898
tt10222142,nm1865788
tt10222146,nm1865788
tt10222150,nm1865788
tt10222152,nm1865788
tt10222154,nm1865788
tt10222156,nm1865788
tt10222158,nm1865788
tt10222160,nm1865788
tt10222162,nm1865788
tt10222164,nm1865788
tt10222166,nm1865788
tt10222168,nm1865788
tt10222170,nm1865788
tt10222172,nm1865788
tt10222174,nm1865788
tt10222176,nm1865788
tt10222178,nm1865788
tt10222180,nm1865788
tt10222182,nm1865788
tt10222184,nm1865788
tt10222186,nm1865788
tt10222188,nm1865788
tt10222190,nm1865788
tt10222192,nm1865788
tt10222194,nm1865788
tt10222196,nm1865788
tt10222198,nm1865788
tt10222200,nm1865788
tt10222202,nm1865788
tt10222204,nm1865788
tt10222206,nm1865788
tt10222208,nm1865788
tt10222210,nm1865788
tt10222212,nm1865788
tt10222214,nm1865788
tt10222216,nm1865788
tt10222218,nm1865788
tt10222222,nm1865788
tt10222224,nm1865788
tt10222228,nm1865788
tt10222232,nm1865788
tt10222234,nm1865788
tt10222236,nm1865788
tt10222242,nm1865788
tt10222244,nm1865788
tt10222248,nm1865788
tt10222250,nm1865788
tt10222254,nm7669612
tt10222260,nm1909099
tt10222272,nm4364952
tt10222344,nm0748414
tt10222376,nm10637048
tt10222378,nm10637051
tt10222380,nm4558973
tt10222398,nm10274903
tt10222398,nm1475744
tt10222398,nm2857750
tt10222398,nm8094884
tt10222414,nm1909099
tt10222486,nm4558973
tt10222486,nm8349149
tt10222498,nm8069955
tt10222506,nm8069955
tt10222528,nm4558973
tt10222552,nm10637135
tt10222594,nm4799356
tt10222622,nm10633858
tt10222628,nm1100337
tt10222644,nm10114310
tt10222644,nm10637368
tt10222644,nm5472982
tt10222644,nm6014945
tt10222664,nm8972512
tt10222704,nm10634542
tt10222710,nm4262199
tt10222716,nm4262199
tt10222742,nm0022422
tt10222742,nm2158590
tt10222768,nm5521096
tt10222776,nm2756108
tt10222786,nm4317656
tt10222792,nm4262199
tt10222794,nm4262199
tt10222796,nm2756108
tt10222800,nm4262199
tt10222808,nm2756108
tt10222810,nm4262199
tt10222824,nm0646993
tt10222878,nm4027736
tt10222880,nm2756108
tt10222892,nm10637435
tt10222918,nm10637454
tt10222940,nm2756108
tt10222942,nm0576370
tt10222958,nm4262199
tt10222968,nm1345662
tt10223012,nm0586743
tt10223016,nm3925895
tt10223052,nm10637591
tt10223056,nm1464150
tt10223060,nm6194481
tt10223150,nm8245192
tt10223164,nm8245192
tt10223188,nm8245192
tt10223196,nm8245192
tt10223210,nm8245192
tt10223224,nm8245192
tt10223226,nm2006185
tt10223238,nm2006185
tt10223256,nm2006185
tt10223276,nm8245192
tt10223294,nm8117251
tt10223310,nm9602447
tt10223320,nm5074204
tt10223328,nm1615202
tt10223474,nm3532287
tt10223518,nm9016605
tt10223558,nm10637216
tt10223636,nm3070260
tt10223646,nm9050274
tt10223654,nm6095228
tt10223802,nm5072168
tt10223832,nm5597640
tt10223834,nm1064071
tt10223866,nm4167094
tt10223878,nm3083154
tt10223884,nm7538758
tt10223930,nm2408844
tt10223954,nm2408844
tt10223958,nm4214936
tt10224002,nm4848108
tt10224008,nm7192811
tt10224028,nm7192811
tt10224086,nm3141255
tt10224108,nm10264471
tt10224170,nm3668878
tt10224178,nm2153888
tt10224194,nm5572185
tt10224208,nm5572185
tt10224220,nm4992654
tt10224318,nm10638288
tt10224334,nm10481957
tt10224344,nm10559707
tt10224352,nm2342348
tt10224466,nm8017706
tt10224474,nm8017706
tt10224482,nm7663208
tt10224482,nm9377395
tt10224532,nm10624039
tt10224554,nm10638458
tt10224576,nm9165673
tt10224588,nm10025282
tt10224600,nm10025282
tt10224620,nm10025282
tt10224632,nm10025282
tt10224636,nm3091930
tt10224636,nm9106645
tt10224656,nm10025282
tt10224670,nm10025282
tt10224686,nm10025282
tt10224738,nm9634307
tt10224748,nm4872848
tt10224760,nm2345193
tt10224768,nm2345193
tt10224770,nm2345193
tt10224772,nm2345193
tt10224806,nm2345193
tt10224810,nm2345193
tt10224812,nm4411141
tt10224814,nm4411141
tt10224816,nm2345193
tt10224818,nm4411141
tt10224820,nm4411141
tt10224822,nm2345193
tt10224826,nm2345193
tt10224828,nm3899569
tt10224984,nm13061862
tt10224984,nm2435711
tt10224984,nm3188895
tt10224990,nm13061862
tt10224990,nm2435711
tt10224990,nm3188895
tt10225002,nm13061862
tt10225002,nm2435711
tt10225002,nm3188895
tt10225004,nm13061862
tt10225004,nm2435711
tt10225004,nm3188895
tt10225094,nm2343973
tt10225098,nm10638714
tt10225098,nm10700549
tt10225126,nm4982082
tt10225166,nm10638745
tt10225242,nm5824957
tt10225274,nm10638729
tt10225274,nm6148918
tt10225308,nm6265549
tt10225354,nm6265549
tt10225384,nm10635757
tt10225404,nm7669612
tt10225428,nm8238161
tt10225428,nm8349149
tt10225498,nm10638984
tt10225530,nm4891586
tt10225704,nm9272490
tt10225714,nm4262199
tt10225738,nm4262199
tt10225750,nm4262199
tt10225752,nm9272490
tt10225758,nm10639161
tt10225758,nm10639162
tt10225758,nm10639163
tt10225802,nm8238161
tt10225802,nm8349149
tt10225860,nm8238161
tt10225860,nm8349149
tt10225864,nm1865788
tt10225866,nm1865788
tt10225870,nm1865788
tt10225872,nm1865788
tt10225874,nm8238161
tt10225874,nm8349149
tt10225876,nm1865788
tt10225880,nm1865788
tt10225884,nm1865788
tt10225886,nm1865788
tt10225888,nm1865788
tt10225890,nm1865788
tt10225892,nm1865788
tt10225896,nm1865788
tt10225900,nm1865788
tt10225902,nm1865788
tt10225904,nm1865788
tt10225906,nm1865788
tt10225908,nm1865788
tt10225910,nm1865788
tt10225912,nm1865788
tt10225914,nm1865788
tt10225916,nm8238161
tt10225916,nm8349149
tt10225924,nm1865788
tt10225928,nm1865788
tt10225930,nm1865788
tt10225932,nm1865788
tt10225934,nm1865788
tt10225936,nm1865788
tt10225938,nm1865788
tt10225940,nm1865788
tt10225942,nm1865788
tt10225944,nm1865788
tt10225946,nm1865788
tt10225948,nm1865788
tt10225950,nm1865788
tt10225952,nm1865788
tt10225954,nm1865788
tt10225956,nm1865788
tt10225960,nm1865788
tt10225962,nm1865788
tt10225966,nm1865788
tt10225968,nm1865788
tt10225988,nm10635773
tt10226252,nm1109650
tt10226348,nm3379191
tt10226590,nm2441931
tt10226648,nm10639315
tt10226706,nm3659939
tt10226860,nm1380954
tt10226952,nm10096625
tt10226986,nm0398257
tt10227036,nm0398257
tt10227070,nm2408844
tt10227088,nm2408844
tt10227096,nm2408844
tt10227142,nm2408844
tt10227188,nm1772770
tt10227196,nm2408844
tt10227222,nm2408844
tt10227232,nm2408844
tt10227252,nm2408844
tt10227256,nm10604490
tt10227256,nm1590021
tt10227256,nm4345177
tt10227256,nm6476990
tt10227258,nm10604490
tt10227258,nm1590021
tt10227258,nm4345177
tt10227258,nm6476990
tt10227260,nm10604490
tt10227260,nm1590021
tt10227260,nm4345177
tt10227260,nm6476990
tt10227264,nm10604490
tt10227264,nm1590021
tt10227264,nm4345177
tt10227264,nm6476990
tt10227266,nm10604490
tt10227266,nm1590021
tt10227266,nm4345177
tt10227266,nm6476990
tt10227268,nm10604490
tt10227268,nm1590021
tt10227268,nm4345177
tt10227268,nm6476990
tt10227270,nm10604490
tt10227270,nm1590021
tt10227270,nm4345177
tt10227270,nm6476990
tt10227274,nm10604490
tt10227274,nm1590021
tt10227274,nm4345177
tt10227274,nm6476990
tt10227276,nm10604490
tt10227276,nm1590021
tt10227276,nm4345177
tt10227276,nm6476990
tt10227278,nm10604490
tt10227278,nm1590021
tt10227278,nm4345177
tt10227278,nm6476990
tt10227280,nm10604490
tt10227280,nm1590021
tt10227280,nm4345177
tt10227280,nm6476990
tt10227286,nm10604490
tt10227286,nm1590021
tt10227286,nm4345177
tt10227286,nm6476990
tt10227288,nm10604490
tt10227288,nm1590021
tt10227288,nm4345177
tt10227288,nm6476990
tt10227290,nm10604490
tt10227290,nm1590021
tt10227290,nm4345177
tt10227290,nm6476990
tt10227292,nm10604490
tt10227292,nm1590021
tt10227292,nm4345177
tt10227292,nm6476990
tt10227294,nm10604490
tt10227294,nm1590021
tt10227294,nm4345177
tt10227294,nm6476990
tt10227296,nm10604490
tt10227296,nm1590021
tt10227296,nm4345177
tt10227296,nm6476990
tt10227298,nm10604490
tt10227298,nm1590021
tt10227298,nm4345177
tt10227298,nm6476990
tt10227300,nm10604490
tt10227300,nm1590021
tt10227300,nm4345177
tt10227300,nm6476990
tt10227304,nm10604490
tt10227304,nm1590021
tt10227304,nm4345177
tt10227304,nm6476990
tt10227310,nm8255205
tt10227310,nm8255206
tt10227312,nm2408844
tt10227314,nm8255205
tt10227314,nm8255206
tt10227316,nm8255205
tt10227316,nm8255206
tt10227318,nm8255205
tt10227318,nm8255206
tt10227320,nm8255205
tt10227320,nm8255206
tt10227324,nm8255205
tt10227324,nm8255206
tt10227326,nm8255205
tt10227326,nm8255206
tt10227328,nm8255205
tt10227328,nm8255206
tt10227334,nm8255205
tt10227334,nm8255206
tt10227338,nm8255205
tt10227338,nm8255206
tt10227340,nm8255205
tt10227340,nm8255206
tt10227344,nm8255205
tt10227344,nm8255206
tt10227346,nm8255205
tt10227346,nm8255206
tt10227348,nm8255205
tt10227348,nm8255206
tt10227350,nm8255205
tt10227350,nm8255206
tt10227352,nm8255205
tt10227352,nm8255206
tt10227354,nm2408844
tt10227356,nm8255205
tt10227356,nm8255206
tt10227358,nm8255205
tt10227358,nm8255206
tt10227360,nm8255205
tt10227360,nm8255206
tt10227400,nm2408844
tt10227440,nm2408844
tt10227498,nm2408844
tt10227656,nm2408844
tt10227838,nm5854424
tt10227932,nm10673864
tt10227970,nm5566432
tt10227970,nm7055988
tt10227972,nm1407706
tt10227986,nm1380947
tt10227990,nm1240753
tt10228042,nm8245192
tt10228052,nm10476001
tt10228060,nm8245192
tt10228070,nm1309552
tt10228076,nm8245192
tt10228084,nm5566432
tt10228090,nm8245192
tt10228092,nm1309552
tt10228112,nm8245192
tt10228116,nm10639798
tt10228120,nm10639799
tt10228132,nm1745074
tt10228154,nm10205958
tt10228158,nm8245192
tt10228166,nm10476001
tt10228172,nm8245192
tt10228174,nm10205958
tt10228186,nm8245192
tt10228200,nm8245192
tt10228220,nm1115134
tt10228222,nm8245192
tt10228224,nm1672066
tt10228232,nm8245192
tt10228234,nm10476001
tt10228236,nm2357165
tt10228242,nm5633185
tt10228244,nm1115134
tt10228246,nm8245192
tt10228248,nm10205958
tt10228250,nm8245192
tt10228256,nm1309552
tt10228264,nm10205958
tt10228270,nm1309552
tt10228282,nm10205958
tt10228286,nm1115134
tt10228292,nm1115134
tt10228298,nm10205958
tt10228302,nm10476001
tt10228312,nm10476001
tt10228320,nm10476001
tt10228334,nm4593631
tt10228358,nm10476001
tt10228366,nm1309552
tt10228374,nm1115134
tt10228384,nm1115134
tt10228386,nm6450368
tt10228392,nm10205958
tt10228398,nm10476001
tt10228402,nm10476001
tt10228404,nm10639981
tt10228410,nm10476001
tt10228412,nm3925995
tt10228414,nm1326321
tt10228422,nm10476001
tt10228434,nm10476001
tt10228440,nm10205958
tt10228446,nm1309552
tt10228456,nm1380947
tt10228458,nm10205958
tt10228466,nm10205958
tt10228476,nm1115134
tt10228488,nm10205958
tt10228492,nm2756108
tt10228494,nm10476001
tt10228498,nm10476001
tt10228500,nm1115134
tt10228508,nm2332010
tt10228514,nm3532287
tt10228514,nm3805435
tt10228526,nm3730949
tt10228538,nm2758985
tt10228554,nm4197711
tt10228564,nm5566432
tt10228566,nm3091876
tt10228632,nm3091876
tt10228644,nm3169115
tt10228644,nm4820877
tt10228646,nm5566432
tt10228662,nm3091876
tt10228672,nm5566432
tt10228694,nm2756108
tt10228702,nm2756108
tt1022871,nm2642197
tt10228710,nm10640258
tt10228710,nm5566432
tt10228716,nm2756108
tt10228734,nm6263438
tt10228742,nm5566432
tt10228768,nm10640457
tt10228772,nm1202430
tt10228826,nm5024367
tt10228836,nm7664131
tt10228896,nm10640585
tt10228922,nm10582251
tt10228930,nm3021986
tt10228930,nm6292785
tt10229006,nm4263273
tt10229016,nm10640790
tt10229020,nm4591981
tt10229030,nm10349907
tt10229044,nm10294793
tt10229046,nm10640820
tt10229046,nm10640821
tt10229088,nm1272730
tt10229092,nm3923149
tt10229130,nm10522398
tt10229138,nm3923149
tt10229160,nm3923149
tt10229178,nm3923149
tt10229180,nm3923149
tt10229182,nm3923149
tt10229188,nm3923149
tt10229194,nm7996007
tt10229216,nm3923149
tt10229358,nm6491208
tt10229360,nm8358558
tt10229360,nm9017386
tt10229362,nm8358558
tt10229362,nm9017386
tt10229374,nm1330797
tt10229386,nm10641025
tt10229454,nm6453485
tt10229474,nm4477877
tt10229492,nm2718842
tt10229514,nm10641166
tt10229592,nm3730087
tt10229620,nm9514815
tt10229632,nm10641280
tt10229654,nm5184801
tt10229656,nm6600166
tt10229668,nm5184801
tt10229676,nm5184801
tt10229768,nm9639142
tt10229772,nm10094295
tt10229782,nm7094020
tt10229810,nm10035944
tt10229814,nm10035944
tt10229826,nm10203216
tt10229856,nm9587596
tt10229870,nm1629095
tt10229872,nm1629095
tt10229876,nm1629095
tt10229878,nm1629095
tt10229880,nm1629095
tt10229882,nm1629095
tt10229884,nm1629095
tt10229886,nm1629095
tt10229888,nm1629095
tt10229890,nm1629095
tt10229892,nm1629095
tt10229894,nm1629095
tt10229896,nm1629095
tt10229898,nm1629095
tt10229900,nm1629095
tt10229902,nm1629095
tt10229904,nm1629095
tt10229916,nm9587596
tt10229922,nm10560317
tt10229922,nm10560318
tt10229988,nm9792605
tt10229996,nm10647162
tt10230002,nm0494694
tt10230016,nm8358558
tt10230024,nm8358558
tt10230024,nm9017386
tt10230028,nm10641546
tt10230030,nm10641547
tt10230038,nm7453917
tt10230040,nm10514720
tt10230042,nm10635731
tt10230050,nm8358558
tt10230050,nm9017386
tt10230056,nm8358558
tt10230056,nm9017386
tt10230060,nm10641599
tt10230078,nm10334891
tt10230174,nm10645097
tt10230174,nm7794408
tt10230194,nm10640457
tt10230276,nm0622350
tt10230310,nm10641865
tt10230318,nm10640457
tt10230328,nm7664131
tt10230330,nm10640457
tt10230334,nm10640457
tt10230338,nm10640457
tt10230360,nm3257131
tt10230386,nm13061862
tt10230386,nm2435711
tt10230386,nm3188895
tt10230392,nm13061862
tt10230392,nm2435711
tt10230392,nm3188895
tt10230398,nm13061862
tt10230398,nm2435711
tt10230398,nm3188895
tt10230402,nm13061862
tt10230402,nm2435711
tt10230402,nm3188895
tt10230406,nm1618672
tt10230450,nm10641981
tt10230470,nm6817359
tt10230484,nm10642113
tt10230488,nm10648506
tt10230504,nm1510116
tt10230524,nm10642177
tt10230546,nm5008583
tt10230546,nm8488571
tt10230550,nm10642194
tt10230568,nm10642215
tt10230572,nm2667008
tt10230578,nm10642220
tt10230604,nm10642241
tt10230604,nm7949141
tt10230622,nm10635731
tt10230624,nm6679772
tt10230628,nm8292304
tt10230652,nm5935488
tt10230710,nm2441931
tt10230716,nm5000764
tt10230988,nm8093244
tt10231190,nm6905397
tt10231256,nm8255205
tt10231256,nm8255206
tt10231258,nm8255205
tt10231258,nm8255206
tt10231260,nm8255205
tt10231260,nm8255206
tt10231262,nm8255205
tt10231262,nm8255206
tt10231266,nm8255205
tt10231266,nm8255206
tt10231270,nm8255205
tt10231270,nm8255206
tt10231272,nm8255205
tt10231272,nm8255206
tt10231274,nm8255205
tt10231274,nm8255206
tt10231278,nm8255205
tt10231278,nm8255206
tt10231280,nm8255205
tt10231280,nm8255206
tt10231282,nm8255205
tt10231282,nm8255206
tt10231284,nm8255205
tt10231284,nm8255206
tt10231286,nm8255205
tt10231286,nm8255206
tt10231288,nm8255205
tt10231288,nm8255206
tt10231292,nm8255205
tt10231292,nm8255206
tt10231296,nm8255205
tt10231296,nm8255206
tt10231298,nm8255205
tt10231298,nm8255206
tt10231302,nm8255205
tt10231302,nm8255206
tt10231304,nm8255205
tt10231304,nm8255206
tt10231310,nm8255205
tt10231310,nm8255206
tt10231318,nm3513211
tt10231322,nm10604490
tt10231322,nm1590021
tt10231322,nm4345177
tt10231322,nm6476990
tt10231324,nm10604490
tt10231324,nm1590021
tt10231324,nm4345177
tt10231324,nm6476990
tt10231328,nm10604490
tt10231328,nm1590021
tt10231328,nm4345177
tt10231328,nm6476990
tt10231330,nm10604490
tt10231330,nm1590021
tt10231330,nm4345177
tt10231330,nm6476990
tt10231334,nm10604490
tt10231334,nm1590021
tt10231334,nm4345177
tt10231334,nm6476990
tt10231336,nm10604490
tt10231336,nm1590021
tt10231336,nm4345177
tt10231336,nm6476990
tt10231338,nm10604490
tt10231338,nm1590021
tt10231338,nm4345177
tt10231338,nm6476990
tt10231340,nm10604490
tt10231340,nm1590021
tt10231340,nm4345177
tt10231340,nm6476990
tt10231342,nm10604490
tt10231342,nm1590021
tt10231342,nm4345177
tt10231342,nm6476990
tt10231344,nm10604490
tt10231344,nm1590021
tt10231344,nm4345177
tt10231344,nm6476990
tt10231346,nm10604490
tt10231346,nm1590021
tt10231346,nm4345177
tt10231346,nm6476990
tt10231348,nm10604490
tt10231348,nm1590021
tt10231348,nm4345177
tt10231348,nm6476990
tt10231350,nm10604490
tt10231350,nm1590021
tt10231350,nm3246845
tt10231350,nm4345177
tt10231350,nm6476990
tt10231352,nm10604490
tt10231352,nm1590021
tt10231352,nm4345177
tt10231352,nm6476990
tt10231354,nm10604490
tt10231354,nm1590021
tt10231354,nm4345177
tt10231354,nm6476990
tt10231356,nm10604490
tt10231356,nm1590021
tt10231356,nm4345177
tt10231356,nm6476990
tt10231358,nm6440635
tt10231360,nm10604490
tt10231360,nm1590021
tt10231360,nm4345177
tt10231360,nm6476990
tt10231362,nm10604490
tt10231362,nm1590021
tt10231362,nm4345177
tt10231362,nm6476990
tt10231364,nm10604490
tt10231364,nm1590021
tt10231364,nm4345177
tt10231364,nm6476990
tt10231366,nm10604490
tt10231366,nm1590021
tt10231366,nm4345177
tt10231366,nm6476990
tt10231448,nm4205976
tt10231478,nm9208027
tt10231550,nm2452649
tt10231662,nm7007770
tt10231738,nm10642271
tt10231892,nm2599402
tt10231938,nm2599402
tt10231948,nm2599402
tt10232120,nm7007770
tt10232196,nm0350271
tt10232334,nm2635138
tt10232406,nm10642713
tt10232496,nm2240477
tt10232496,nm6440635
tt10232496,nm9766886
tt10232720,nm1865788
tt10232722,nm10642767
tt10232728,nm1865788
tt10232746,nm1865788
tt10232756,nm1865788
tt10232766,nm1865788
tt10232768,nm1865788
tt10232770,nm1865788
tt10232774,nm1865788
tt10232776,nm1865788
tt10232778,nm1865788
tt10232782,nm1865788
tt10232784,nm1865788
tt10232786,nm1865788
tt10232788,nm1865788
tt10232792,nm1865788
tt10232794,nm1865788
tt10232796,nm1865788
tt10232798,nm1865788
tt10232802,nm1865788
tt10232804,nm1865788
tt10232806,nm1865788
tt10232808,nm1865788
tt10232810,nm1865788
tt10232814,nm1865788
tt10232816,nm1865788
tt10232818,nm1865788
tt10232820,nm1865788
tt10232822,nm1865788
tt10232824,nm1865788
tt10232826,nm1865788
tt10232834,nm1865788
tt10232850,nm1865788
tt10232856,nm1865788
tt10232860,nm1865788
tt10232880,nm1865788
tt10232884,nm1865788
tt10232888,nm1865788
tt10232890,nm1865788
tt10232894,nm1865788
tt10232898,nm1865788
tt10232910,nm3062719
tt10233052,nm2683605
tt10233158,nm1030346
tt10233340,nm1030346
tt10233354,nm10642942
tt10233412,nm8965671
tt10233436,nm6106876
tt10233450,nm10622270
tt10233450,nm9945698
tt10233502,nm2304627
tt10233504,nm2304627
tt10233610,nm8977432
tt10233616,nm7126016
tt10233714,nm2506275
tt10233716,nm2441931
tt10233722,nm9384652
tt10233736,nm3938622
tt10233770,nm3938622
tt10233778,nm9161678
tt10233792,nm5100861
tt10233792,nm6568309
tt10233808,nm3938622
tt10233842,nm3923149
tt10233850,nm5816371
tt10233852,nm3923149
tt10233858,nm3923149
tt10233862,nm2985996
tt10233868,nm3923149
tt10233874,nm3923149
tt10233890,nm10643397
tt10233920,nm7916836
tt10233948,nm3923149
tt10234000,nm10264013
tt10234006,nm10264013
tt10234022,nm10264013
tt10234026,nm10264013
tt10234034,nm10264013
tt10234036,nm10264013
tt10234042,nm10264013
tt10234044,nm8965671
tt10234052,nm10264013
tt10234058,nm10264013
tt10234068,nm10636833
tt10234082,nm10643472
tt10234082,nm10643582
tt10234086,nm9318917
tt10234124,nm2718842
tt10234144,nm2718842
tt10234158,nm2718842
tt10234208,nm1103715
tt10234210,nm8295152
tt10234274,nm2514232
tt10234304,nm10643836
tt10234402,nm10643921
tt10234500,nm3781305
tt10234504,nm8362624
tt10234524,nm6686706
tt10234552,nm8362624
tt10234622,nm5698711
tt10234636,nm10374390
tt10234636,nm6168641
tt10234636,nm6168642
tt10234666,nm3358108
tt10234800,nm8362624
tt10234838,nm0158359
tt10234838,nm1424646
tt10234840,nm0158359
tt10234840,nm1424646
tt10234842,nm0158359
tt10234842,nm1424646
tt10234848,nm0158359
tt10234848,nm1424646
tt10234852,nm0158359
tt10234852,nm1424646
tt10234854,nm0158359
tt10234854,nm1424646
tt10234858,nm0158359
tt10234858,nm1424646
tt10234860,nm0158359
tt10234876,nm0158359
tt10234880,nm0158359
tt10234888,nm0158359
tt10234890,nm0158359
tt10234892,nm0158359
tt10234894,nm0158359
tt10234896,nm0158359
tt10234898,nm0158359
tt10234900,nm1936500
tt10234902,nm2380424
tt10234922,nm3412282
tt10234986,nm10473592
tt10235038,nm10473592
tt10235050,nm9103509
tt10235142,nm7139060
tt10235142,nm7903328
tt10235354,nm7006227
tt10235408,nm10644834
tt10235418,nm3021986
tt10235418,nm6292785
tt10235464,nm3021986
tt10235464,nm6292785
tt10235506,nm2895343
tt10235510,nm3021986
tt10235510,nm6292785
tt10235536,nm5008583
tt10235536,nm8512079
tt10235560,nm5008583
tt10235560,nm7916500
tt10235576,nm10644946
tt10235604,nm4410758
tt10235634,nm10643472
tt10235658,nm5785112
tt10235674,nm10644979
tt10235674,nm6654066
tt10235786,nm0245288
tt10235810,nm3636810
tt10235872,nm8781484
tt10235924,nm10645097
tt10235924,nm11502039
tt10235926,nm5217553
tt10236012,nm10645127
tt10236012,nm10645128
tt10236012,nm10645129
tt10236082,nm6932966
tt10236082,nm8511552
tt10236090,nm8840672
tt10236094,nm0241469
tt10236094,nm0781271
tt10236170,nm1041667
tt10236170,nm1398329
tt10236290,nm7205746
tt10236372,nm1115134
tt10236384,nm13061862
tt10236384,nm2435711
tt10236384,nm3188895
tt10236396,nm13061862
tt10236396,nm2435711
tt10236396,nm3188895
tt10236412,nm13061862
tt10236412,nm2435711
tt10236412,nm3188895
tt10236420,nm13061862
tt10236420,nm2435711
tt10236420,nm3188895
tt10236434,nm10645274
tt10236568,nm10645300
tt10236720,nm1865788
tt10236722,nm1865788
tt10236724,nm1865788
tt10236726,nm1865788
tt10236728,nm1865788
tt10236730,nm1865788
tt10236732,nm1865788
tt10236734,nm1865788
tt10236736,nm1865788
tt10236738,nm1865788
tt10236744,nm1865788
tt10236748,nm1865788
tt10236750,nm1865788
tt10236752,nm1865788
tt10236754,nm1865788
tt10236756,nm1865788
tt10236758,nm1865788
tt10236762,nm1865788
tt10236764,nm1865788
tt10236768,nm1865788
tt10236770,nm1865788
tt10236772,nm1865788
tt10236774,nm1865788
tt10236776,nm1865788
tt10236778,nm1865788
tt10236782,nm1865788
tt10236784,nm10628351
tt10236786,nm1865788
tt10236788,nm1865788
tt10236790,nm1865788
tt10236792,nm1865788
tt10236794,nm1865788
tt10236796,nm1865788
tt10236798,nm1865788
tt10236800,nm1865788
tt10236802,nm1865788
tt10236804,nm1865788
tt10236806,nm1865788
tt10236808,nm1865788
tt10236810,nm1865788
tt10236812,nm1865788
tt10236860,nm1325469
tt10236972,nm2337439
tt10237150,nm9617347
tt10237482,nm4545345
tt10237502,nm1472675
tt10237576,nm2061685
tt10237652,nm2050347
tt10237828,nm10604490
tt10237828,nm1590021
tt10237828,nm4345177
tt10237828,nm6476990
tt10237830,nm10604490
tt10237830,nm1590021
tt10237830,nm4345177
tt10237830,nm6476990
tt10237832,nm10604490
tt10237832,nm1590021
tt10237832,nm4345177
tt10237832,nm6476990
tt10237836,nm10604490
tt10237836,nm1590021
tt10237836,nm4345177
tt10237836,nm6476990
tt10237840,nm10604490
tt10237840,nm1590021
tt10237840,nm4345177
tt10237840,nm6476990
tt10237842,nm10604490
tt10237842,nm1590021
tt10237842,nm4345177
tt10237842,nm6476990
tt10237844,nm10604490
tt10237844,nm1590021
tt10237844,nm4345177
tt10237844,nm6476990
tt10237846,nm10604490
tt10237846,nm1590021
tt10237846,nm4345177
tt10237846,nm6476990
tt10237848,nm10604490
tt10237848,nm1590021
tt10237848,nm4345177
tt10237848,nm6476990
tt10237850,nm10604490
tt10237850,nm1590021
tt10237850,nm4345177
tt10237850,nm6476990
tt10237852,nm10604490
tt10237852,nm1590021
tt10237852,nm4345177
tt10237852,nm6476990
tt10237854,nm10604490
tt10237854,nm1590021
tt10237854,nm4345177
tt10237854,nm6476990
tt10237856,nm10604490
tt10237856,nm1590021
tt10237856,nm4345177
tt10237856,nm6476990
tt10237858,nm10604490
tt10237858,nm1590021
tt10237858,nm4345177
tt10237858,nm6476990
tt10237860,nm10604490
tt10237860,nm1590021
tt10237860,nm4345177
tt10237860,nm6476990
tt10237862,nm10604490
tt10237862,nm1590021
tt10237862,nm4345177
tt10237862,nm6476990
tt10237864,nm10604490
tt10237864,nm1590021
tt10237864,nm4345177
tt10237864,nm6476990
tt10237866,nm10604490
tt10237866,nm1590021
tt10237866,nm4345177
tt10237866,nm6476990
tt10237868,nm10604490
tt10237868,nm1590021
tt10237868,nm4345177
tt10237868,nm6476990
tt10237870,nm10604490
tt10237870,nm1590021
tt10237870,nm4345177
tt10237870,nm6476990
tt10237878,nm8255205
tt10237878,nm8255206
tt10237880,nm8255205
tt10237880,nm8255206
tt10237882,nm8255205
tt10237882,nm8255206
tt10237884,nm8255205
tt10237884,nm8255206
tt10237886,nm8255205
tt10237886,nm8255206
tt10237888,nm8255205
tt10237888,nm8255206
tt10237890,nm8255205
tt10237890,nm8255206
tt10237892,nm8255205
tt10237892,nm8255206
tt10237894,nm8255205
tt10237894,nm8255206
tt10237896,nm8255205
tt10237896,nm8255206
tt10237898,nm8255205
tt10237898,nm8255206
tt10237900,nm8255205
tt10237900,nm8255206
tt10237904,nm8255205
tt10237904,nm8255206
tt10237910,nm8255205
tt10237910,nm8255206
tt10237912,nm8255205
tt10237912,nm8255206
tt10237914,nm8255205
tt10237914,nm8255206
tt10237916,nm8255205
tt10237916,nm8255206
tt10237920,nm8255205
tt10237920,nm8255206
tt10237922,nm8255205
tt10237922,nm8255206
tt10237924,nm8255205
tt10237924,nm8255206
tt10238116,nm4937775
tt10238116,nm6926029
tt10238252,nm5049326
tt10238278,nm11005590
tt10238278,nm5460485
tt10238472,nm10645463
tt10238510,nm10586890
tt10238534,nm2380424
tt10238544,nm2380424
tt10238552,nm2380424
tt10238562,nm10110016
tt10238562,nm2129968
tt10238566,nm10110016
tt10238566,nm2129968
tt10238568,nm10110016
tt10238568,nm2129968
tt10238572,nm10110016
tt10238572,nm2129968
tt10238578,nm10110016
tt10238578,nm2129968
tt10238580,nm10110016
tt10238580,nm2129968
tt10238584,nm10110016
tt10238584,nm2129968
tt10238586,nm10110016
tt10238586,nm2129968
tt10238588,nm10110016
tt10238588,nm2129968
tt10238590,nm10110016
tt10238590,nm2129968
tt10238592,nm10110016
tt10238592,nm2129968
tt10238594,nm10110016
tt10238594,nm2129968
tt10238598,nm10110016
tt10238598,nm2129968
tt10238600,nm10110016
tt10238600,nm2129968
tt10238602,nm10110016
tt10238602,nm2129968
tt10238604,nm2380424
tt10238606,nm10110016
tt10238606,nm2129968
tt10238612,nm2337439
tt10238614,nm10110016
tt10238614,nm2129968
tt10238618,nm10110016
tt10238618,nm2129968
tt10238622,nm2380424
tt10238624,nm10110016
tt10238624,nm2129968
tt10238626,nm10110016
tt10238626,nm2129968
tt10238628,nm10110016
tt10238628,nm2129968
tt10238630,nm10110016
tt10238630,nm2129968
tt10238632,nm10110016
tt10238632,nm2129968
tt10238636,nm10110016
tt10238636,nm2129968
tt10238638,nm10110016
tt10238638,nm2129968
tt10238640,nm10110016
tt10238640,nm2129968
tt10238642,nm10110016
tt10238642,nm2129968
tt10238644,nm10110016
tt10238644,nm2129968
tt10238646,nm10110016
tt10238646,nm2129968
tt10238648,nm10110016
tt10238648,nm2129968
tt10238650,nm2380424
tt10238652,nm10110016
tt10238652,nm2129968
tt10238654,nm10110016
tt10238654,nm2129968
tt10238656,nm10110016
tt10238656,nm2129968
tt10238658,nm10110016
tt10238658,nm2129968
tt10238660,nm10110016
tt10238660,nm2129968
tt10238662,nm10110016
tt10238662,nm2129968
tt10238664,nm10110016
tt10238664,nm2129968
tt10238666,nm10110016
tt10238666,nm2129968
tt10238668,nm2380424
tt10238672,nm2380424
tt10238722,nm3959921
tt10238734,nm1310660
tt10238758,nm2337439
tt10238762,nm7014859
tt10238764,nm2337439
tt10238782,nm10645672
tt10238802,nm10645688
tt10238802,nm10645689
tt10238802,nm3927402
tt10238802,nm4512174
tt10238818,nm6041337
tt10238818,nm6370474
tt10238818,nm7847128
tt10238818,nm9687251
tt10238822,nm1764598
tt10238832,nm3347661
tt10238838,nm10645741
tt10238838,nm10645742
tt10238838,nm3635562
tt10238838,nm5104392
tt10238838,nm9881564
tt10238842,nm1030346
tt10238866,nm10645753
tt10238866,nm10645754
tt10238866,nm3534376
tt10238866,nm5199083
tt10238866,nm6778364
tt10238988,nm3746406
tt10239034,nm5265104
tt10239118,nm2744506
tt10239176,nm1192940
tt10239176,nm9194605
tt10239194,nm10639396
tt10239226,nm10609869
tt10239252,nm10635824
tt10239254,nm8278964
tt10239298,nm10110016
tt10239298,nm2129968
tt10239304,nm10110016
tt10239304,nm2129968
tt10239306,nm10110016
tt10239306,nm2129968
tt10239310,nm10110016
tt10239310,nm2129968
tt10239312,nm10110016
tt10239312,nm2129968
tt10239316,nm10110016
tt10239316,nm2129968
tt10239318,nm10110016
tt10239318,nm2129968
tt10239322,nm10110016
tt10239322,nm2129968
tt10239324,nm10110016
tt10239324,nm2129968
tt10239326,nm2611896
tt10239328,nm10110016
tt10239328,nm2129968
tt10239330,nm10110016
tt10239330,nm2129968
tt10239334,nm10110016
tt10239334,nm2129968
tt10239336,nm10110016
tt10239336,nm2129968
tt10239338,nm10110016
tt10239338,nm2129968
tt10239340,nm10110016
tt10239340,nm2129968
tt10239342,nm10110016
tt10239342,nm2129968
tt10239344,nm10110016
tt10239344,nm2129968
tt10239346,nm10110016
tt10239346,nm2129968
tt10239348,nm10110016
tt10239348,nm2129968
tt10239350,nm10110016
tt10239350,nm2129968
tt10239364,nm10110016
tt10239364,nm2129968
tt10239366,nm10110016
tt10239366,nm2129968
tt10239368,nm10110016
tt10239368,nm2129968
tt10239370,nm10110016
tt10239370,nm2129968
tt10239372,nm10110016
tt10239372,nm2129968
tt10239374,nm10110016
tt10239374,nm2129968
tt10239376,nm10110016
tt10239376,nm2129968
tt10239378,nm10110016
tt10239378,nm2129968
tt10239380,nm10110016
tt10239380,nm2129968
tt10239382,nm10110016
tt10239382,nm2129968
tt10239386,nm10110016
tt10239386,nm2129968
tt10239388,nm10110016
tt10239388,nm2129968
tt10239390,nm10110016
tt10239390,nm2129968
tt10239392,nm10110016
tt10239392,nm2129968
tt10239394,nm10110016
tt10239394,nm2129968
tt10239396,nm10110016
tt10239396,nm2129968
tt10239398,nm10110016
tt10239398,nm2129968
tt10239400,nm10110016
tt10239400,nm2129968
tt10239402,nm10110016
tt10239402,nm2129968
tt10239820,nm10646141
tt10239820,nm2573965
tt10239826,nm8383196
tt10239842,nm8383196
tt10239848,nm8383196
tt10239854,nm8383196
tt10239880,nm8383196
tt10239940,nm10473592
tt10240056,nm1288693
tt10240112,nm2102686
tt10240158,nm8255205
tt10240158,nm8255206
tt10240160,nm8255205
tt10240160,nm8255206
tt10240162,nm8255205
tt10240162,nm8255206
tt10240168,nm8255205
tt10240168,nm8255206
tt10240170,nm8255205
tt10240170,nm8255206
tt10240172,nm8255205
tt10240172,nm8255206
tt10240174,nm8255205
tt10240174,nm8255206
tt10240178,nm8255205
tt10240178,nm8255206
tt10240180,nm8255205
tt10240180,nm8255206
tt10240182,nm8255205
tt10240182,nm8255206
tt10240184,nm8255205
tt10240184,nm8255206
tt10240186,nm8255205
tt10240186,nm8255206
tt10240188,nm8255205
tt10240188,nm8255206
tt10240190,nm8255205
tt10240190,nm8255206
tt10240192,nm8255205
tt10240192,nm8255206
tt10240194,nm8255205
tt10240194,nm8255206
tt10240196,nm8255205
tt10240196,nm8255206
tt10240198,nm8255205
tt10240198,nm8255206
tt10240200,nm8255205
tt10240200,nm8255206
tt10240202,nm8255205
tt10240202,nm8255206
tt10240204,nm8255205
tt10240204,nm8255206
tt10240216,nm10604490
tt10240216,nm1590021
tt10240216,nm4345177
tt10240216,nm6476990
tt10240218,nm10604490
tt10240218,nm1590021
tt10240218,nm4345177
tt10240218,nm6476990
tt10240222,nm10604490
tt10240222,nm1590021
tt10240222,nm4345177
tt10240222,nm6476990
tt10240224,nm10604490
tt10240224,nm1590021
tt10240224,nm4345177
tt10240224,nm6476990
tt10240226,nm10604490
tt10240226,nm1590021
tt10240226,nm4345177
tt10240226,nm6476990
tt10240228,nm10604490
tt10240228,nm1590021
tt10240228,nm4345177
tt10240228,nm6476990
tt10240230,nm10604490
tt10240230,nm1590021
tt10240230,nm4345177
tt10240230,nm6476990
tt10240232,nm10604490
tt10240232,nm1590021
tt10240232,nm4345177
tt10240232,nm6476990
tt10240234,nm10604490
tt10240234,nm1590021
tt10240234,nm4345177
tt10240234,nm6476990
tt10240236,nm10604490
tt10240236,nm1590021
tt10240236,nm4345177
tt10240236,nm6476990
tt10240238,nm10604490
tt10240238,nm1590021
tt10240238,nm4345177
tt10240238,nm6476990
tt10240240,nm10604490
tt10240240,nm1590021
tt10240240,nm4345177
tt10240240,nm6476990
tt10240242,nm10604490
tt10240242,nm1590021
tt10240242,nm4345177
tt10240242,nm6476990
tt10240244,nm10604490
tt10240244,nm1590021
tt10240244,nm4345177
tt10240244,nm6476990
tt10240250,nm4115790
tt10240264,nm4115790
tt10240348,nm10646431
tt10240348,nm7516387
tt10240454,nm10646434
tt10240496,nm10646530
tt10240504,nm3862713
tt10240522,nm1628221
tt10240522,nm1699727
tt10240522,nm7754260
tt10240522,nm9091055
tt10240528,nm5769572
tt10240544,nm10646620
tt10240550,nm10646642
tt10240550,nm1493388
tt10240550,nm1749021
tt10240550,nm6897618
tt10240600,nm10646678
tt10240716,nm3795593
tt10240722,nm10646780
tt10240726,nm8412510
tt10240740,nm3795593
tt10240748,nm7318337
tt10240750,nm3795593
tt10240752,nm7607510
tt10240756,nm3795593
tt10240764,nm10646843
tt10240824,nm6121903
tt10240904,nm9295726
tt10240958,nm6410793
tt10240962,nm3890131
tt10240986,nm10646960
tt10240990,nm10646498
tt10241042,nm7581767
tt10241052,nm10653735
tt10241052,nm3316685
tt10241052,nm7318337
tt10241066,nm10333369
tt10241066,nm10669942
tt10241134,nm0801220
tt10241146,nm8054138
tt10241186,nm10647081
tt10241216,nm4569266
tt10241222,nm6686706
tt10241228,nm9643984
tt10241248,nm10640349
tt10241260,nm1288693
tt10241262,nm1288693
tt10241266,nm1288693
tt10241302,nm10410799
tt10241342,nm0948931
tt10241346,nm10647143
tt10241386,nm9345652
tt10241406,nm3603124
tt10241434,nm5184801
tt10241450,nm10647176
tt10241450,nm9247999
tt10241490,nm10587364
tt10241492,nm10580961
tt10241512,nm10647224
tt10241660,nm0939566
tt10241686,nm9981113
tt10241920,nm7426558
tt10241920,nm9387181
tt10241992,nm7426558
tt10242304,nm0799599
tt10242304,nm0939566
tt10242806,nm6216338
tt10242836,nm0797586
tt10242880,nm9142480
tt10242938,nm1865788
tt10242940,nm1865788
tt10242942,nm1865788
tt10242944,nm1865788
tt10242948,nm1865788
tt10242950,nm1865788
tt10242952,nm1865788
tt10242954,nm1865788
tt10242958,nm1865788
tt10242960,nm1865788
tt10242962,nm1865788
tt10242964,nm1865788
tt10242966,nm1865788
tt10242968,nm1865788
tt10242972,nm1865788
tt10242974,nm1865788
tt10242980,nm1865788
tt10242984,nm1865788
tt10242986,nm1865788
tt10242988,nm1865788
tt10242998,nm1865788
tt10243000,nm1865788
tt10243002,nm1865788
tt10243008,nm1865788
tt10243010,nm1865788
tt10243012,nm10647579
tt10243014,nm1865788
tt10243016,nm1865788
tt10243020,nm1865788
tt10243022,nm1865788
tt10243024,nm1865788
tt10243026,nm1865788
tt10243028,nm1865788
tt10243030,nm1865788
tt10243032,nm1865788
tt10243034,nm1865788
tt10243036,nm1865788
tt10243038,nm1865788
tt10243040,nm1865788
tt10243046,nm1865788
tt10243048,nm1865788
tt10243050,nm1865788
tt10243318,nm10647667
tt10243322,nm3058370
tt10243322,nm7450287
tt10243348,nm3058370
tt10243348,nm7450287
tt10243350,nm3058370
tt10243350,nm7450287
tt10243354,nm3058370
tt10243354,nm7450287
tt10243358,nm3058370
tt10243358,nm7450287
tt10243360,nm3058370
tt10243360,nm7450287
tt10243364,nm3058370
tt10243364,nm7450287
tt10243366,nm3058370
tt10243366,nm7450287
tt10243368,nm3058370
tt10243368,nm7450287
tt10243370,nm3058370
tt10243370,nm7450287
tt10243372,nm3058370
tt10243372,nm7450287
tt10243374,nm3058370
tt10243374,nm7450287
tt10243376,nm3058370
tt10243376,nm7450287
tt10243378,nm3058370
tt10243378,nm7450287
tt10243380,nm3058370
tt10243380,nm7450287
tt10243384,nm3058370
tt10243384,nm7450287
tt10243388,nm3058370
tt10243388,nm7450287
tt10243390,nm3058370
tt10243390,nm7450287
tt10243392,nm3058370
tt10243392,nm7450287
tt10243394,nm3058370
tt10243394,nm7450287
tt10243396,nm3058370
tt10243396,nm7450287
tt10243542,nm6949699
tt10243548,nm10647810
tt10243572,nm3651783
tt10243576,nm3651783
tt10243578,nm3651783
tt10243580,nm3651783
tt10243584,nm3651783
tt10243588,nm3651783
tt10243592,nm3651783
tt10243598,nm3651783
tt10243600,nm3651783
tt10243606,nm3651783
tt10243610,nm3651783
tt10243616,nm3651783
tt10243618,nm3651783
tt10243620,nm3651783
tt10243626,nm3651783
tt10243630,nm3651783
tt10243632,nm3651783
tt10243686,nm8362624
tt10243780,nm10648010
tt10243798,nm5497380
tt10243822,nm6686706
tt10243914,nm10648144
tt10243914,nm5917516
tt10243918,nm6456509
tt10243958,nm9744710
tt10243982,nm10648195
tt10243988,nm10648202
tt10243988,nm5917516
tt10244004,nm1729245
tt10244084,nm3722729
tt10244094,nm0092689
tt10244108,nm1891686
tt10244114,nm10646497
tt10244148,nm10646324
tt10244152,nm4309696
tt10244158,nm4309696
tt10244164,nm10648462
tt10244168,nm10648465
tt10244188,nm10648474
tt10244218,nm2809859
tt10244226,nm2123160
tt10244230,nm6780846
tt10244328,nm7616902
tt10244334,nm8231161
tt10244360,nm0324343
tt10244476,nm3117920
tt10244484,nm7640190
tt10244524,nm0324343
tt10244524,nm0542802
tt10244538,nm0324343
tt10244540,nm5260611
tt10244578,nm3994908
tt10244866,nm1939622
tt10244902,nm1939622
tt10244920,nm3801003
tt10244948,nm10649067
tt10244950,nm3801003
tt10244970,nm3801003
tt10244976,nm1959558
tt10244984,nm1959558
tt10244986,nm1959558
tt10244990,nm1959558
tt10244996,nm1959558
tt10244998,nm1959558
tt10245004,nm1959558
tt10245008,nm1959558
tt10245010,nm1959558
tt10245012,nm10649077
tt10245014,nm1959558
tt10245022,nm3801003
tt10245062,nm10473592
tt10245064,nm6296108
tt10245074,nm1699727
tt10245080,nm1699727
tt10245082,nm1699727
tt10245084,nm7754260
tt10245086,nm1628221
tt10245088,nm1628221
tt10245090,nm1628221
tt10245092,nm1628221
tt10245094,nm1628221
tt10245096,nm1628221
tt10245098,nm1628221
tt10245100,nm9091055
tt10245104,nm9091055
tt10245108,nm9091055
tt10245110,nm9091055
tt10245112,nm9091055
tt10245116,nm9091055
tt10245280,nm1181727
tt10245300,nm7364971
tt10245454,nm10473592
tt10245620,nm9433680
tt10245690,nm7581767
tt10245698,nm7581767
tt10245706,nm7581767
tt10245710,nm7581767
tt10245714,nm7581767
tt10245720,nm7581767
tt10245782,nm9776749
tt10245818,nm10649476
tt10245888,nm4390042
tt10245888,nm8123635
tt10245890,nm4730328
tt10245946,nm10649558
tt10246024,nm10649676
tt10246034,nm0827899
tt10246038,nm10482463
tt10246048,nm1118439
tt10246048,nm1968964
tt10246048,nm3034979
tt10246212,nm7168913
tt10246248,nm0818912
tt10246250,nm0818912
tt10246252,nm0818912
tt10246254,nm0818912
tt10246256,nm0818912
tt10246278,nm5625770
tt10246372,nm3406168
tt10246472,nm8199532
tt10246508,nm4423198
tt10246780,nm3058370
tt10246780,nm7450287
tt10246784,nm3058370
tt10246784,nm7450287
tt10246786,nm3058370
tt10246786,nm7450287
tt10246790,nm3058370
tt10246790,nm7450287
tt10246792,nm3058370
tt10246792,nm7450287
tt10246796,nm6497085
tt10246798,nm3058370
tt10246798,nm7450287
tt10246802,nm3058370
tt10246802,nm7450287
tt10246804,nm3058370
tt10246804,nm7450287
tt10246810,nm3058370
tt10246810,nm7450287
tt10246820,nm3058370
tt10246820,nm7450287
tt10246822,nm3058370
tt10246822,nm7450287
tt10246824,nm3058370
tt10246824,nm7450287
tt10246826,nm3058370
tt10246826,nm7450287
tt10246828,nm3058370
tt10246828,nm7450287
tt10246830,nm3058370
tt10246830,nm7450287
tt10246832,nm3058370
tt10246832,nm7450287
tt10246838,nm3058370
tt10246838,nm7450287
tt10246840,nm3058370
tt10246840,nm7450287
tt10246842,nm3058370
tt10246842,nm7450287
tt10246844,nm3058370
tt10246844,nm7450287
tt10246878,nm10028276
tt10247140,nm1865788
tt10247142,nm1865788
tt10247144,nm1865788
tt10247148,nm1865788
tt10247150,nm1865788
tt10247152,nm1865788
tt10247156,nm1865788
tt10247158,nm1865788
tt10247162,nm1865788
tt10247164,nm1865788
tt10247166,nm1865788
tt10247170,nm1865788
tt10247172,nm1865788
tt10247174,nm1865788
tt10247176,nm1865788
tt10247178,nm1865788
tt10247182,nm1865788
tt10247184,nm1865788
tt10247186,nm1865788
tt10247188,nm1865788
tt10247896,nm8423400
tt10247934,nm2142535
tt10248340,nm8316605
tt10248378,nm8316605
tt1024855,nm1654324
tt10248618,nm10110016
tt10248618,nm2129968
tt10248620,nm10110016
tt10248620,nm2129968
tt10248622,nm10110016
tt10248622,nm2129968
tt10248624,nm10110016
tt10248624,nm2129968
tt10248630,nm10110016
tt10248630,nm2129968
tt10248632,nm10110016
tt10248632,nm2129968
tt10248634,nm10110016
tt10248634,nm2129968
tt10248636,nm10110016
tt10248636,nm2129968
tt10248638,nm10110016
tt10248638,nm2129968
tt10248640,nm10110016
tt10248640,nm2129968
tt10248644,nm10110016
tt10248644,nm2129968
tt10248646,nm10110016
tt10248646,nm2129968
tt10248648,nm10110016
tt10248648,nm2129968
tt10248652,nm10110016
tt10248652,nm2129968
tt10248660,nm10110016
tt10248660,nm2129968
tt10248666,nm10110016
tt10248666,nm2129968
tt10248670,nm10110016
tt10248670,nm2129968
tt10248674,nm10110016
tt10248674,nm2129968
tt10248678,nm10110016
tt10248678,nm2129968
tt10248680,nm3513211
tt10248682,nm10110016
tt10248682,nm2129968
tt10248688,nm10110016
tt10248688,nm2129968
tt10248746,nm10558506
tt10248760,nm0654458
tt10248788,nm1045907
tt10249014,nm11532763
tt10249024,nm3022658
tt10249026,nm3022658
tt10249028,nm3022658
tt10249030,nm3022658
tt10249032,nm3022658
tt10249034,nm11532763
tt10249038,nm3022658
tt10249040,nm3022658
tt10249042,nm3022658
tt10249044,nm3022658
tt10249046,nm3022658
tt10249048,nm3022658
tt10249050,nm3022658
tt10249052,nm3022658
tt10249054,nm3022658
tt10249056,nm3022658
tt10249058,nm3022658
tt10249060,nm3022658
tt10249062,nm3022658
tt10249064,nm3022658
tt10249068,nm3022658
tt10249070,nm11532763
tt10249078,nm11532763
tt10249102,nm8964523
tt10249124,nm10650588
tt10249166,nm10028276
tt10249174,nm10650607
tt10249178,nm10028276
tt10249186,nm9883859
tt10249404,nm8431337
tt10249448,nm4506985
tt10249470,nm7067676
tt10249496,nm10647442
tt10249500,nm1593758
tt10249524,nm10057594
tt10249556,nm2594913
tt10249556,nm2598301
tt10249564,nm2594913
tt10249564,nm2598301
tt10249566,nm2594913
tt10249566,nm2598301
tt10249572,nm2594913
tt10249572,nm2598301
tt10249576,nm2594913
tt10249586,nm3793666
tt10249634,nm6175959
tt10249664,nm10650926
tt10249680,nm10646437
tt10249688,nm10121445
tt10249694,nm0282526
tt10249694,nm0673427
tt10249708,nm7196043
tt10249724,nm7196043
tt10249752,nm10651053
tt10249758,nm10121445
tt10249782,nm3906410
tt10249800,nm0803761
tt10249814,nm10121445
tt10249854,nm7196043
tt10249938,nm1672066
tt10249948,nm10046918
tt10250028,nm3022658
tt10250030,nm3022658
tt10250032,nm3022658
tt10250034,nm3022658
tt10250036,nm3022658
tt10250042,nm3022658
tt10250044,nm3022658
tt10250046,nm3022658
tt10250048,nm3022658
tt10250050,nm3022658
tt10250052,nm3022658
tt10250056,nm3022658
tt10250060,nm3022658
tt10250062,nm3022658
tt10250064,nm3022658
tt10250066,nm3022658
tt10250068,nm3022658
tt10250072,nm3022658
tt10250076,nm3022658
tt10250078,nm3022658
tt10250084,nm10646435
tt10250084,nm7424588
tt10250316,nm2768610
tt10250346,nm1127420
tt10250412,nm10651320
tt10250464,nm5699365
tt10250492,nm2807819
tt10250578,nm1275128
tt10250582,nm8822881
tt10250616,nm5028314
tt10250704,nm9267568
tt10250726,nm1127420
tt10250728,nm1127420
tt10250730,nm1127420
tt10250732,nm1127420
tt10250734,nm1127420
tt10250736,nm1127420
tt10250738,nm1127420
tt10250740,nm1127420
tt10250742,nm5162874
tt10250772,nm6950637
tt10250826,nm10651708
tt10250866,nm10651751
tt10250876,nm7400467
tt10250876,nm7400468
tt10250996,nm5128452
tt10251032,nm10628351
tt10251118,nm6296108
tt10251136,nm5345796
tt10251178,nm4875778
tt10251192,nm4368379
tt10251192,nm6347526
tt10251220,nm7737031
tt10251246,nm0367889
tt10251250,nm0367889
tt10251254,nm0643653
tt10251260,nm1558496
tt10251262,nm0643653
tt10251268,nm0643653
tt10251276,nm6296108
tt10251306,nm0647718
tt10251310,nm0367889
tt10251320,nm0367889
tt10251328,nm0266605
tt10251332,nm4175946
tt10251336,nm0266605
tt10251346,nm0647718
tt10251398,nm1558496
tt10251556,nm10608993
tt10251750,nm9261937
tt10251792,nm10652146
tt10251796,nm10501159
tt10251810,nm1524964
tt10251810,nm2990372
tt10251830,nm10652146
tt10251874,nm10110016
tt10251874,nm2129968
tt10251894,nm3793666
tt10251896,nm3793666
tt10251898,nm10652152
tt10251900,nm3793666
tt10251904,nm10110016
tt10251904,nm2129968
tt10251908,nm10110016
tt10251908,nm2129968
tt10251910,nm3793666
tt10251912,nm10110016
tt10251912,nm2129968
tt10251914,nm10110016
tt10251914,nm2129968
tt10251916,nm10110016
tt10251916,nm2129968
tt10251918,nm3793666
tt10251920,nm10110016
tt10251920,nm2129968
tt10251922,nm10110016
tt10251922,nm2129968
tt10251924,nm10110016
tt10251924,nm2129968
tt10251926,nm3793666
tt10251928,nm10110016
tt10251928,nm2129968
tt10251930,nm3793666
tt10251932,nm10110016
tt10251932,nm2129968
tt10251934,nm10110016
tt10251934,nm2129968
tt10251936,nm10110016
tt10251936,nm2129968
tt10251938,nm10110016
tt10251938,nm2129968
tt10251940,nm10110016
tt10251940,nm2129968
tt10251942,nm3793666
tt10251944,nm10110016
tt10251944,nm2129968
tt10251946,nm10110016
tt10251946,nm2129968
tt10251948,nm3793666
tt10251950,nm10110016
tt10251950,nm2129968
tt10251954,nm10110016
tt10251954,nm2129968
tt10251956,nm3793666
tt10251958,nm10110016
tt10251958,nm2129968
tt10252010,nm6235717
tt10252064,nm10652213
tt10252112,nm6413752
tt10252112,nm8815041
tt10252302,nm0266605
tt10252338,nm0367889
tt10252350,nm0367889
tt10252356,nm0367889
tt10252376,nm2763383
tt10252402,nm2763383
tt10252424,nm2763383
tt10252452,nm7700694
tt10252588,nm10652297
tt10252628,nm8512340
tt10253014,nm6749926
tt10253196,nm7067676
tt10253252,nm1865788
tt10253254,nm1865788
tt10253256,nm1865788
tt10253258,nm1865788
tt10253260,nm1865788
tt10253262,nm1865788
tt10253264,nm1865788
tt10253266,nm1865788
tt10253268,nm1865788
tt10253270,nm1865788
tt10253272,nm1865788
tt10253276,nm1865788
tt10253278,nm1865788
tt10253280,nm1865788
tt10253282,nm1865788
tt10253284,nm1865788
tt10253286,nm1865788
tt10253288,nm1865788
tt10253290,nm1865788
tt10253292,nm1865788
tt10253306,nm8738160
tt10253454,nm10652460
tt10253526,nm6413752
tt10253526,nm8815041
tt10253546,nm0266605
tt10253548,nm9822877
tt10253552,nm6413752
tt10253552,nm8815041
tt10253554,nm0266605
tt10253566,nm0266605
tt10253584,nm0367889
tt10253596,nm0367889
tt10253610,nm0367889
tt10253614,nm9170167
tt10253622,nm6413752
tt10253622,nm8815041
tt10253636,nm0266605
tt10253670,nm3058370
tt10253670,nm7450287
tt10253672,nm3058370
tt10253672,nm7450287
tt10253676,nm6413752
tt10253676,nm8815041
tt10253678,nm3058370
tt10253678,nm7450287
tt10253680,nm3058370
tt10253680,nm7450287
tt10253682,nm3058370
tt10253682,nm7450287
tt10253684,nm3058370
tt10253684,nm7450287
tt10253686,nm3058370
tt10253686,nm7450287
tt10253688,nm3058370
tt10253688,nm7450287
tt10253690,nm3058370
tt10253690,nm7450287
tt10253694,nm3058370
tt10253694,nm7450287
tt10253696,nm3058370
tt10253696,nm7450287
tt10253698,nm3058370
tt10253698,nm7450287
tt10253700,nm3058370
tt10253700,nm7450287
tt10253702,nm3058370
tt10253702,nm7450287
tt10253704,nm3058370
tt10253704,nm7450287
tt10253706,nm3058370
tt10253706,nm7450287
tt10253708,nm3058370
tt10253708,nm7450287
tt10253710,nm3058370
tt10253710,nm7450287
tt10253712,nm3058370
tt10253712,nm7450287
tt10253714,nm3058370
tt10253714,nm7450287
tt10253718,nm6413752
tt10253718,nm8815041
tt10253812,nm6413752
tt10253812,nm8815041
tt10253876,nm9170167
tt10253878,nm10652511
tt10253878,nm3168880
tt10253918,nm10652525
tt10254048,nm10650185
tt10254082,nm10650185
tt10254154,nm10600305
tt10254154,nm10600447
tt10254166,nm10580949
tt10254168,nm10374390
tt10254168,nm6168641
tt10254168,nm6168642
tt10254202,nm4570803
tt10254208,nm10652782
tt10254208,nm6440150
tt10254256,nm0740013
tt10254256,nm1427433
tt10254266,nm0740013
tt10254266,nm1427433
tt10254268,nm0740013
tt10254268,nm1427433
tt10254272,nm0740013
tt10254272,nm1427433
tt10254274,nm0740013
tt10254274,nm1427433
tt10254280,nm0740013
tt10254280,nm1427433
tt10254282,nm0740013
tt10254282,nm1427433
tt10254288,nm1948237
tt10254290,nm1948237
tt10254296,nm1948237
tt10254298,nm1948237
tt10254302,nm1948237
tt10254306,nm1948237
tt10254308,nm1948237
tt10254310,nm1948237
tt10254312,nm1948237
tt10254318,nm1948237
tt10254350,nm5385537
tt10254352,nm10652815
tt10254428,nm10501162
tt10254446,nm10652891
tt10254462,nm10646444
tt10254464,nm1674071
tt10254464,nm2266450
tt10254536,nm6947224
tt10254566,nm5385537
tt10254588,nm5385537
tt10254612,nm5385537
tt10254614,nm10653000
tt10254620,nm5385537
tt10254658,nm10653041
tt10254696,nm2567566
tt10254710,nm10653065
tt10254784,nm0246360
tt10254864,nm1387129
tt10254886,nm10653169
tt10254896,nm5549039
tt10254898,nm1637921
tt10254898,nm2369755
tt10254906,nm1623991
tt10254946,nm1623991
tt10254954,nm1623991
tt10254984,nm1623991
tt10254984,nm9873789
tt10254992,nm1623991
tt10255044,nm0740013
tt10255044,nm1427433
tt10255048,nm0740013
tt10255048,nm1427433
tt10255050,nm0740013
tt10255050,nm1427433
tt10255054,nm0740013
tt10255054,nm1427433
tt10255056,nm0740013
tt10255056,nm1427433
tt10255060,nm0740013
tt10255060,nm1427433
tt10255062,nm0740013
tt10255062,nm1427433
tt10255166,nm6947224
tt10255168,nm6947224
tt10255170,nm0911011
tt10255172,nm6947224
tt10255174,nm6947224
tt10255176,nm6947224
tt10255182,nm6947224
tt10255196,nm6947224
tt10255230,nm6947224
tt10255232,nm6947224
tt10255444,nm10290315
tt10255444,nm10340998
tt10255450,nm10653493
tt10255456,nm3358108
tt10255464,nm7242786
tt10255488,nm1121649
tt10255592,nm7259732
tt10255666,nm11752741
tt10255688,nm10653686
tt10255692,nm1974852
tt10255698,nm1121649
tt10255700,nm10653695
tt10255706,nm7399043
tt10255724,nm5496829
tt10255738,nm10641467
tt10255742,nm7399043
tt10255756,nm7399043
tt10255772,nm7399043
tt10255804,nm7318337
tt10255812,nm10653269
tt10255816,nm3316685
tt10255834,nm1936500
tt10255874,nm3290082
tt10255874,nm5842157
tt10255880,nm4312759
tt10255896,nm10653782
tt10255926,nm10653839
tt10255966,nm10653862
tt10255968,nm10653735
tt10255978,nm10653866
tt10255986,nm3812838
tt10256018,nm5396018
tt10256024,nm10653735
tt10256036,nm10653735
tt10256052,nm10653967
tt10256060,nm5446623
tt10256084,nm9393305
tt10256086,nm8500462
tt10256088,nm3176551
tt10256132,nm10651699
tt10256176,nm5184801
tt10256180,nm5184801
tt10256190,nm9914877
tt10256200,nm5184801
tt10256246,nm6380914
tt10256260,nm10654095
tt10256282,nm10654107
tt10256392,nm0209379
tt10256396,nm0950822
tt10256464,nm0861267
tt10256464,nm10571237
tt10256464,nm7329048
tt10256464,nm7329051
tt10256464,nm9529323
tt10256478,nm1049912
tt10256482,nm7720853
tt10256530,nm4470971
tt10256530,nm8855227
tt10256576,nm6629752
tt10256590,nm10654377
tt10256590,nm1181567
tt10256590,nm5641705
tt10256650,nm10330696
tt10256750,nm10132748
tt10256750,nm7517221
tt10256776,nm10653959
tt10256778,nm6296108
tt10256798,nm10298782
tt10256810,nm8269369
tt10256898,nm9120459
tt10257000,nm0774031
tt10257002,nm2553357
tt10257028,nm10654634
tt10257226,nm8738152
tt10257252,nm10654764
tt10257376,nm9901821
tt10257398,nm2895343
tt10257414,nm10643850
tt10257546,nm2357165
tt10257730,nm3454039
tt10257776,nm3058370
tt10257776,nm7450287
tt10257778,nm3058370
tt10257778,nm7450287
tt10257780,nm3058370
tt10257780,nm7450287
tt10257782,nm3058370
tt10257782,nm7450287
tt10257784,nm3058370
tt10257784,nm7450287
tt10257786,nm3058370
tt10257786,nm7450287
tt10257790,nm3058370
tt10257790,nm7450287
tt10257792,nm3058370
tt10257792,nm7450287
tt10257794,nm3058370
tt10257794,nm7450287
tt10257796,nm3058370
tt10257796,nm7450287
tt10257798,nm3058370
tt10257798,nm7450287
tt10257800,nm3058370
tt10257800,nm7450287
tt10257802,nm3058370
tt10257802,nm7450287
tt10257804,nm3058370
tt10257804,nm7450287
tt10257808,nm3058370
tt10257808,nm7450287
tt10257810,nm3058370
tt10257810,nm7450287
tt10257812,nm3058370
tt10257812,nm7450287
tt10257814,nm3058370
tt10257814,nm7450287
tt10257816,nm3058370
tt10257816,nm7450287
tt10257818,nm3058370
tt10257818,nm7450287
tt10257824,nm1066081
tt10257824,nm7195251
tt10257872,nm4228683
tt10257884,nm6947224
tt10257970,nm10654966
tt10257986,nm2309691
tt10258086,nm1865788
tt10258088,nm1865788
tt10258090,nm1865788
tt10258092,nm1865788
tt10258094,nm1865788
tt10258096,nm1865788
tt10258098,nm1865788
tt10258100,nm1865788
tt10258102,nm4847214
tt10258104,nm1865788
tt10258106,nm1865788
tt10258108,nm1865788
tt10258110,nm1865788
tt10258112,nm1865788
tt10258114,nm1865788
tt10258116,nm1865788
tt10258118,nm1865788
tt10258120,nm1865788
tt10258122,nm1865788
tt10258124,nm1865788
tt10258128,nm1865788
tt10258130,nm1865788
tt10258132,nm1865788
tt10258136,nm1865788
tt10258140,nm1865788
tt10258142,nm1865788
tt10258144,nm1865788
tt10258146,nm1865788
tt10258148,nm1865788
tt10258150,nm1865788
tt10258154,nm1865788
tt10258236,nm0740013
tt10258236,nm1427433
tt10258244,nm0740013
tt10258244,nm1427433
tt10258248,nm0740013
tt10258248,nm1427433
tt10258256,nm0740013
tt10258256,nm1427433
tt10258260,nm0740013
tt10258260,nm1427433
tt10258264,nm0740013
tt10258264,nm1427433
tt10258270,nm0740013
tt10258270,nm1427433
tt10258284,nm0740013
tt10258284,nm1427433
tt10258302,nm5854424
tt10258478,nm7242786
tt10258788,nm10655121
tt10258886,nm10652521
tt10258992,nm8344931
tt10259062,nm2202163
tt10259102,nm10649783
tt10259120,nm10649783
tt10259138,nm10649783
tt10259148,nm10649783
tt10259230,nm10655227
tt10259230,nm8933953
tt10259536,nm10110016
tt10259536,nm2129968
tt10259538,nm10110016
tt10259538,nm2129968
tt10259540,nm10110016
tt10259540,nm2129968
tt10259542,nm10110016
tt10259542,nm2129968
tt10259546,nm10110016
tt10259546,nm2129968
tt10259548,nm10110016
tt10259548,nm2129968
tt10259554,nm10110016
tt10259554,nm2129968
tt10259556,nm10110016
tt10259556,nm2129968
tt10259558,nm10110016
tt10259558,nm2129968
tt10259560,nm10110016
tt10259560,nm2129968
tt10259562,nm10110016
tt10259562,nm2129968
tt10259566,nm10110016
tt10259566,nm2129968
tt10259570,nm10110016
tt10259570,nm2129968
tt10259572,nm10110016
tt10259572,nm2129968
tt10259574,nm10110016
tt10259574,nm2129968
tt10259580,nm10110016
tt10259580,nm2129968
tt10259582,nm10110016
tt10259582,nm2129968
tt10259584,nm10110016
tt10259584,nm2129968
tt10259586,nm10110016
tt10259586,nm2129968
tt10259590,nm10110016
tt10259590,nm2129968
tt10259592,nm10110016
tt10259592,nm2129968
tt10259596,nm10110016
tt10259596,nm2129968
tt10259598,nm10110016
tt10259598,nm2129968
tt10259600,nm10110016
tt10259600,nm2129968
tt10259602,nm10110016
tt10259602,nm2129968
tt10259604,nm10110016
tt10259604,nm2129968
tt10259606,nm10110016
tt10259606,nm2129968
tt10259610,nm10110016
tt10259610,nm2129968
tt10259612,nm10110016
tt10259612,nm2129968
tt10259620,nm2944514
tt10259620,nm8920840
tt10259632,nm10366686
tt10259880,nm3022658
tt10259882,nm3022658
tt10259884,nm3022658
tt10259886,nm3022658
tt10259890,nm3022658
tt10259892,nm3022658
tt10259894,nm3022658
tt10259896,nm3022658
tt10259900,nm3022658
tt10259902,nm3022658
tt10259906,nm3022658
tt10259908,nm3022658
tt10259914,nm3022658
tt10259916,nm3022658
tt10259920,nm3022658
tt10259996,nm1674071
tt10259996,nm2266450
tt10260108,nm7620471
tt10260142,nm8536245
tt10260168,nm1045908
tt10260216,nm5399415
tt10260320,nm3358108
tt10260334,nm5399415
tt10260392,nm9392746
tt10260530,nm10478522
tt10260530,nm10653998
tt10260608,nm3290082
tt10260608,nm5842157
tt10260610,nm3290082
tt10260610,nm5842157
tt10260614,nm3290082
tt10260614,nm5842157
tt10260616,nm3290082
tt10260616,nm5842157
tt10260640,nm7424586
tt10260642,nm2183912
tt10260650,nm3526418
tt10260652,nm2183912
tt10260696,nm10473592
tt10260708,nm12604647
tt10260716,nm3864732
tt10260738,nm1991527
tt10260750,nm2258172
tt10260754,nm1991527
tt10260760,nm13567764
tt10260786,nm1991527
tt10260818,nm1991527
tt10260820,nm13567764
tt10260840,nm1991527
tt10260848,nm1045907
tt10260852,nm3492426
tt10260858,nm10235467
tt10260870,nm1991527
tt10260882,nm1991527
tt10260912,nm3492426
tt10260930,nm4832197
tt10260938,nm1486591
tt10260948,nm1991527
tt10260964,nm2274951
tt10260964,nm6742692
tt10260992,nm7347037
tt10261010,nm8743496
tt10261010,nm9227050
tt10261028,nm8425172
tt10261054,nm4644166
tt10261212,nm10656068
tt10261216,nm4791082
tt10261222,nm4791082
tt10261232,nm4791082
tt10261236,nm4791082
tt10261238,nm4791082
tt10261326,nm8943490
tt10261464,nm3026923
tt10261476,nm9947244
tt10261514,nm10656325
tt10261552,nm10633252
tt10261606,nm9947244
tt10261644,nm10473592
tt10261666,nm5184801
tt10261688,nm3976393
tt10261704,nm4546467
tt10261750,nm10656442
tt10261776,nm10656458
tt10261878,nm3817940
tt10261938,nm5184801
tt10261970,nm3976393
tt10261982,nm3976393
tt10261996,nm3976393
tt10262016,nm3358108
tt10262034,nm10656597
tt10262036,nm5184801
tt10262038,nm5184801
tt10262040,nm5184801
tt10262078,nm3837878
tt10262078,nm4383056
tt10262088,nm5184801
tt10262090,nm5184801
tt10262092,nm5184801
tt10262126,nm5184801
tt10262134,nm4138241
tt10262152,nm10654095
tt10262152,nm2661339
tt10262176,nm5184801
tt10262180,nm5184801
tt10262184,nm8536245
tt10262192,nm6637441
tt10262240,nm4364952
tt10262276,nm10656829
tt10262288,nm13438526
tt10262314,nm8123635
tt10262344,nm6938757
tt10262418,nm6938757
tt10262454,nm1120560
tt10262470,nm8775119
tt10262490,nm10436791
tt10262510,nm4832407
tt10262518,nm2147182
tt10262532,nm10656597
tt10262534,nm10656597
tt10262536,nm10656597
tt10262538,nm10656597
tt10262594,nm8068900
tt10262646,nm6541923
tt10262760,nm5972429
tt10262806,nm8614840
tt10262940,nm5151254
tt10262990,nm1659751
tt10263026,nm3060049
tt10263034,nm1948237
tt10263036,nm1948237
tt10263038,nm1948237
tt10263044,nm1948237
tt10263056,nm1948237
tt10263078,nm10657238
tt10263162,nm0740013
tt10263162,nm1427433
tt10263164,nm0740013
tt10263164,nm1427433
tt10263168,nm0740013
tt10263168,nm1427433
tt10263170,nm0740013
tt10263170,nm1427433
tt10263172,nm0740013
tt10263172,nm1427433
tt10263174,nm0740013
tt10263174,nm1427433
tt10263176,nm0740013
tt10263176,nm1427433
tt10263182,nm10657337
tt10263210,nm1263747
tt10263270,nm0620155
tt10263272,nm9967966
tt10263290,nm8562729
tt10263420,nm8993178
tt10263546,nm6828924
tt10263740,nm10657925
tt10264074,nm6334204
tt10264088,nm9281401
tt10264092,nm4271649
tt10264222,nm5125300
tt10264222,nm7468097
tt10264328,nm10658250
tt10264332,nm0309116
tt10264332,nm1270012
tt10264332,nm1709235
tt10264332,nm3766785
tt10264332,nm3868826
tt10264332,nm4038772
tt10264346,nm0309116
tt10264346,nm1270012
tt10264346,nm1709235
tt10264346,nm3766785
tt10264346,nm3868826
tt10264346,nm4038772
tt10264352,nm10657942
tt10264362,nm0309116
tt10264362,nm1270012
tt10264362,nm1709235
tt10264362,nm3766785
tt10264362,nm3868826
tt10264362,nm4038772
tt10264382,nm5005952
tt10264384,nm0309116
tt10264384,nm1270012
tt10264384,nm1709235
tt10264384,nm3766785
tt10264384,nm3868826
tt10264384,nm4038772
tt10264406,nm0309116
tt10264406,nm1270012
tt10264406,nm1709235
tt10264406,nm3766785
tt10264406,nm3868826
tt10264406,nm4038772
tt10264410,nm10658309
tt10264414,nm0309116
tt10264414,nm1270012
tt10264414,nm1709235
tt10264414,nm3766785
tt10264414,nm3868826
tt10264414,nm4038772
tt10264422,nm3952888
tt10264428,nm0309116
tt10264428,nm0466833
tt10264428,nm1270012
tt10264428,nm1709235
tt10264428,nm3868826
tt10264428,nm4038772
tt10264438,nm0309116
tt10264438,nm0466833
tt10264438,nm1270012
tt10264438,nm1709235
tt10264438,nm3868826
tt10264438,nm4038772
tt10264450,nm0309116
tt10264450,nm0466833
tt10264450,nm1270012
tt10264450,nm1709235
tt10264450,nm3868826
tt10264450,nm4038772
tt10264458,nm0309116
tt10264458,nm0466833
tt10264458,nm1270012
tt10264458,nm1709235
tt10264458,nm3868826
tt10264458,nm4038772
tt10264470,nm0309116
tt10264470,nm0466833
tt10264470,nm1270012
tt10264470,nm1709235
tt10264470,nm3868826
tt10264470,nm4038772
tt10264562,nm6972547
tt10264598,nm10658433
tt10264600,nm9707410
tt10264736,nm5201730
tt10264744,nm5201730
tt10264750,nm5201730
tt10264758,nm5201730
tt10264764,nm5201730
tt10264788,nm3870406
tt10264882,nm5201730
tt10264894,nm3358108
tt10264900,nm5201730
tt10264906,nm5201730
tt10264910,nm5201730
tt10264916,nm5201730
tt10264918,nm5201730
tt10264922,nm5201730
tt10264926,nm5201730
tt10264932,nm5201730
tt10264934,nm3358108
tt10264946,nm5201730
tt10264952,nm5201730
tt10264954,nm10374390
tt10264954,nm6168641
tt10264954,nm6168642
tt10264962,nm1948237
tt10264964,nm1948237
tt10264966,nm1948237
tt10264970,nm1948237
tt10264972,nm1948237
tt10265026,nm5201730
tt10265038,nm5201730
tt10265048,nm5201730
tt10265054,nm5201730
tt10265146,nm2932996
tt10265146,nm7658025
tt10265176,nm10658891
tt10265292,nm10654764
tt10265316,nm10654764
tt10265340,nm10654764
tt10265346,nm0236345
tt10265396,nm6092115
tt10265414,nm10659038
tt10265432,nm10217526
tt10265458,nm4841845
tt10265596,nm8555144
tt10265616,nm4091239
tt10265742,nm10659273
tt10265748,nm4943911
tt10265756,nm10659286
tt10265808,nm4341096
tt10265830,nm9145734
tt10265842,nm9145734
tt10265854,nm10654764
tt10265890,nm10659364
tt10265932,nm3781943
tt10265992,nm10659461
tt10266148,nm2087941
tt10266178,nm3899646
tt10266180,nm3899646
tt10266184,nm3899646
tt10266186,nm3899646
tt10266188,nm3899646
tt10266248,nm1352096
tt10266316,nm6416436
tt10266316,nm6639561
tt10266330,nm1860625
tt10266332,nm6416436
tt10266332,nm6639561
tt10266348,nm10654130
tt10266356,nm6416436
tt10266356,nm6639561
tt10266378,nm6416436
tt10266378,nm6639561
tt10266410,nm6416436
tt10266410,nm6639561
tt10266422,nm10659600
tt10266424,nm6416436
tt10266424,nm6639561
tt10266442,nm5974300
tt10266470,nm6416436
tt10266470,nm6639561
tt10266500,nm10359658
tt10266508,nm8093244
tt10266594,nm9570235
tt10266610,nm6416436
tt10266610,nm6639561
tt10266628,nm6416436
tt10266628,nm6639561
tt10266660,nm10660097
tt10266666,nm10660095
tt10266666,nm10660096
tt10266668,nm6416436
tt10266668,nm6639561
tt10266678,nm6416436
tt10266678,nm6639561
tt10266700,nm6416436
tt10266700,nm6639561
tt10266736,nm6416436
tt10266736,nm6639561
tt10266772,nm6416436
tt10266772,nm6639561
tt10266796,nm6416436
tt10266796,nm6639561
tt10266810,nm5413694
tt10266834,nm6416436
tt10266834,nm6639561
tt10266866,nm6416436
tt10266866,nm6639561
tt10266870,nm3662756
tt10266924,nm6416436
tt10266924,nm6639561
tt10266980,nm6416436
tt10266980,nm6639561
tt10266992,nm10659935
tt10267024,nm2752409
tt10267028,nm6416436
tt10267028,nm6639561
tt10267050,nm1714007
tt10267066,nm10659963
tt10267080,nm2432327
tt10267096,nm6416436
tt10267096,nm6639561
tt10267132,nm3330713
tt10267132,nm4879374
tt10267168,nm6416436
tt10267168,nm6639561
tt10267244,nm6416436
tt10267244,nm6639561
tt10267252,nm10660079
tt10267298,nm1136398
tt10267298,nm4359726
tt10267370,nm7210212
tt10267376,nm6416436
tt10267376,nm6639561
tt10267390,nm8775118
tt10267414,nm10651509
tt10267424,nm10660150
tt10267434,nm6416436
tt10267434,nm6639561
tt10267466,nm6416436
tt10267466,nm6639561
tt10267480,nm3365624
tt10267480,nm4323446
tt10267480,nm4351393
tt10267480,nm5387351
tt10267480,nm5471356
tt10267480,nm5646349
tt10267480,nm5958729
tt10267480,nm6169193
tt10267480,nm6212296
tt10267480,nm6254079
tt10267480,nm6816714
tt10267480,nm6816857
tt10267480,nm6894429
tt10267480,nm7066683
tt10267480,nm7414714
tt10267530,nm3840060
tt10267542,nm6416436
tt10267542,nm6639561
tt10267596,nm6416436
tt10267596,nm6639561
tt10267598,nm0646391
tt10267598,nm6183836
tt10267616,nm10660681
tt10267620,nm8775118
tt10267630,nm6416436
tt10267630,nm6639561
tt10267654,nm9177848
tt10267668,nm6622155
tt10267702,nm10660346
tt10267714,nm6416436
tt10267714,nm6639561
tt10267760,nm6416436
tt10267760,nm6639561
tt10267762,nm5775770
tt10267882,nm5775770
tt10267918,nm5775770
tt10267938,nm13061862
tt10267938,nm2435711
tt10267938,nm3188895
tt10267940,nm9024535
tt10267944,nm13061862
tt10267944,nm2435711
tt10267944,nm3188895
tt10267946,nm6622155
tt10267948,nm13061862
tt10267948,nm2435711
tt10267948,nm3188895
tt10267950,nm13061862
tt10267950,nm2435711
tt10267950,nm3188895
tt10267952,nm13061862
tt10267952,nm2435711
tt10267952,nm3188895
tt10267954,nm13061862
tt10267954,nm2435711
tt10267954,nm3188895
tt10267958,nm6622155
tt10267962,nm13061862
tt10267962,nm2435711
tt10267962,nm3188895
tt10267966,nm6622155
tt10267970,nm13061862
tt10267970,nm2435711
tt10267970,nm3188895
tt10267972,nm13061862
tt10267972,nm2435711
tt10267972,nm3188895
tt10267974,nm6622155
tt10267976,nm13061862
tt10267976,nm2435711
tt10267976,nm3188895
tt10267984,nm13061862
tt10267984,nm2435711
tt10267984,nm3188895
tt10267986,nm6622155
tt10267988,nm13061862
tt10267988,nm2435711
tt10267988,nm3188895
tt10267990,nm13061862
tt10267990,nm2435711
tt10267990,nm3188895
tt10267996,nm6622155
tt10268002,nm13061862
tt10268002,nm2435711
tt10268002,nm3188895
tt10268004,nm6622155
tt10268008,nm13061862
tt10268008,nm2435711
tt10268008,nm3188895
tt10268010,nm13061862
tt10268010,nm2435711
tt10268010,nm3188895
tt10268014,nm13061862
tt10268014,nm2435711
tt10268014,nm3188895
tt10268018,nm13061862
tt10268018,nm2435711
tt10268018,nm3188895
tt10268020,nm6622155
tt10268022,nm13061862
tt10268022,nm2435711
tt10268022,nm3188895
tt10268026,nm10660468
tt10268028,nm4802964
tt10268030,nm13061862
tt10268030,nm2435711
tt10268030,nm3188895
tt10268034,nm13061862
tt10268034,nm2435711
tt10268034,nm3188895
tt10268036,nm13061862
tt10268036,nm2435711
tt10268036,nm3188895
tt10268042,nm13061862
tt10268042,nm2435711
tt10268042,nm3188895
tt10268056,nm13061862
tt10268056,nm2435711
tt10268056,nm3188895
tt10268060,nm13061862
tt10268060,nm2435711
tt10268060,nm3188895
tt10268062,nm13061862
tt10268062,nm2435711
tt10268062,nm3188895
tt10268068,nm13061862
tt10268068,nm2435711
tt10268068,nm3188895
tt10268072,nm13061862
tt10268072,nm2435711
tt10268072,nm3188895
tt10268076,nm13061862
tt10268076,nm2435711
tt10268076,nm3188895
tt10268082,nm13061862
tt10268082,nm2435711
tt10268082,nm3188895
tt10268088,nm13061862
tt10268088,nm2435711
tt10268088,nm3188895
tt10268092,nm13061862
tt10268092,nm2435711
tt10268092,nm3188895
tt10268096,nm13061862
tt10268096,nm2435711
tt10268096,nm3188895
tt10268102,nm13061862
tt10268102,nm2435711
tt10268102,nm3188895
tt10268114,nm13061862
tt10268114,nm2435711
tt10268114,nm3188895
tt10268120,nm13061862
tt10268120,nm2435711
tt10268120,nm3188895
tt10268124,nm13061862
tt10268124,nm2435711
tt10268124,nm3188895
tt10268126,nm13061862
tt10268126,nm2435711
tt10268126,nm3188895
tt10268128,nm13061862
tt10268128,nm2435711
tt10268128,nm3188895
tt10268156,nm4769231
tt10268200,nm10660583
tt10268204,nm4959836
tt10268212,nm4959836
tt10268246,nm6759283
tt10268270,nm3322713
tt10268280,nm10170033
tt10268290,nm10652521
tt10268350,nm10660686
tt10268354,nm10660689
tt10268360,nm4044234
tt10268388,nm10660711
tt10268408,nm8196929
tt10268484,nm2160801
tt10268484,nm4041044
tt10268484,nm5967322
tt10268500,nm10654028
tt10268538,nm8775119
tt10268570,nm3926603
tt10268582,nm2387660
tt10268666,nm0000490
tt10268672,nm2387660
tt10268698,nm2358821
tt10268704,nm2387660
tt10268728,nm2387660
tt10268754,nm4463865
tt10268864,nm2387660
tt10268880,nm10661108
tt10268898,nm10661128
tt10268904,nm10473592
tt10268940,nm6448754
tt10268942,nm9054447
tt10268948,nm6448754
tt10268952,nm6448754
tt10268974,nm2387660
tt10268990,nm6448754
tt10269004,nm6448754
tt10269012,nm6448754
tt10269018,nm6448754
tt10269030,nm6448754
tt10269038,nm6448754
tt10269048,nm6448754
tt10269052,nm6448754
tt10269056,nm6448754
tt10269062,nm6448754
tt10269064,nm7250110
tt10269084,nm7250110
tt10269106,nm7789612
tt10269198,nm1948237
tt10269200,nm1948237
tt10269202,nm1948237
tt10269208,nm1948237
tt10269214,nm1948237
tt10269216,nm1948237
tt10269304,nm0028112
tt10269304,nm1334970
tt10269304,nm2629689
tt10269332,nm3022658
tt10269334,nm3022658
tt10269336,nm3022658
tt10269338,nm3022658
tt10269342,nm3022658
tt10269344,nm3022658
tt10269346,nm3022658
tt10269348,nm3022658
tt10269350,nm3022658
tt10269352,nm3022658
tt10269354,nm3022658
tt10269356,nm3022658
tt10269358,nm3022658
tt10269360,nm3022658
tt10269362,nm3022658
tt10269364,nm3022658
tt10269368,nm3022658
tt10269370,nm3022658
tt10269372,nm3022658
tt10269374,nm3022658
tt10269376,nm3022658
tt10269378,nm3022658
tt10269380,nm3022658
tt10269384,nm3022658
tt10269386,nm3022658
tt10269422,nm3799551
tt10269484,nm8816215
tt10269508,nm1057316
tt10269518,nm8816215
tt10269536,nm1523939
tt10269536,nm1586120
tt10269544,nm4693518
tt10269550,nm5529243
tt10269552,nm8816215
tt10269556,nm10441288
tt10269566,nm8816215
tt10269584,nm1908375
tt10269622,nm3799551
tt10269662,nm3799551
tt10269672,nm3799551
tt10269678,nm3799551
tt10269686,nm3799551
tt10269706,nm0702965
tt10269734,nm5161369
tt10269742,nm10526441
tt10269746,nm2734149
tt10269748,nm10152888
tt10269754,nm10661721
tt10269756,nm7178210
tt10269766,nm7560553
tt10269772,nm10658250
tt10269776,nm10658250
tt10269784,nm10658250
tt10269796,nm7178210
tt10269802,nm7178210
tt10269806,nm10441288
tt10269814,nm7178210
tt10269826,nm5888622
tt10269834,nm5888622
tt10269840,nm2452327
tt10269844,nm5888622
tt10269846,nm7178210
tt10269848,nm4183747
tt10269854,nm7178210
tt10269864,nm1686528
tt10269866,nm3457360
tt10269876,nm9434223
tt10269890,nm7320808
tt10269924,nm6416436
tt10269924,nm6639561
tt10269958,nm6416436
tt10269958,nm6639561
tt10269996,nm6208903
tt10270002,nm5360079
tt10270010,nm6416436
tt10270010,nm6639561
tt10270018,nm10540950
tt10270024,nm10540950
tt10270026,nm6416436
tt10270026,nm6639561
tt10270028,nm10662016
tt10270030,nm2734149
tt10270046,nm2734149
tt10270052,nm6416436
tt10270052,nm6639561
tt10270066,nm10540950
tt10270074,nm0893097
tt10270080,nm6416436
tt10270080,nm6639561
tt10270082,nm5511954
tt10270096,nm6416436
tt10270096,nm6639561
tt10270098,nm2529371
tt10270098,nm4511739
tt10270098,nm7280055
tt10270098,nm9562972
tt10270100,nm4263273
tt10270102,nm10540950
tt10270104,nm10662112
tt10270104,nm8775118
tt10270104,nm8775119
tt10270104,nm8775120
tt10270106,nm1166475
tt10270108,nm6416436
tt10270108,nm6639561
tt10270112,nm10540950
tt10270130,nm4928239
tt10270158,nm0893097
tt10270164,nm4263273
tt10270172,nm6416436
tt10270172,nm6639561
tt10270182,nm6416436
tt10270182,nm6639561
tt10270196,nm6416436
tt10270196,nm6639561
tt10270206,nm6416436
tt10270206,nm6639561
tt10270232,nm8775119
tt10270240,nm6416436
tt10270240,nm6639561
tt10270246,nm7087111
tt10270254,nm8775119
tt10270258,nm5184801
tt10270260,nm6416436
tt10270260,nm6639561
tt10270264,nm5184801
tt10270266,nm5184801
tt10270280,nm8775118
tt10270288,nm6416436
tt10270288,nm6639561
tt10270334,nm6416436
tt10270334,nm6639561
tt10270342,nm8899824
tt10270348,nm0039407
tt10270352,nm0039407
tt10270356,nm0039407
tt10270358,nm0039407
tt10270370,nm3838896
tt10270386,nm10152888
tt10270388,nm10530115
tt10270414,nm10152888
tt10270462,nm6416436
tt10270462,nm6639561
tt10270490,nm6416436
tt10270490,nm6639561
tt10270498,nm10152888
tt10270522,nm6416436
tt10270522,nm6639561
tt10270536,nm10152888
tt10270552,nm6416436
tt10270552,nm6639561
tt10270578,nm6416436
tt10270578,nm6639561
tt10270590,nm10152888
tt10270594,nm10905972
tt10270600,nm6416436
tt10270600,nm6639561
tt10270620,nm10152888
tt10270642,nm6416436
tt10270642,nm6639561
tt10270662,nm10152888
tt10270690,nm6416436
tt10270690,nm6639561
tt10270716,nm6416436
tt10270716,nm6639561
tt10270758,nm6416436
tt10270758,nm6639561
tt10270786,nm6416436
tt10270786,nm6639561
tt10270802,nm5798155
tt10270812,nm6416436
tt10270812,nm6639561
tt10270814,nm12665144
tt10270824,nm10611234
tt10270824,nm6755443
tt10270834,nm13690214
tt10270840,nm6416436
tt10270840,nm6639561
tt10270858,nm6416436
tt10270858,nm6639561
tt10270870,nm10660612
tt10270886,nm6416436
tt10270886,nm6639561
tt10270932,nm9512190
tt10270932,nm9626636
tt10270944,nm2316709
tt10270944,nm3004449
tt10270944,nm5618350
tt10270944,nm6129298
tt10270944,nm6308557
tt10270944,nm8056024
tt10270944,nm8517617
tt10270944,nm9225546
tt10270950,nm10625384
tt10270996,nm6416436
tt10270996,nm6639561
tt10271006,nm10377741
tt10271006,nm8932411
tt10271014,nm10658250
tt10271024,nm10658250
tt10271028,nm10658250
tt10271034,nm10658250
tt10271040,nm10658250
tt10271046,nm6416436
tt10271046,nm6639561
tt10271066,nm10727483
tt10271080,nm6416436
tt10271080,nm6639561
tt10271110,nm8598534
tt10271112,nm6416436
tt10271112,nm6639561
tt10271132,nm6416436
tt10271132,nm6639561
tt10271192,nm6416436
tt10271192,nm6639561
tt10271306,nm6416436
tt10271306,nm6639561
tt10271464,nm10660775
tt10271468,nm3562320
tt10271468,nm8487911
tt10271512,nm7415535
tt10271568,nm9393779
tt10271576,nm9393779
tt10271584,nm9393779
tt10271594,nm9393779
tt10271698,nm10660775
tt10271758,nm0205803
tt10271758,nm1651834
tt10271772,nm9393779
tt10271778,nm9393779
tt10271800,nm9393779
tt10271808,nm9393779
tt10271826,nm9393779
tt10271834,nm10662923
tt10271842,nm0797586
tt10271904,nm5603136
tt10271926,nm1948237
tt10271928,nm1948237
tt10271930,nm1948237
tt10271936,nm1948237
tt10271940,nm1948237
tt10271948,nm12176105
tt10271994,nm1805194
tt10272030,nm0853833
tt10272116,nm5709614
tt10272122,nm9021903
tt10272126,nm0138357
tt10272126,nm9021903
tt10272286,nm10994135
tt10272334,nm10994135
tt10272392,nm1865788
tt10272394,nm1865788
tt10272396,nm1865788
tt10272398,nm1865788
tt10272404,nm1865788
tt10272406,nm1865788
tt10272408,nm1865788
tt10272412,nm1865788
tt10272416,nm1865788
tt10272418,nm7902260
tt10272482,nm1335025
tt10272610,nm10556277
tt10272682,nm3058370
tt10272682,nm7450287
tt10272684,nm3058370
tt10272684,nm7450287
tt10272686,nm3058370
tt10272686,nm7450287
tt10272688,nm3058370
tt10272688,nm7450287
tt10272690,nm3058370
tt10272690,nm7450287
tt10272692,nm3058370
tt10272692,nm7450287
tt10272696,nm3058370
tt10272696,nm7450287
tt10272698,nm3058370
tt10272698,nm7450287
tt10272700,nm3058370
tt10272700,nm7450287
tt10272702,nm3058370
tt10272702,nm7450287
tt10272704,nm3058370
tt10272704,nm7450287
tt10272706,nm3058370
tt10272706,nm7450287
tt10272708,nm3058370
tt10272708,nm7450287
tt10272710,nm3058370
tt10272710,nm7450287
tt10272712,nm3058370
tt10272712,nm7450287
tt10272714,nm3058370
tt10272714,nm7450287
tt10272716,nm3058370
tt10272716,nm7450287
tt10272718,nm3058370
tt10272718,nm7450287
tt10272722,nm3058370
tt10272722,nm7450287
tt10272724,nm3058370
tt10272724,nm7450287
tt10272924,nm8869196
tt10273058,nm5436595
tt10273060,nm0038295
tt10273082,nm3266312
tt10273088,nm3266312
tt10273092,nm0028112
tt10273092,nm1334970
tt10273092,nm2629689
tt10273094,nm0028112
tt10273094,nm1334970
tt10273094,nm2629689
tt10273096,nm0028112
tt10273096,nm1334970
tt10273096,nm2629689
tt10273098,nm3266312
tt10273100,nm0028112
tt10273100,nm1334970
tt10273100,nm2629689
tt10273102,nm0028112
tt10273102,nm1334970
tt10273102,nm2629689
tt10273106,nm0028112
tt10273106,nm1334970
tt10273106,nm2629689
tt10273110,nm0028112
tt10273110,nm1334970
tt10273110,nm2629689
tt10273112,nm0028112
tt10273112,nm1334970
tt10273112,nm2629689
tt10273114,nm0028112
tt10273114,nm1334970
tt10273114,nm2629689
tt10273116,nm3266312
tt10273120,nm0028112
tt10273120,nm1334970
tt10273120,nm2629689
tt10273122,nm0028112
tt10273122,nm1334970
tt10273122,nm2629689
tt10273124,nm0028112
tt10273124,nm1334970
tt10273124,nm2629689
tt10273126,nm0028112
tt10273126,nm1334970
tt10273126,nm2629689
tt10273128,nm0028112
tt10273128,nm1334970
tt10273128,nm2629689
tt10273132,nm0028112
tt10273132,nm1334970
tt10273132,nm2629689
tt10273134,nm0028112
tt10273134,nm1334970
tt10273134,nm2629689
tt10273136,nm0028112
tt10273136,nm1334970
tt10273136,nm2629689
tt10273138,nm0028112
tt10273138,nm1334970
tt10273138,nm2629689
tt10273140,nm0028112
tt10273140,nm1334970
tt10273140,nm2629689
tt10273174,nm5436595
tt10273236,nm13187947
tt10273236,nm3899464
tt10273236,nm4979670
tt10273240,nm5436595
tt10273246,nm13187947
tt10273246,nm3899464
tt10273246,nm4979670
tt10273250,nm13187947
tt10273250,nm3899464
tt10273250,nm4979670
tt10273252,nm13187947
tt10273252,nm3899464
tt10273252,nm4979670
tt10273254,nm3339591
tt10273256,nm13187947
tt10273256,nm3899464
tt10273256,nm4979670
tt10273258,nm13187947
tt10273258,nm3899464
tt10273258,nm4979670
tt10273260,nm13187947
tt10273260,nm3899464
tt10273260,nm4979670
tt10273262,nm13187947
tt10273262,nm3899464
tt10273262,nm4979670
tt10273264,nm13187947
tt10273264,nm3899464
tt10273264,nm4979670
tt10273266,nm13187947
tt10273266,nm3899464
tt10273266,nm4979670
tt10273270,nm13187947
tt10273270,nm3899464
tt10273270,nm4979670
tt10273272,nm13187947
tt10273272,nm3899464
tt10273272,nm4979670
tt10273274,nm13187947
tt10273274,nm3899464
tt10273274,nm4979670
tt10273276,nm13187947
tt10273276,nm3899464
tt10273276,nm4979670
tt10273278,nm13187947
tt10273278,nm3899464
tt10273278,nm4979670
tt10273280,nm13187947
tt10273280,nm3899464
tt10273280,nm4979670
tt10273282,nm13187947
tt10273282,nm3899464
tt10273282,nm4979670
tt10273284,nm13187947
tt10273284,nm3899464
tt10273284,nm4979670
tt10273290,nm13187947
tt10273290,nm3899464
tt10273290,nm4979670
tt10273294,nm13187947
tt10273294,nm3899464
tt10273294,nm4979670
tt10273294,nm5921291
tt10273296,nm3266312
tt10273298,nm13187947
tt10273298,nm3899464
tt10273298,nm4979670
tt10273300,nm13187947
tt10273300,nm3899464
tt10273300,nm4979670
tt10273304,nm13187947
tt10273304,nm3899464
tt10273304,nm4979670
tt10273308,nm13187947
tt10273308,nm3899464
tt10273308,nm4979670
tt10273310,nm13187947
tt10273310,nm3899464
tt10273310,nm4979670
tt10273312,nm3266312
tt10273316,nm13187947
tt10273316,nm3899464
tt10273316,nm4979670
tt10273318,nm13187947
tt10273318,nm3899464
tt10273318,nm4979670
tt10273320,nm13187947
tt10273320,nm3899464
tt10273320,nm4979670
tt10273322,nm3266312
tt10273324,nm13187947
tt10273324,nm3899464
tt10273324,nm4979670
tt10273326,nm13187947
tt10273326,nm3899464
tt10273326,nm4979670
tt10273332,nm13187947
tt10273332,nm3899464
tt10273332,nm4979670
tt10273334,nm13187947
tt10273334,nm3899464
tt10273334,nm4979670
tt10273336,nm3266312
tt10273338,nm13187947
tt10273338,nm3899464
tt10273338,nm4979670
tt10273340,nm13187947
tt10273340,nm3899464
tt10273340,nm4979670
tt10273346,nm13187947
tt10273346,nm3899464
tt10273346,nm4979670
tt10273348,nm13187947
tt10273348,nm3899464
tt10273348,nm4979670
tt10273360,nm5436595
tt10273366,nm10663285
tt10273422,nm5436595
tt10273468,nm5436595
tt10273560,nm9272815
tt10273566,nm6726295
tt10273608,nm10663491
tt10273622,nm10663512
tt10273628,nm10663514
tt10273640,nm10662396
tt10273654,nm10663512
tt10273662,nm10663560
tt10273662,nm8543472
tt10273664,nm9533102
tt10273714,nm10663512
tt10273730,nm13187947
tt10273730,nm3899464
tt10273730,nm4979670
tt10273730,nm5921291
tt10273732,nm13187947
tt10273732,nm3899464
tt10273732,nm4979670
tt10273736,nm13187947
tt10273736,nm3899464
tt10273736,nm4979670
tt10273740,nm13187947
tt10273740,nm3899464
tt10273740,nm4979670
tt10273742,nm13187947
tt10273742,nm3899464
tt10273742,nm4979670
tt10273744,nm13187947
tt10273744,nm3899464
tt10273744,nm4979670
tt10273744,nm5921291
tt10273746,nm13187947
tt10273746,nm3899464
tt10273746,nm4979670
tt10273748,nm13187947
tt10273748,nm3899464
tt10273748,nm4979670
tt10273750,nm13187947
tt10273750,nm3899464
tt10273750,nm4979670
tt10273752,nm13187947
tt10273752,nm3899464
tt10273752,nm4979670
tt10273754,nm13187947
tt10273754,nm3899464
tt10273754,nm4979670
tt10273756,nm13187947
tt10273756,nm3899464
tt10273756,nm4979670
tt10273760,nm13187947
tt10273760,nm3899464
tt10273760,nm4979670
tt10273762,nm13187947
tt10273762,nm3899464
tt10273762,nm4979670
tt10273764,nm13187947
tt10273764,nm3899464
tt10273764,nm4979670
tt10273766,nm13187947
tt10273766,nm3899464
tt10273766,nm4979670
tt10273768,nm13187947
tt10273768,nm3899464
tt10273768,nm4979670
tt10273770,nm13187947
tt10273770,nm3899464
tt10273770,nm4979670
tt10273774,nm13187947
tt10273774,nm3899464
tt10273774,nm4979670
tt10273780,nm13187947
tt10273780,nm3899464
tt10273780,nm4979670
tt10273786,nm13187947
tt10273786,nm3899464
tt10273786,nm4979670
tt10273788,nm13187947
tt10273788,nm3899464
tt10273788,nm4979670
tt10273790,nm13187947
tt10273790,nm3899464
tt10273790,nm4979670
tt10273792,nm13187947
tt10273792,nm3899464
tt10273792,nm4979670
tt10273794,nm13187947
tt10273794,nm3899464
tt10273794,nm4979670
tt10273796,nm13187947
tt10273796,nm3899464
tt10273796,nm4979670
tt10273798,nm13187947
tt10273798,nm3899464
tt10273798,nm4979670
tt10273802,nm13187947
tt10273802,nm3899464
tt10273802,nm4979670
tt10273804,nm13187947
tt10273804,nm3899464
tt10273804,nm4979670
tt10273806,nm13187947
tt10273806,nm3899464
tt10273806,nm4979670
tt10273808,nm13187947
tt10273808,nm3899464
tt10273808,nm4979670
tt10273812,nm13187947
tt10273812,nm3899464
tt10273812,nm4979670
tt10273814,nm13187947
tt10273814,nm3899464
tt10273814,nm4979670
tt10273816,nm13187947
tt10273816,nm3899464
tt10273816,nm4979670
tt10273818,nm13187947
tt10273818,nm3899464
tt10273818,nm4979670
tt10273820,nm13187947
tt10273820,nm3899464
tt10273820,nm4979670
tt10273822,nm13187947
tt10273822,nm3899464
tt10273822,nm4979670
tt10273824,nm13187947
tt10273824,nm3899464
tt10273824,nm4979670
tt10273826,nm13187947
tt10273826,nm3899464
tt10273826,nm4979670
tt10273876,nm0309116
tt10273876,nm0466833
tt10273876,nm1270012
tt10273876,nm1709235
tt10273876,nm3868826
tt10273876,nm4038772
tt10273922,nm0028112
tt10273922,nm1334970
tt10273922,nm2629689
tt10273924,nm0028112
tt10273924,nm1334970
tt10273924,nm2629689
tt10273926,nm0028112
tt10273926,nm1334970
tt10273926,nm2629689
tt10273928,nm0028112
tt10273928,nm1334970
tt10273928,nm2629689
tt10273930,nm0028112
tt10273930,nm1334970
tt10273930,nm2629689
tt10273932,nm0028112
tt10273932,nm1334970
tt10273932,nm2629689
tt10273934,nm0028112
tt10273934,nm1334970
tt10273934,nm2629689
tt10273936,nm0028112
tt10273936,nm1334970
tt10273936,nm2629689
tt10273938,nm0028112
tt10273938,nm1334970
tt10273938,nm2629689
tt10273940,nm0028112
tt10273940,nm1334970
tt10273940,nm2629689
tt10273942,nm0028112
tt10273942,nm1334970
tt10273942,nm2629689
tt10273944,nm0028112
tt10273944,nm1334970
tt10273944,nm2629689
tt10273946,nm0028112
tt10273946,nm1334970
tt10273946,nm2629689
tt10273948,nm0028112
tt10273948,nm1334970
tt10273948,nm2629689
tt10273950,nm0028112
tt10273950,nm1334970
tt10273950,nm2629689
tt10273952,nm0028112
tt10273952,nm1334970
tt10273952,nm2629689
tt10273954,nm0028112
tt10273954,nm1334970
tt10273954,nm2629689
tt10273956,nm0028112
tt10273956,nm1334970
tt10273956,nm2629689
tt10273960,nm0028112
tt10273960,nm1334970
tt10273960,nm2629689
tt10273962,nm0309116
tt10273962,nm1270012
tt10273962,nm1709235
tt10273962,nm3868826
tt10273962,nm4038772
tt10274122,nm0309116
tt10274122,nm1270012
tt10274122,nm1709235
tt10274122,nm3868826
tt10274122,nm4038772
tt10274210,nm0309116
tt10274210,nm1270012
tt10274210,nm1709235
tt10274210,nm3868826
tt10274210,nm4038772
tt10274250,nm5436595
tt10274282,nm0309116
tt10274282,nm1270012
tt10274282,nm1709235
tt10274282,nm3868826
tt10274282,nm4038772
tt10274286,nm3058370
tt10274286,nm7450287
tt10274288,nm3058370
tt10274288,nm7450287
tt10274290,nm3058370
tt10274290,nm7450287
tt10274292,nm3058370
tt10274292,nm7450287
tt10274294,nm3058370
tt10274294,nm7450287
tt10274296,nm3058370
tt10274296,nm7450287
tt10274298,nm3058370
tt10274298,nm7450287
tt10274300,nm3058370
tt10274300,nm7450287
tt10274302,nm3058370
tt10274302,nm7450287
tt10274304,nm3058370
tt10274304,nm7450287
tt10274306,nm3058370
tt10274306,nm7450287
tt10274308,nm3058370
tt10274308,nm7450287
tt10274310,nm3058370
tt10274310,nm7450287
tt10274312,nm3058370
tt10274312,nm7450287
tt10274314,nm3058370
tt10274314,nm7450287
tt10274316,nm3058370
tt10274316,nm7450287
tt10274320,nm3058370
tt10274320,nm7450287
tt10274322,nm3058370
tt10274322,nm7450287
tt10274324,nm3058370
tt10274324,nm7450287
tt10274328,nm3058370
tt10274328,nm7450287
tt10274342,nm0309116
tt10274342,nm1270012
tt10274342,nm1709235
tt10274342,nm3868826
tt10274342,nm4038772
tt10274426,nm0309116
tt10274426,nm1270012
tt10274426,nm1709235
tt10274426,nm3868826
tt10274426,nm4038772
tt10274470,nm6391267
tt10274476,nm0309116
tt10274476,nm1270012
tt10274476,nm1709235
tt10274476,nm3868826
tt10274476,nm4038772
tt10274478,nm10663776
tt10274490,nm6391267
tt10274546,nm0309116
tt10274546,nm1270012
tt10274546,nm1709235
tt10274546,nm3868826
tt10274546,nm4038772
tt10274550,nm8775118
tt10274558,nm10474319
tt10274562,nm6391267
tt10274570,nm0309116
tt10274570,nm1270012
tt10274570,nm1709235
tt10274570,nm3868826
tt10274570,nm4038772
tt10274598,nm0677064
tt10274612,nm6982999
tt10274622,nm0309116
tt10274622,nm1270012
tt10274622,nm1709235
tt10274622,nm3868826
tt10274622,nm4038772
tt10274630,nm10663115
tt10274640,nm0309116
tt10274640,nm1270012
tt10274640,nm1709235
tt10274640,nm3868826
tt10274640,nm4038772
tt10274642,nm10517988
tt10274660,nm0669120
tt10274670,nm0309116
tt10274670,nm1270012
tt10274670,nm1709235
tt10274670,nm3868826
tt10274670,nm4038772
tt10274680,nm10663936
tt10274692,nm0309116
tt10274692,nm1270012
tt10274692,nm1709235
tt10274692,nm3868826
tt10274692,nm4038772
tt10274716,nm0309116
tt10274716,nm1270012
tt10274716,nm1709235
tt10274716,nm3868826
tt10274716,nm4038772
tt10274728,nm0309116
tt10274728,nm1270012
tt10274728,nm1709235
tt10274728,nm3868826
tt10274728,nm4038772
tt10274738,nm0309116
tt10274738,nm1270012
tt10274738,nm1709235
tt10274738,nm4038772
tt10274742,nm3333784
tt10274774,nm10664031
tt10274776,nm10664032
tt10274778,nm10513461
tt10274778,nm10664035
tt10274778,nm10664038
tt10274780,nm10664031
tt10274790,nm10664046
tt10274862,nm3533540
tt10274942,nm8685442
tt10274990,nm10664147
tt10275008,nm5471372
tt10275010,nm9024535
tt10275014,nm9024535
tt10275028,nm8685442
tt10275046,nm4996838
tt10275100,nm10193513
tt10275128,nm10664362
tt10275134,nm10664367
tt10275158,nm0309116
tt10275158,nm1270012
tt10275158,nm1709235
tt10275158,nm4038772
tt10275160,nm0309116
tt10275160,nm1270012
tt10275160,nm1709235
tt10275160,nm4038772
tt10275168,nm0309116
tt10275168,nm1270012
tt10275168,nm1709235
tt10275168,nm4038772
tt10275178,nm0309116
tt10275178,nm1270012
tt10275178,nm1709235
tt10275178,nm4038772
tt10275182,nm0309116
tt10275182,nm1270012
tt10275182,nm1709235
tt10275182,nm4038772
tt10275184,nm1476292
tt10275188,nm0309116
tt10275188,nm1270012
tt10275188,nm1709235
tt10275188,nm4038772
tt10275196,nm0309116
tt10275196,nm1270012
tt10275196,nm1709235
tt10275196,nm4038772
tt10275210,nm0309116
tt10275210,nm1270012
tt10275210,nm1709235
tt10275210,nm4038772
tt10275226,nm0309116
tt10275226,nm1270012
tt10275226,nm1709235
tt10275226,nm4038772
tt10275292,nm1436716
tt10275338,nm9630604
tt10275340,nm10421135
tt10275362,nm6583458
tt10275384,nm0038875
tt10275386,nm7363492
tt10275424,nm6074638
tt10275432,nm10664616
tt10275476,nm8059320
tt10275504,nm8454894
tt10275516,nm9469511
tt10275536,nm9909079
tt10275584,nm9619318
tt10275594,nm0773231
tt10275636,nm5030484
tt10275640,nm10356313
tt10275772,nm10664858
tt10275776,nm2032800
tt10275854,nm0516710
tt10275862,nm1317917
tt10275916,nm10540950
tt10275930,nm3456389
tt10275944,nm10540950
tt10275952,nm10540950
tt10275960,nm8182029
tt10275962,nm10540950
tt10275972,nm10540950
tt10276020,nm9214307
tt10276048,nm8640054
tt10276086,nm8295152
tt10276098,nm8009908
tt10276142,nm0187546
tt10276148,nm8001320
tt10276172,nm5798155
tt10276262,nm2056171
tt10276358,nm10665179
tt10276406,nm2056171
tt10276414,nm2056171
tt10276418,nm2056171
tt10276422,nm2056171
tt10276508,nm1699659
tt10276578,nm11611283
tt10276578,nm11611284
tt10276578,nm2734551
tt10276578,nm4556575
tt10276578,nm4751807
tt10276578,nm5604716
tt10276594,nm10655099
tt10276640,nm10665370
tt10276660,nm0309116
tt10276660,nm1270012
tt10276660,nm1709235
tt10276660,nm4038772
tt10276672,nm0309116
tt10276672,nm1270012
tt10276672,nm1709235
tt10276672,nm4038772
tt10276696,nm0309116
tt10276696,nm1270012
tt10276696,nm1709235
tt10276696,nm4038772
tt10276732,nm0309116
tt10276732,nm1270012
tt10276732,nm1709235
tt10276732,nm4038772
tt10276762,nm0915739
tt10276762,nm4774606
tt10276794,nm0309116
tt10276794,nm1270012
tt10276794,nm1709235
tt10276794,nm4038772
tt10276820,nm1865788
tt10276822,nm0309116
tt10276822,nm1270012
tt10276822,nm1709235
tt10276822,nm4038772
tt10276824,nm1865788
tt10276826,nm1865788
tt10276828,nm1865788
tt10276830,nm1865788
tt10276834,nm1865788
tt10276836,nm1865788
tt10276838,nm1865788
tt10276840,nm1865788
tt10276842,nm1865788
tt10276844,nm1865788
tt10276846,nm1865788
tt10276848,nm1865788
tt10276850,nm1865788
tt10276852,nm1865788
tt10276854,nm1865788
tt10276856,nm1865788
tt10276860,nm1865788
tt10276862,nm1865788
tt10276864,nm1865788
tt10276866,nm0309116
tt10276866,nm1270012
tt10276866,nm1709235
tt10276866,nm4038772
tt10276878,nm0309116
tt10276878,nm1270012
tt10276878,nm1709235
tt10276878,nm4038772
tt10276934,nm0309116
tt10276934,nm1270012
tt10276934,nm1709235
tt10276934,nm4038772
tt10276974,nm0309116
tt10276974,nm1270012
tt10276974,nm1709235
tt10276974,nm4038772
tt10277030,nm0309116
tt10277030,nm1270012
tt10277030,nm1709235
tt10277030,nm4038772
tt10277086,nm0309116
tt10277086,nm0466833
tt10277086,nm1270012
tt10277086,nm1709235
tt10277086,nm4038772
tt10277146,nm0309116
tt10277146,nm0466833
tt10277146,nm1270012
tt10277146,nm1709235
tt10277146,nm4038772
tt10277194,nm11555518
tt10277194,nm3266312
tt10277202,nm0309116
tt10277202,nm0466833
tt10277202,nm1270012
tt10277202,nm1709235
tt10277202,nm4038772
tt10277248,nm0309116
tt10277248,nm0466833
tt10277248,nm1270012
tt10277248,nm1709235
tt10277248,nm4038772
tt10277270,nm10665587
tt10277312,nm0309116
tt10277312,nm0466833
tt10277312,nm1270012
tt10277312,nm1709235
tt10277312,nm4038772
tt10277360,nm0309116
tt10277360,nm0466833
tt10277360,nm1270012
tt10277360,nm1709235
tt10277360,nm4038772
tt10277408,nm0309116
tt10277408,nm1270012
tt10277408,nm1709235
tt10277408,nm4038772
tt10277466,nm0309116
tt10277466,nm1270012
tt10277466,nm1709235
tt10277466,nm4038772
tt10277506,nm10665660
tt10277524,nm0309116
tt10277524,nm1270012
tt10277524,nm1709235
tt10277524,nm4038772
tt10277558,nm0309116
tt10277558,nm1270012
tt10277558,nm1709235
tt10277558,nm4038772
tt10277592,nm2862136
tt10277626,nm10612201
tt10277626,nm8238161
tt10277674,nm1764800
tt10277686,nm0309116
tt10277686,nm1270012
tt10277686,nm1709235
tt10277686,nm4038772
tt10277692,nm0028112
tt10277692,nm1334970
tt10277692,nm2629689
tt10277694,nm0028112
tt10277694,nm1334970
tt10277694,nm2629689
tt10277696,nm0028112
tt10277696,nm1334970
tt10277696,nm2629689
tt10277700,nm0028112
tt10277700,nm1334970
tt10277700,nm2629689
tt10277702,nm0028112
tt10277702,nm1334970
tt10277702,nm2629689
tt10277704,nm0028112
tt10277704,nm1334970
tt10277704,nm2629689
tt10277706,nm0028112
tt10277706,nm1334970
tt10277706,nm2629689
tt10277708,nm0028112
tt10277708,nm1334970
tt10277708,nm2629689
tt10277710,nm0028112
tt10277710,nm1334970
tt10277710,nm2629689
tt10277712,nm0028112
tt10277712,nm1334970
tt10277712,nm2629689
tt10277714,nm0028112
tt10277714,nm1334970
tt10277714,nm2629689
tt10277716,nm0309116
tt10277716,nm1270012
tt10277716,nm1709235
tt10277716,nm3766785
tt10277716,nm4038772
tt10277718,nm0028112
tt10277718,nm1334970
tt10277718,nm2629689
tt10277720,nm0028112
tt10277720,nm1334970
tt10277720,nm2629689
tt10277722,nm0028112
tt10277722,nm1334970
tt10277722,nm2629689
tt10277724,nm0028112
tt10277724,nm1334970
tt10277724,nm2629689
tt10277728,nm0028112
tt10277728,nm1334970
tt10277728,nm2629689
tt10277730,nm0028112
tt10277730,nm1334970
tt10277730,nm2629689
tt10277732,nm0028112
tt10277732,nm1334970
tt10277732,nm2629689
tt10277734,nm0028112
tt10277734,nm1334970
tt10277734,nm2629689
tt10277736,nm0028112
tt10277736,nm1334970
tt10277736,nm2629689
tt10277816,nm13187947
tt10277816,nm3899464
tt10277816,nm4979670
tt10277818,nm13187947
tt10277818,nm3899464
tt10277818,nm4979670
tt10277820,nm13187947
tt10277820,nm3899464
tt10277820,nm4979670
tt10277822,nm13187947
tt10277822,nm3899464
tt10277822,nm4979670
tt10277824,nm13187947
tt10277824,nm3899464
tt10277824,nm4979670
tt10277826,nm13187947
tt10277826,nm3899464
tt10277826,nm4979670
tt10277828,nm13187947
tt10277828,nm3899464
tt10277828,nm4979670
tt10277830,nm13187947
tt10277830,nm3899464
tt10277830,nm4979670
tt10277832,nm13187947
tt10277832,nm3899464
tt10277832,nm4979670
tt10277836,nm13187947
tt10277836,nm3899464
tt10277836,nm4979670
tt10277838,nm13187947
tt10277838,nm3899464
tt10277838,nm4979670
tt10277848,nm13187947
tt10277848,nm3899464
tt10277848,nm4979670
tt10277850,nm13187947
tt10277850,nm3899464
tt10277850,nm4979670
tt10277852,nm13187947
tt10277852,nm3899464
tt10277852,nm4979670
tt10277854,nm13187947
tt10277854,nm3899464
tt10277854,nm4979670
tt10277856,nm13187947
tt10277856,nm3899464
tt10277856,nm4979670
tt10277858,nm13187947
tt10277858,nm3899464
tt10277858,nm4979670
tt10277864,nm13187947
tt10277864,nm3899464
tt10277864,nm4979670
tt10277866,nm13187947
tt10277866,nm3899464
tt10277866,nm4979670
tt10277870,nm13187947
tt10277870,nm3899464
tt10277870,nm4979670
tt10277874,nm13187947
tt10277874,nm3899464
tt10277874,nm4979670
tt10277874,nm5921291
tt10277876,nm13187947
tt10277876,nm3899464
tt10277876,nm4979670
tt10277878,nm13187947
tt10277878,nm3899464
tt10277878,nm4979670
tt10277878,nm5921291
tt10277880,nm13187947
tt10277880,nm3899464
tt10277880,nm4979670
tt10277880,nm5921291
tt10277882,nm13187947
tt10277882,nm3899464
tt10277882,nm4979670
tt10277884,nm13187947
tt10277884,nm3899464
tt10277884,nm4979670
tt10277886,nm13187947
tt10277886,nm3899464
tt10277886,nm4979670
tt10277890,nm13187947
tt10277890,nm3899464
tt10277890,nm4979670
tt10277892,nm13187947
tt10277892,nm3899464
tt10277892,nm4979670
tt10277898,nm13187947
tt10277898,nm3899464
tt10277898,nm4979670
tt10277900,nm13187947
tt10277900,nm3899464
tt10277900,nm4979670
tt10277902,nm13187947
tt10277902,nm3899464
tt10277902,nm4979670
tt10277904,nm13187947
tt10277904,nm3899464
tt10277904,nm4979670
tt10277906,nm13187947
tt10277906,nm3899464
tt10277906,nm4979670
tt10277908,nm13187947
tt10277908,nm3899464
tt10277908,nm4979670
tt10277912,nm13187947
tt10277912,nm3899464
tt10277912,nm4979670
tt10277914,nm13187947
tt10277914,nm3899464
tt10277914,nm4979670
tt10277916,nm13187947
tt10277916,nm3899464
tt10277916,nm4979670
tt10277918,nm13187947
tt10277918,nm3899464
tt10277918,nm4979670
tt10277920,nm13187947
tt10277920,nm3899464
tt10277920,nm4979670
tt10277940,nm10665795
tt10278222,nm9712443
tt10278240,nm4207447
tt10278240,nm4842866
tt10278282,nm0870690
tt10278282,nm4313780
tt10278286,nm10665879
tt10278290,nm0309116
tt10278290,nm1270012
tt10278290,nm1709235
tt10278290,nm3766785
tt10278290,nm4038772
tt10278302,nm0309116
tt10278302,nm1270012
tt10278302,nm1709235
tt10278302,nm3766785
tt10278302,nm4038772
tt10278322,nm0309116
tt10278322,nm1270012
tt10278322,nm1709235
tt10278322,nm3766785
tt10278322,nm4038772
tt10278338,nm0309116
tt10278338,nm1270012
tt10278338,nm1709235
tt10278338,nm3766785
tt10278338,nm4038772
tt10278346,nm0309116
tt10278346,nm1270012
tt10278346,nm1709235
tt10278346,nm3766785
tt10278346,nm4038772
tt10278348,nm1008324
tt10278366,nm0309116
tt10278366,nm1270012
tt10278366,nm1709235
tt10278366,nm4038772
tt10278370,nm0309116
tt10278370,nm1270012
tt10278370,nm1709235
tt10278370,nm4038772
tt10278380,nm0309116
tt10278380,nm1270012
tt10278380,nm1709235
tt10278380,nm4038772
tt10278404,nm0309116
tt10278404,nm1270012
tt10278404,nm1709235
tt10278404,nm4038772
tt10278450,nm1205520
tt10278452,nm10666016
tt10278472,nm9785395
tt10278520,nm1205520
tt10278594,nm10666133
tt10278598,nm0309116
tt10278598,nm1270012
tt10278598,nm1709235
tt10278598,nm4038772
tt10278616,nm0309116
tt10278616,nm1270012
tt10278616,nm1709235
tt10278616,nm4038772
tt10278674,nm7115178
tt10278676,nm10276853
tt10278678,nm7115178
tt10278680,nm7115178
tt10278682,nm7115178
tt10278684,nm7115178
tt10278686,nm7115178
tt10278708,nm1992779
tt10278708,nm4465962
tt10278730,nm10597564
tt10278736,nm5774213
tt10278742,nm4538211
tt10278772,nm1436716
tt10278776,nm10666303
tt10278790,nm2930893
tt10278812,nm5366533
tt10278848,nm10666367
tt10278852,nm4150215
tt10278888,nm1436716
tt10278910,nm1436716
tt10278916,nm10628351
tt10278924,nm1436716
tt10278998,nm1436716
tt10279016,nm5133771
tt10279050,nm1900217
tt10279064,nm10594221
tt10279140,nm2681859
tt10279154,nm10666525
tt10279162,nm4570803
tt10279168,nm4570803
tt10279172,nm4570803
tt10279182,nm10666541
tt10279182,nm10666545
tt10279242,nm9051760
tt10279276,nm1879487
tt10279364,nm1948237
tt10279368,nm1948237
tt10279370,nm1948237
tt10279374,nm1948237
tt10279376,nm1948237
tt10279406,nm10655099
tt10279420,nm10661727
tt10279420,nm11783094
tt10279420,nm11783096
tt10279420,nm13272129
tt10279420,nm14390827
tt10279420,nm14390831
tt10279420,nm14390846
tt10279420,nm14390850
tt10279420,nm14390893
tt10279420,nm14390894
tt10279420,nm14555403
tt10279420,nm14557074
tt10279420,nm14557075
tt10279420,nm14557076
tt10279420,nm6508760
tt10279420,nm6805996
tt10279420,nm9502622
tt10279420,nm9834148
tt10279420,nm9841095
tt10279436,nm0309116
tt10279436,nm1270012
tt10279436,nm1709235
tt10279436,nm4038772
tt10279440,nm0309116
tt10279440,nm1270012
tt10279440,nm1709235
tt10279440,nm4038772
tt10279444,nm0309116
tt10279444,nm1270012
tt10279444,nm1709235
tt10279444,nm4038772
tt10279456,nm0309116
tt10279456,nm1270012
tt10279456,nm1709235
tt10279456,nm4038772
tt10279458,nm1436716
tt10279462,nm0309116
tt10279462,nm1270012
tt10279462,nm1709235
tt10279462,nm4038772
tt10279470,nm0309116
tt10279470,nm1270012
tt10279470,nm1709235
tt10279470,nm4038772
tt10279480,nm0309116
tt10279480,nm1270012
tt10279480,nm1709235
tt10279480,nm3766785
tt10279480,nm4038772
tt10279490,nm0309116
tt10279490,nm1270012
tt10279490,nm1709235
tt10279490,nm3766785
tt10279490,nm4038772
tt10279496,nm0309116
tt10279496,nm1270012
tt10279496,nm1709235
tt10279496,nm3766785
tt10279496,nm4038772
tt10279498,nm0309116
tt10279498,nm1270012
tt10279498,nm1709235
tt10279498,nm3766785
tt10279498,nm4038772
tt10279502,nm0309116
tt10279502,nm1270012
tt10279502,nm1709235
tt10279502,nm3766785
tt10279502,nm4038772
tt10279510,nm0309116
tt10279510,nm1270012
tt10279510,nm1709235
tt10279510,nm3766785
tt10279510,nm4038772
tt10279518,nm0309116
tt10279518,nm1270012
tt10279518,nm1709235
tt10279518,nm4038772
tt10279520,nm5807906
tt10279522,nm7965202
tt10279530,nm0309116
tt10279530,nm1270012
tt10279530,nm1709235
tt10279530,nm4038772
tt10279538,nm0309116
tt10279538,nm1270012
tt10279538,nm1709235
tt10279538,nm4038772
tt10279540,nm0309116
tt10279540,nm1270012
tt10279540,nm1709235
tt10279540,nm4038772
tt10279554,nm9084440
tt10279562,nm0309116
tt10279562,nm1270012
tt10279562,nm1709235
tt10279562,nm4038772
tt10279576,nm8614945
tt10279584,nm0309116
tt10279584,nm1270012
tt10279584,nm1709235
tt10279584,nm4038772
tt10279618,nm10594221
tt10279838,nm5417755
tt10279858,nm9024535
tt10279930,nm0439735
tt10279952,nm0439735
tt10280012,nm1885883
tt10280036,nm0439735
tt10280036,nm1746003
tt10280040,nm0439735
tt10280040,nm1746003
tt10280084,nm0439735
tt10280084,nm10293590
tt10280138,nm1885883
tt10280140,nm1885883
tt10280144,nm1885883
tt10280148,nm1885883
tt10280150,nm1885883
tt10280156,nm1885883
tt10280160,nm1885883
tt10280164,nm1885883
tt10280166,nm1885883
tt10280168,nm1885883
tt10280204,nm1885883
tt10280206,nm1885883
tt10280208,nm1885883
tt10280210,nm1885883
tt10280212,nm1885883
tt10280216,nm1885883
tt10280218,nm1885883
tt10280222,nm1885883
tt10280224,nm1885883
tt10280226,nm1885883
tt10280230,nm1885883
tt10280232,nm1885883
tt10280234,nm1885883
tt10280236,nm1885883
tt10280238,nm1885883
tt10280242,nm0754887
tt10280242,nm3389883
tt10280294,nm9580374
tt10280372,nm9580374
tt10280382,nm10482463
tt10280464,nm0424542
tt10280470,nm1885883
tt10280474,nm1885883
tt10280478,nm1885883
tt10280484,nm1885883
tt10280486,nm1885883
tt10280562,nm1593505
tt10280576,nm9644746
tt10280580,nm10667756
tt10280594,nm1187349
tt10280602,nm1684072
tt10280624,nm7031036
tt10280638,nm1381841
tt10280648,nm3537274
tt10280660,nm1659763
tt10280672,nm1202186
tt10280754,nm5194682
tt10280778,nm0416687
tt10280866,nm10667934
tt10280916,nm8165206
tt10280920,nm10667955
tt10281224,nm10466697
tt10281226,nm10668034
tt10281358,nm13187947
tt10281358,nm3899464
tt10281358,nm4979670
tt10281360,nm13187947
tt10281360,nm3899464
tt10281360,nm4979670
tt10281362,nm13187947
tt10281362,nm3899464
tt10281362,nm4979670
tt10281364,nm13187947
tt10281364,nm3899464
tt10281364,nm4979670
tt10281366,nm13187947
tt10281366,nm3899464
tt10281366,nm4979670
tt10281368,nm13187947
tt10281368,nm3899464
tt10281368,nm4979670
tt10281372,nm13187947
tt10281372,nm3899464
tt10281372,nm4979670
tt10281374,nm13187947
tt10281374,nm3899464
tt10281374,nm4979670
tt10281376,nm13187947
tt10281376,nm3899464
tt10281376,nm4979670
tt10281378,nm13187947
tt10281378,nm3899464
tt10281378,nm4979670
tt10281380,nm13187947
tt10281380,nm3899464
tt10281380,nm4979670
tt10281382,nm13187947
tt10281382,nm3899464
tt10281382,nm4979670
tt10281384,nm13187947
tt10281384,nm3899464
tt10281384,nm4979670
tt10281386,nm13187947
tt10281386,nm3899464
tt10281386,nm4979670
tt10281390,nm13187947
tt10281390,nm3899464
tt10281390,nm4979670
tt10281392,nm13187947
tt10281392,nm3899464
tt10281392,nm4979670
tt10281394,nm13187947
tt10281394,nm3899464
tt10281394,nm4979670
tt10281396,nm13187947
tt10281396,nm3899464
tt10281396,nm4979670
tt10281398,nm13187947
tt10281398,nm3899464
tt10281398,nm4979670
tt10281400,nm13187947
tt10281400,nm3899464
tt10281400,nm4979670
tt10281406,nm13187947
tt10281406,nm3899464
tt10281406,nm4979670
tt10281408,nm13187947
tt10281408,nm3899464
tt10281408,nm4979670
tt10281410,nm13187947
tt10281410,nm3899464
tt10281410,nm4979670
tt10281412,nm13187947
tt10281412,nm3899464
tt10281412,nm4979670
tt10281414,nm13187947
tt10281414,nm3899464
tt10281414,nm4979670
tt10281416,nm13187947
tt10281416,nm3899464
tt10281416,nm4979670
tt10281418,nm13187947
tt10281418,nm3899464
tt10281418,nm4979670
tt10281420,nm3450931
tt10281422,nm13187947
tt10281422,nm3899464
tt10281422,nm4979670
tt10281424,nm13187947
tt10281424,nm3899464
tt10281424,nm4979670
tt10281430,nm13187947
tt10281430,nm3899464
tt10281430,nm4979670
tt10281432,nm13187947
tt10281432,nm3899464
tt10281432,nm4979670
tt10281434,nm13187947
tt10281434,nm3899464
tt10281434,nm4979670
tt10281436,nm13187947
tt10281436,nm3899464
tt10281436,nm4979670
tt10281438,nm13187947
tt10281438,nm3899464
tt10281438,nm4979670
tt10281440,nm13187947
tt10281440,nm3899464
tt10281440,nm4979670
tt10281446,nm13187947
tt10281446,nm3899464
tt10281446,nm4979670
tt10281448,nm13187947
tt10281448,nm3899464
tt10281448,nm4979670
tt10281450,nm13187947
tt10281450,nm3899464
tt10281450,nm4979670
tt10281452,nm13187947
tt10281452,nm3899464
tt10281452,nm4979670
tt10281454,nm13187947
tt10281454,nm3899464
tt10281454,nm4979670
tt10281518,nm10667884
tt10281522,nm0028112
tt10281522,nm1334970
tt10281522,nm2629689
tt10281524,nm0028112
tt10281524,nm1334970
tt10281524,nm2629689
tt10281526,nm0028112
tt10281526,nm1334970
tt10281526,nm2629689
tt10281528,nm0028112
tt10281528,nm1334970
tt10281528,nm2629689
tt10281530,nm0028112
tt10281530,nm1334970
tt10281530,nm2629689
tt10281534,nm0028112
tt10281534,nm1334970
tt10281534,nm2629689
tt10281536,nm0028112
tt10281536,nm1334970
tt10281536,nm2629689
tt10281538,nm0028112
tt10281538,nm1334970
tt10281538,nm2629689
tt10281540,nm0028112
tt10281540,nm1334970
tt10281540,nm2629689
tt10281542,nm0028112
tt10281542,nm1334970
tt10281542,nm2629689
tt10281544,nm0028112
tt10281544,nm1334970
tt10281544,nm2629689
tt10281548,nm0028112
tt10281548,nm1334970
tt10281548,nm2629689
tt10281550,nm0028112
tt10281550,nm1334970
tt10281550,nm2629689
tt10281552,nm0028112
tt10281552,nm1334970
tt10281552,nm2629689
tt10281554,nm0028112
tt10281554,nm1334970
tt10281554,nm2629689
tt10281556,nm0028112
tt10281556,nm1334970
tt10281556,nm2629689
tt10281558,nm0028112
tt10281558,nm1334970
tt10281558,nm2629689
tt10281560,nm0028112
tt10281560,nm1334970
tt10281560,nm2629689
tt10281562,nm0028112
tt10281562,nm1334970
tt10281562,nm2629689
tt10281564,nm4115880
tt10281564,nm4118035
tt10281566,nm0028112
tt10281566,nm1334970
tt10281566,nm2629689
tt10281606,nm1529581
tt10281606,nm1917165
tt10281642,nm10642194
tt10281676,nm10667884
tt10281690,nm10670899
tt10281706,nm10670899
tt10281714,nm10670899
tt10281722,nm10670899
tt10281734,nm10670899
tt10281744,nm10670899
tt10281752,nm10670899
tt10281762,nm10670899
tt10281766,nm10670899
tt10281774,nm10670899
tt10281780,nm10670899
tt10281794,nm10670899
tt10281804,nm10670899
tt10281814,nm1379650
tt10281834,nm2890243
tt10282034,nm1366551
tt10282100,nm6807016
tt10282192,nm1865788
tt10282194,nm1865788
tt10282196,nm1865788
tt10282198,nm1865788
tt10282202,nm1865788
tt10282204,nm1865788
tt10282206,nm1865788
tt10282210,nm1865788
tt10282212,nm1865788
tt10282214,nm1865788
tt10282216,nm1865788
tt10282218,nm1865788
tt10282220,nm1865788
tt10282224,nm5461196
tt10282264,nm6833327
tt10282310,nm1172087
tt10282312,nm3058370
tt10282312,nm7450287
tt10282314,nm3058370
tt10282314,nm7450287
tt10282316,nm3058370
tt10282316,nm7450287
tt10282320,nm3058370
tt10282320,nm7450287
tt10282322,nm3058370
tt10282322,nm7450287
tt10282324,nm3058370
tt10282324,nm7450287
tt10282326,nm3058370
tt10282326,nm7450287
tt10282328,nm3058370
tt10282328,nm7450287
tt10282330,nm3058370
tt10282330,nm7450287
tt10282332,nm3058370
tt10282332,nm7450287
tt10282334,nm3058370
tt10282334,nm7450287
tt10282338,nm3058370
tt10282338,nm7450287
tt10282340,nm3058370
tt10282340,nm7450287
tt10282342,nm3058370
tt10282342,nm7450287
tt10282344,nm3058370
tt10282344,nm7450287
tt10282346,nm3058370
tt10282346,nm7450287
tt10282348,nm3058370
tt10282348,nm7450287
tt10282352,nm3058370
tt10282352,nm7450287
tt10282354,nm3058370
tt10282354,nm7450287
tt10282356,nm3058370
tt10282356,nm7450287
tt10282390,nm2015469
tt10282432,nm0055437
tt10282434,nm10668339
tt10282456,nm1366551
tt10282546,nm0955103
tt10282546,nm0992967
tt10282688,nm9191327
tt10282690,nm5436595
tt10282692,nm9710541
tt10282746,nm2890243
tt10282876,nm2890243
tt10282890,nm10650602
tt10283068,nm0451128
tt10283070,nm0451128
tt10283072,nm0451128
tt10283074,nm0451128
tt10283076,nm0451128
tt10283078,nm0451128
tt10283080,nm0451128
tt10283084,nm0451128
tt10283086,nm0451128
tt10283088,nm0451128
tt10283090,nm0451128
tt10283092,nm0451128
tt10283094,nm0451128
tt10283098,nm0451128
tt10283100,nm0451128
tt10283102,nm0451128
tt10283104,nm0451128
tt10283106,nm0451128
tt10283108,nm0451128
tt10283110,nm0451128
tt10283112,nm0451128
tt10283114,nm0451128
tt10283116,nm0451128
tt10283118,nm0451128
tt10283120,nm10650602
tt10283122,nm0451128
tt10283124,nm0451128
tt10283126,nm0451128
tt10283130,nm0451128
tt10283132,nm0451128
tt10283134,nm0451128
tt10283144,nm10650602
tt10283154,nm10659461
tt10283162,nm10650602
tt10283218,nm10394452
tt10283240,nm2749463
tt10283248,nm10466697
tt10283254,nm4538459
tt10283264,nm1136027
tt10283268,nm10392843
tt10283300,nm10394452
tt10283304,nm10668691
tt10283310,nm10668695
tt10283310,nm10668696
tt10283338,nm10394452
tt10283416,nm3418041
tt10283456,nm0702965
tt10283560,nm1345701
tt10283574,nm7050487
tt10283606,nm4209761
tt10283618,nm4209761
tt10283658,nm4209761
tt10283668,nm10668477
tt10283668,nm9356436
tt10283708,nm0224191
tt10283794,nm0870324
tt10283872,nm4998869
tt10283884,nm8284320
tt10283900,nm10526441
tt10284126,nm5298020
tt10284172,nm10669469
tt10284192,nm10669491
tt10284236,nm0218039
tt10284300,nm1974852
tt10284574,nm10942047
tt10284592,nm8526664
tt10284718,nm10654095
tt10284720,nm10654095
tt10284722,nm10654095
tt10284724,nm10654095
tt10284726,nm10654095
tt10284728,nm10654095
tt10284730,nm10654095
tt10284732,nm10654095
tt10284734,nm10654095
tt10284736,nm10654095
tt10284792,nm2734149
tt10284802,nm2734149
tt10284814,nm2734149
tt10284816,nm6555562
tt10284822,nm2734149
tt10284826,nm2734149
tt10284832,nm2734149
tt10284842,nm10394452
tt10284846,nm10394452
tt10284850,nm10394452
tt10284858,nm10392843
tt10284868,nm10392843
tt10284878,nm1521546
tt10284900,nm9197568
tt10284900,nm9197570
tt10284968,nm6804771
tt10284978,nm5436595
tt10284996,nm10670217
tt10285002,nm3834653
tt10285002,nm5436595
tt10285052,nm1109650
tt10285066,nm5706265
tt10285066,nm6963551
tt10285066,nm6972498
tt10285066,nm7012490
tt10285112,nm0358774
tt10285118,nm0551506
tt10285158,nm10670293
tt10285182,nm5436595
tt10285208,nm10665949
tt10285256,nm10670389
tt10285256,nm10670390
tt10285256,nm10670391
tt10285256,nm10670392
tt10285256,nm10670393
tt10285256,nm10670394
tt10285256,nm10670395
tt10285256,nm10670399
tt10285260,nm10665949
tt10285350,nm5310446
tt10285416,nm5706265
tt10285452,nm1126622
tt10285452,nm4820549
tt10285528,nm8636120
tt10285528,nm8636121
tt10285604,nm10670740
tt10285618,nm2518400
tt10285642,nm0679739
tt10285648,nm0451128
tt10285650,nm5661757
tt10285652,nm0451128
tt10285654,nm0451128
tt10285656,nm0451128
tt10285658,nm0451128
tt10285662,nm0451128
tt10285664,nm0451128
tt10285666,nm0451128
tt10285668,nm0451128
tt10285670,nm0451128
tt10285672,nm0451128
tt10285674,nm0451128
tt10285676,nm0451128
tt10285680,nm0451128
tt10285682,nm0451128
tt10285684,nm0451128
tt10285686,nm0451128
tt10285688,nm0451128
tt10285690,nm0451128
tt10285692,nm0451128
tt10285698,nm0679739
tt10285700,nm0451128
tt10285702,nm0451128
tt10285704,nm0451128
tt10285706,nm0451128
tt10285708,nm0451128
tt10285710,nm0451128
tt10285714,nm0451128
tt10285716,nm0451128
tt10285718,nm0451128
tt10285720,nm0451128
tt10285746,nm2518400
tt10286150,nm3058370
tt10286150,nm7450287
tt10286152,nm3058370
tt10286152,nm7450287
tt10286154,nm3058370
tt10286154,nm7450287
tt10286156,nm3058370
tt10286156,nm7450287
tt10286158,nm3058370
tt10286158,nm7450287
tt10286162,nm3058370
tt10286162,nm7450287
tt10286164,nm3058370
tt10286164,nm7450287
tt10286166,nm3058370
tt10286166,nm7450287
tt10286168,nm3058370
tt10286168,nm7450287
tt10286170,nm3058370
tt10286170,nm7450287
tt10286172,nm3058370
tt10286172,nm7450287
tt10286176,nm3058370
tt10286176,nm7450287
tt10286178,nm3058370
tt10286178,nm7450287
tt10286180,nm3058370
tt10286180,nm7450287
tt10286182,nm3058370
tt10286182,nm7450287
tt10286184,nm3058370
tt10286184,nm7450287
tt10286186,nm3058370
tt10286186,nm7450287
tt10286188,nm3058370
tt10286188,nm7450287
tt10286190,nm3058370
tt10286190,nm7450287
tt10286510,nm10130963
tt10286632,nm0028112
tt10286632,nm1334970
tt10286632,nm2629689
tt10286634,nm0028112
tt10286634,nm1334970
tt10286634,nm2629689
tt10286638,nm0028112
tt10286638,nm1334970
tt10286638,nm2629689
tt10286640,nm0028112
tt10286640,nm1334970
tt10286640,nm2629689
tt10286642,nm0028112
tt10286642,nm1334970
tt10286642,nm2629689
tt10286646,nm0028112
tt10286646,nm1334970
tt10286646,nm2629689
tt10286648,nm0028112
tt10286648,nm1334970
tt10286648,nm2629689
tt10286650,nm0028112
tt10286650,nm1334970
tt10286650,nm2629689
tt10286652,nm0028112
tt10286652,nm1334970
tt10286652,nm2629689
tt10286656,nm0028112
tt10286656,nm1334970
tt10286656,nm2629689
tt10286660,nm0028112
tt10286660,nm1334970
tt10286660,nm2629689
tt10286664,nm0028112
tt10286664,nm1334970
tt10286664,nm2629689
tt10286668,nm0028112
tt10286668,nm1334970
tt10286668,nm2629689
tt10286670,nm0028112
tt10286670,nm1334970
tt10286670,nm2629689
tt10286674,nm0028112
tt10286674,nm1334970
tt10286674,nm2629689
tt10286680,nm0028112
tt10286680,nm1334970
tt10286680,nm2629689
tt10286684,nm0028112
tt10286684,nm1334970
tt10286684,nm2629689
tt10286686,nm0028112
tt10286686,nm1334970
tt10286686,nm2629689
tt10286688,nm0028112
tt10286688,nm1334970
tt10286688,nm2629689
tt10286690,nm0028112
tt10286690,nm1334970
tt10286690,nm2629689
tt10286750,nm13187947
tt10286750,nm3899464
tt10286750,nm4979670
tt10286754,nm13187947
tt10286754,nm3899464
tt10286754,nm4979670
tt10286756,nm13187947
tt10286756,nm3899464
tt10286756,nm4979670
tt10286760,nm13187947
tt10286760,nm3899464
tt10286760,nm4979670
tt10286762,nm13187947
tt10286762,nm3899464
tt10286762,nm4979670
tt10286764,nm13187947
tt10286764,nm3899464
tt10286764,nm4979670
tt10286766,nm13187947
tt10286766,nm3899464
tt10286766,nm4979670
tt10286768,nm13187947
tt10286768,nm3899464
tt10286768,nm4979670
tt10286770,nm13187947
tt10286770,nm3899464
tt10286770,nm4979670
tt10286772,nm13187947
tt10286772,nm3899464
tt10286772,nm4979670
tt10286774,nm13187947
tt10286774,nm3899464
tt10286774,nm4979670
tt10286778,nm13187947
tt10286778,nm3899464
tt10286778,nm4979670
tt10286780,nm13187947
tt10286780,nm3899464
tt10286780,nm4979670
tt10286782,nm2015469
tt10286784,nm13187947
tt10286784,nm3899464
tt10286784,nm4979670
tt10286786,nm13187947
tt10286786,nm3899464
tt10286786,nm4979670
tt10286788,nm13187947
tt10286788,nm3899464
tt10286788,nm4979670
tt10286790,nm13187947
tt10286790,nm3899464
tt10286790,nm4979670
tt10286792,nm13187947
tt10286792,nm3899464
tt10286792,nm4979670
tt10286794,nm13187947
tt10286794,nm3899464
tt10286794,nm4979670
tt10286796,nm13187947
tt10286796,nm3899464
tt10286796,nm4979670
tt10286798,nm13187947
tt10286798,nm3899464
tt10286798,nm4979670
tt10286800,nm13187947
tt10286800,nm3899464
tt10286800,nm4979670
tt10286804,nm13187947
tt10286804,nm3899464
tt10286804,nm4979670
tt10286806,nm10466698
tt10286808,nm13187947
tt10286808,nm3899464
tt10286808,nm4979670
tt10286810,nm13187947
tt10286810,nm3899464
tt10286810,nm4979670
tt10286812,nm13187947
tt10286812,nm3899464
tt10286812,nm4979670
tt10286814,nm13187947
tt10286814,nm3899464
tt10286814,nm4979670
tt10286816,nm13187947
tt10286816,nm3899464
tt10286816,nm4979670
tt10286816,nm5921291
tt10286818,nm13187947
tt10286818,nm3899464
tt10286818,nm4979670
tt10286820,nm13187947
tt10286820,nm3899464
tt10286820,nm4979670
tt10286822,nm13187947
tt10286822,nm3899464
tt10286822,nm4979670
tt10286824,nm13187947
tt10286824,nm3899464
tt10286824,nm4979670
tt10286826,nm13187947
tt10286826,nm3899464
tt10286826,nm4979670
tt10286828,nm13187947
tt10286828,nm3899464
tt10286828,nm4979670
tt10286830,nm13187947
tt10286830,nm3899464
tt10286830,nm4979670
tt10286834,nm13187947
tt10286834,nm3899464
tt10286834,nm4979670
tt10286836,nm13187947
tt10286836,nm3899464
tt10286836,nm4979670
tt10286838,nm13187947
tt10286838,nm3899464
tt10286838,nm4979670
tt10286840,nm13187947
tt10286840,nm3899464
tt10286840,nm4979670
tt10286846,nm13187947
tt10286846,nm3899464
tt10286846,nm4979670
tt10287012,nm3485863
tt10287012,nm4473334
tt10287012,nm6041337
tt10287012,nm9692911
tt10287196,nm6654663
tt10287244,nm0451128
tt10287248,nm0451128
tt10287252,nm0451128
tt10287254,nm0451128
tt10287256,nm0451128
tt10287258,nm0451128
tt10287260,nm0451128
tt10287264,nm0451128
tt10287266,nm0451128
tt10287268,nm0451128
tt10287272,nm0451128
tt10287274,nm0451128
tt10287276,nm0451128
tt10287280,nm0451128
tt10287282,nm0451128
tt10287284,nm0451128
tt10287288,nm0451128
tt10287290,nm0451128
tt10287292,nm0451128
tt10287294,nm0451128
tt10287296,nm0451128
tt10287300,nm0451128
tt10287302,nm0451128
tt10287304,nm0451128
tt10287306,nm0451128
tt10287308,nm0451128
tt10287310,nm0451128
tt10287312,nm0451128
tt10287314,nm0451128
tt10287316,nm0451128
tt10287320,nm0451128
tt10287322,nm0451128
tt10287324,nm0451128
tt10287326,nm10671033
tt10287328,nm0451128
tt10287330,nm0451128
tt10287332,nm0451128
tt10287334,nm0451128
tt10287336,nm0451128
tt10287338,nm0451128
tt10287340,nm0451128
tt10287400,nm10671080
tt10287418,nm1104554
tt10287418,nm1232354
tt10287418,nm2015469
tt10287418,nm2026416
tt10287470,nm10671100
tt10287550,nm0080315
tt10287568,nm0080315
tt10287570,nm0080315
tt10287572,nm0080315
tt10287574,nm0080315
tt10287576,nm0080315
tt10287582,nm2026494
tt10287584,nm0080315
tt10287586,nm0080315
tt10287590,nm0080315
tt10287592,nm0080315
tt10287594,nm0080315
tt10287596,nm0080315
tt10287598,nm0080315
tt10287600,nm0080315
tt10287602,nm0080315
tt10287604,nm0080315
tt10287606,nm0080315
tt10287608,nm0080315
tt10287610,nm0080315
tt10287614,nm0080315
tt10287614,nm6184395
tt10287618,nm0080315
tt10287618,nm6184395
tt10287622,nm0080315
tt10287622,nm6184395
tt10287624,nm0080315
tt10287624,nm6184395
tt10287626,nm0080315
tt10287626,nm6184395
tt10287628,nm0080315
tt10287628,nm6184395
tt10287630,nm0080315
tt10287630,nm6184395
tt10287632,nm0080315
tt10287632,nm6184395
tt10287636,nm0080315
tt10287636,nm6184395
tt10287640,nm0080315
tt10287640,nm6184395
tt10287642,nm0080315
tt10287642,nm6184395
tt10287646,nm0080315
tt10287646,nm6184395
tt10287648,nm0080315
tt10287648,nm6184395
tt10287650,nm0080315
tt10287650,nm6184395
tt10287652,nm0080315
tt10287652,nm6184395
tt10287656,nm0080315
tt10287656,nm6184395
tt10287658,nm0080315
tt10287658,nm6184395
tt10287660,nm0080315
tt10287660,nm6184395
tt10287662,nm0080315
tt10287662,nm6184395
tt10287664,nm0080315
tt10287664,nm6184395
tt10287668,nm0080315
tt10287668,nm6184395
tt10287670,nm0080315
tt10287670,nm6184395
tt10287672,nm0080315
tt10287672,nm6184395
tt10287676,nm0080315
tt10287676,nm6184395
tt10287678,nm0080315
tt10287678,nm6184395
tt10287680,nm0080315
tt10287680,nm5785112
tt10287680,nm6184395
tt10287684,nm0080315
tt10287684,nm5785112
tt10287684,nm6184395
tt10287686,nm0080315
tt10287686,nm6184395
tt10287690,nm0080315
tt10287690,nm6184395
tt10287692,nm0080315
tt10287692,nm5785112
tt10287692,nm6184395
tt10287696,nm0080315
tt10287696,nm5785112
tt10287696,nm6184395
tt10287698,nm0080315
tt10287698,nm6184395
tt10287700,nm0080315
tt10287700,nm5785112
tt10287700,nm6184395
tt10287700,nm7408484
tt10287704,nm0080315
tt10287704,nm5785112
tt10287704,nm6184395
tt10287706,nm0080315
tt10287706,nm5785112
tt10287706,nm6184395
tt10287708,nm0080315
tt10287708,nm5785112
tt10287708,nm6184395
tt10287710,nm0080315
tt10287710,nm5785112
tt10287710,nm6184395
tt10287712,nm0080315
tt10287712,nm6184395
tt10287718,nm0080315
tt10287718,nm6184395
tt10287720,nm0080315
tt10287720,nm5785112
tt10287720,nm6184395
tt10287724,nm0080315
tt10287724,nm5785112
tt10287724,nm6184395
tt10287770,nm10667934
tt10287810,nm10671286
tt10287830,nm0284196
tt10287830,nm1285620
tt10287852,nm10667934
tt10287854,nm1366831
tt10287854,nm1529581
tt10287858,nm6604725
tt10287882,nm10671363
tt10287882,nm10671364
tt10287900,nm7325722
tt10287920,nm6972498
tt10287960,nm4472699
tt10287960,nm4936864
tt10287972,nm9259379
tt10287998,nm4183069
tt10288010,nm10671459
tt10288072,nm10671509
tt10288116,nm2818407
tt10288256,nm4930203
tt10288258,nm2287455
tt10288362,nm10396613
tt10288392,nm6041337
tt10288440,nm4183069
tt10288454,nm10074886
tt10288454,nm8375341
tt10288502,nm5456288
tt10288508,nm2104566
tt10288540,nm7325722
tt10288654,nm5578357
tt10288654,nm6874873
tt10288656,nm4183069
tt10288662,nm1948237
tt10288724,nm0695621
tt10288746,nm1411079
tt10288748,nm10374390
tt10288748,nm6168641
tt10288748,nm6168642
tt10288750,nm10394366
tt10288768,nm10684911
tt10288934,nm10672220
tt10288972,nm10673879
tt10288976,nm7806178
tt10289196,nm4930203
tt10289284,nm8605442
tt10289328,nm10672390
tt10289394,nm0002315
tt10289394,nm0343939
tt10289490,nm9516266
tt10289512,nm10655297
tt10289526,nm10402012
tt10289574,nm4059652
tt10289576,nm10425484
tt10289582,nm4059652
tt10289594,nm4059652
tt10289606,nm4059652
tt10289612,nm4059652
tt10289650,nm5928877
tt10289650,nm7205482
tt10289714,nm10366764
tt10289738,nm10425484
tt10289822,nm10425484
tt10289836,nm10425484
tt10289872,nm10672680
tt10289874,nm9649086
tt10289896,nm1310855
tt10289916,nm10425484
tt10289976,nm10672725
tt10290006,nm3538045
tt10290034,nm5609600
tt10290036,nm10571237
tt10290038,nm9529323
tt10290040,nm7329051
tt10290042,nm10571237
tt10290044,nm0861267
tt10290046,nm7329048
tt10290048,nm7329051
tt10290078,nm9191327
tt10290098,nm10672839
tt10290112,nm10425484
tt10290170,nm9686251
tt10290176,nm1049912
tt10290178,nm1049912
tt10290180,nm1049912
tt10290182,nm1049912
tt10290184,nm1049912
tt10290186,nm1049912
tt10290220,nm10672892
tt10290240,nm1048559
tt10290246,nm9686251
tt10290264,nm9686251
tt10290266,nm1048559
tt10290292,nm8157945
tt10290326,nm11555518
tt10290326,nm3266312
tt10290328,nm11555518
tt10290328,nm3266312
tt10290330,nm11555518
tt10290330,nm3266312
tt10290334,nm11555518
tt10290334,nm3266312
tt10290338,nm11555518
tt10290338,nm3266312
tt10290342,nm11555518
tt10290342,nm3266312
tt10290344,nm3266312
tt10290588,nm0080315
tt10290588,nm5785112
tt10290588,nm6184395
tt10290590,nm0080315
tt10290590,nm6184395
tt10290594,nm0080315
tt10290594,nm6184395
tt10290596,nm0080315
tt10290596,nm6184395
tt10290602,nm0080315
tt10290602,nm5785112
tt10290602,nm6184395
tt10290604,nm0080315
tt10290604,nm5785112
tt10290604,nm6184395
tt10290606,nm0080315
tt10290606,nm5785112
tt10290606,nm6184395
tt10290608,nm0080315
tt10290608,nm5785112
tt10290608,nm6184395
tt10290610,nm0080315
tt10290610,nm6184395
tt10290614,nm0080315
tt10290614,nm5785112
tt10290614,nm6184395
tt10290616,nm0080315
tt10290616,nm6184395
tt10290618,nm0080315
tt10290618,nm6184395
tt10290620,nm0080315
tt10290620,nm5785112
tt10290620,nm6184395
tt10290622,nm0080315
tt10290622,nm6184395
tt10290626,nm0080315
tt10290626,nm6184395
tt10290628,nm0080315
tt10290628,nm5785112
tt10290628,nm6184395
tt10290630,nm0080315
tt10290630,nm6184395
tt10290632,nm0080315
tt10290632,nm6184395
tt10290634,nm0080315
tt10290634,nm5785112
tt10290634,nm6184395
tt10290636,nm0080315
tt10290636,nm6184395
tt10290640,nm0080315
tt10290640,nm6184395
tt10290644,nm0080315
tt10290644,nm6184395
tt10290646,nm0080315
tt10290646,nm6184395
tt10290648,nm0080315
tt10290648,nm6184395
tt10290652,nm0080315
tt10290652,nm6184395
tt10290654,nm0080315
tt10290654,nm6184395
tt10290656,nm0080315
tt10290656,nm6184395
tt10290658,nm0080315
tt10290658,nm6184395
tt10290660,nm0080315
tt10290660,nm6184395
tt10290662,nm0080315
tt10290662,nm6184395
tt10290664,nm0080315
tt10290664,nm6184395
tt10290666,nm0080315
tt10290666,nm6184395
tt10290668,nm0080315
tt10290668,nm6184395
tt10290672,nm0080315
tt10290672,nm6184395
tt10290674,nm0080315
tt10290674,nm6184395
tt10290678,nm0080315
tt10290678,nm6184395
tt10290680,nm0080315
tt10290680,nm6184395
tt10290682,nm0080315
tt10290682,nm6184395
tt10290684,nm0080315
tt10290684,nm6184395
tt10290686,nm0080315
tt10290686,nm6184395
tt10290692,nm0080315
tt10290698,nm0080315
tt10290706,nm10673174
tt10290708,nm0080315
tt10290714,nm0080315
tt10290716,nm0080315
tt10290718,nm0080315
tt10290720,nm0080315
tt10290722,nm0080315
tt10290724,nm0080315
tt10290726,nm0080315
tt10290728,nm0080315
tt10290730,nm0080315
tt10290732,nm0080315
tt10290734,nm0080315
tt10290736,nm0080315
tt10290738,nm0080315
tt10290740,nm0080315
tt10290744,nm0080315
tt10290746,nm0080315
tt10290876,nm0451128
tt10290878,nm0451128
tt10290880,nm0451128
tt10290882,nm0451128
tt10290884,nm0451128
tt10290888,nm0451128
tt10290890,nm0451128
tt10290892,nm0451128
tt10290896,nm0451128
tt10290898,nm0451128
tt10290900,nm0451128
tt10290902,nm0451128
tt10290906,nm0451128
tt10290908,nm0451128
tt10290910,nm0451128
tt10290912,nm0451128
tt10290916,nm0451128
tt10290918,nm0451128
tt10290920,nm0451128
tt10290924,nm0451128
tt10290928,nm0451128
tt10290930,nm0451128
tt10290934,nm0451128
tt10290938,nm0451128
tt10290940,nm0451128
tt10290942,nm0451128
tt10290944,nm0451128
tt10290948,nm0451128
tt10290950,nm0451128
tt10290954,nm0451128
tt10290956,nm0451128
tt10290958,nm0451128
tt10290960,nm0451128
tt10290962,nm0451128
tt10290964,nm0451128
tt10290966,nm0451128
tt10290970,nm0451128
tt10290974,nm0451128
tt10290976,nm0451128
tt10290978,nm0451128
tt10291168,nm2031286
tt10291352,nm13187947
tt10291352,nm3899464
tt10291352,nm4979670
tt10291352,nm5921291
tt10291354,nm13187947
tt10291354,nm3899464
tt10291354,nm4979670
tt10291356,nm13187947
tt10291356,nm3899464
tt10291356,nm4979670
tt10291358,nm13187947
tt10291358,nm3899464
tt10291358,nm4979670
tt10291362,nm13187947
tt10291362,nm3899464
tt10291362,nm4979670
tt10291362,nm5921291
tt10291364,nm13187947
tt10291364,nm3899464
tt10291364,nm4979670
tt10291366,nm13187947
tt10291366,nm3899464
tt10291366,nm4979670
tt10291368,nm13187947
tt10291368,nm3899464
tt10291368,nm4979670
tt10291370,nm13187947
tt10291370,nm3899464
tt10291370,nm4979670
tt10291372,nm13187947
tt10291372,nm3899464
tt10291372,nm4979670
tt10291374,nm13187947
tt10291374,nm3899464
tt10291374,nm4979670
tt10291378,nm13187947
tt10291378,nm3899464
tt10291378,nm4979670
tt10291378,nm5921291
tt10291380,nm13187947
tt10291380,nm3899464
tt10291380,nm4979670
tt10291382,nm13187947
tt10291382,nm3899464
tt10291382,nm4979670
tt10291384,nm13187947
tt10291384,nm3899464
tt10291384,nm4979670
tt10291386,nm13187947
tt10291386,nm3899464
tt10291386,nm4979670
tt10291388,nm13187947
tt10291388,nm3899464
tt10291388,nm4979670
tt10291390,nm13187947
tt10291390,nm3899464
tt10291390,nm4979670
tt10291392,nm13187947
tt10291392,nm3899464
tt10291392,nm4979670
tt10291392,nm5921291
tt10291394,nm13187947
tt10291394,nm3899464
tt10291394,nm4979670
tt10291398,nm13187947
tt10291398,nm3899464
tt10291398,nm4979670
tt10291400,nm13187947
tt10291400,nm3899464
tt10291400,nm4979670
tt10291402,nm13187947
tt10291402,nm3899464
tt10291402,nm4979670
tt10291404,nm13187947
tt10291404,nm3899464
tt10291404,nm4979670
tt10291406,nm13187947
tt10291406,nm3899464
tt10291406,nm4979670
tt10291408,nm13187947
tt10291408,nm3899464
tt10291408,nm4979670
tt10291410,nm13187947
tt10291410,nm3899464
tt10291410,nm4979670
tt10291414,nm13187947
tt10291414,nm3899464
tt10291414,nm4979670
tt10291416,nm13187947
tt10291416,nm3899464
tt10291416,nm4979670
tt10291418,nm13187947
tt10291418,nm3899464
tt10291418,nm4979670
tt10291420,nm13187947
tt10291420,nm3899464
tt10291420,nm4979670
tt10291422,nm13187947
tt10291422,nm3899464
tt10291422,nm4979670
tt10291424,nm13187947
tt10291424,nm3899464
tt10291424,nm4979670
tt10291426,nm13187947
tt10291426,nm3899464
tt10291426,nm4979670
tt10291428,nm13187947
tt10291428,nm3899464
tt10291428,nm4979670
tt10291430,nm13187947
tt10291430,nm3899464
tt10291430,nm4979670
tt10291432,nm13187947
tt10291432,nm3899464
tt10291432,nm4979670
tt10291434,nm13187947
tt10291434,nm3899464
tt10291434,nm4979670
tt10291436,nm13187947
tt10291436,nm3899464
tt10291436,nm4979670
tt10291438,nm13187947
tt10291438,nm3899464
tt10291438,nm4979670
tt10291492,nm0028112
tt10291492,nm1334970
tt10291492,nm2629689
tt10291494,nm0028112
tt10291494,nm1334970
tt10291494,nm2629689
tt10291496,nm0028112
tt10291496,nm1334970
tt10291496,nm2629689
tt10291498,nm0028112
tt10291498,nm1334970
tt10291498,nm2629689
tt10291500,nm0028112
tt10291500,nm1334970
tt10291500,nm2629689
tt10291502,nm0028112
tt10291502,nm1334970
tt10291502,nm2629689
tt10291504,nm0028112
tt10291504,nm1334970
tt10291504,nm2629689
tt10291508,nm0028112
tt10291508,nm1334970
tt10291508,nm2629689
tt10291510,nm0028112
tt10291510,nm1334970
tt10291510,nm2629689
tt10291512,nm0028112
tt10291512,nm1334970
tt10291512,nm2629689
tt10291514,nm0028112
tt10291514,nm1334970
tt10291514,nm2629689
tt10291516,nm0028112
tt10291516,nm1334970
tt10291516,nm2629689
tt10291518,nm0028112
tt10291518,nm1334970
tt10291518,nm2629689
tt10291520,nm0028112
tt10291520,nm1334970
tt10291520,nm2629689
tt10291522,nm0028112
tt10291522,nm1334970
tt10291522,nm2629689
tt10291524,nm0028112
tt10291524,nm1334970
tt10291524,nm2629689
tt10291528,nm0028112
tt10291528,nm1334970
tt10291528,nm2629689
tt10291532,nm0028112
tt10291532,nm1334970
tt10291532,nm2629689
tt10291534,nm0028112
tt10291534,nm1334970
tt10291534,nm2629689
tt10291538,nm0028112
tt10291538,nm1334970
tt10291538,nm2629689
tt10291888,nm10673388
tt10291888,nm10673389
tt10291888,nm3755012
tt10292108,nm1936500
tt10292116,nm1514723
tt10292316,nm0451128
tt10292318,nm0451128
tt10292320,nm0451128
tt10292324,nm0451128
tt10292326,nm0451128
tt10292328,nm0451128
tt10292330,nm0451128
tt10292332,nm0451128
tt10292334,nm0451128
tt10292336,nm0451128
tt10292338,nm10673450
tt10292344,nm0451128
tt10292346,nm0451128
tt10292348,nm0451128
tt10292350,nm0451128
tt10292352,nm0451128
tt10292354,nm0451128
tt10292356,nm0451128
tt10292358,nm0451128
tt10292362,nm0451128
tt10292364,nm0451128
tt10292366,nm0451128
tt10292368,nm0451128
tt10292370,nm0451128
tt10292372,nm0451128
tt10292374,nm0451128
tt10292376,nm0451128
tt10292378,nm0451128
tt10292380,nm0451128
tt10292382,nm0451128
tt10292384,nm0451128
tt10292388,nm0451128
tt10292390,nm0451128
tt10292392,nm0451128
tt10292394,nm0451128
tt10292396,nm0451128
tt10292400,nm0451128
tt10292402,nm0451128
tt10292404,nm0451128
tt10292408,nm0451128
tt10292412,nm0451128
tt10292532,nm1936500
tt10292546,nm10673486
tt10292620,nm10673508
tt10292724,nm10041426
tt10292740,nm10673531
tt10292764,nm0561524
tt10292902,nm0069860
tt10292914,nm4156773
tt10292914,nm6634826
tt10292914,nm8002954
tt10292916,nm9032392
tt10292966,nm10673635
tt10292972,nm10673645
tt10293018,nm10672034
tt10293034,nm9968785
tt10293062,nm9947422
tt10293116,nm5816845
tt10293122,nm10673789
tt10293124,nm4805874
tt10293130,nm8285678
tt10293132,nm1782926
tt10293140,nm10673799
tt10293156,nm1936500
tt10293188,nm0695621
tt10293206,nm2854005
tt10293222,nm3266312
tt10293224,nm10673879
tt10293230,nm3266312
tt10293232,nm3266312
tt10293234,nm3266312
tt10293236,nm3266312
tt10293240,nm3266312
tt10293244,nm3266312
tt10293246,nm3266312
tt10293250,nm10673879
tt10293258,nm10177566
tt10293264,nm0695621
tt10293276,nm0695621
tt10293284,nm0695621
tt10293292,nm13567764
tt10293294,nm0695621
tt10293312,nm2266814
tt10293314,nm4258993
tt10293332,nm10391714
tt10293492,nm3668614
tt1029360,nm1481493
tt10293614,nm8965835
tt10293706,nm4041044
tt10293708,nm1651733
tt10293750,nm0205124
tt10293820,nm2385595
tt10293844,nm10674387
tt10294024,nm10599268
tt10294084,nm0066268
tt10294138,nm7232531
tt10294142,nm5658506
tt10294144,nm10674644
tt10294256,nm0508745
tt10294344,nm0766211
tt10294352,nm1158179
tt10294352,nm1557694
tt10294352,nm2091663
tt10294352,nm2563526
tt10294352,nm5302984
tt10294392,nm8546725
tt10294440,nm7646927
tt10294444,nm10674842
tt10294446,nm10674845
tt10294466,nm9599575
tt10294476,nm10674894
tt10294492,nm10656325
tt10294500,nm10674917
tt10294580,nm7627834
tt10294586,nm10674967
tt10294590,nm10674967
tt10294600,nm10674967
tt10294604,nm10659286
tt10294610,nm7627834
tt10294640,nm10674967
tt10294644,nm10489714
tt10294660,nm10489714
tt10294678,nm6884038
tt10294712,nm10675072
tt10294712,nm5738756
tt10294774,nm3808107
tt10294938,nm2502242
tt10294940,nm9788187
tt10294946,nm7207144
tt10294950,nm7207144
tt10294952,nm7207144
tt10294954,nm7207144
tt10294956,nm7207144
tt10294958,nm7207144
tt10294960,nm7207144
tt10294962,nm7207144
tt10294964,nm7207144
tt10294968,nm7207144
tt10294970,nm7207144
tt10294972,nm7207144
tt10294974,nm7207144
tt10294976,nm12753286
tt10294976,nm7207144
tt10294978,nm12753286
tt10294978,nm7207144
tt10294980,nm12753286
tt10294980,nm7207144
tt10294982,nm12753286
tt10294982,nm7207144
tt10294984,nm12753286
tt10294984,nm7207144
tt10294986,nm12753286
tt10294986,nm7207144
tt10294988,nm12753286
tt10294988,nm7207144
tt10294990,nm12753286
tt10294990,nm7207144
tt10294992,nm12753286
tt10294992,nm7207144
tt10294994,nm12753286
tt10294994,nm7207144
tt10294998,nm12753286
tt10294998,nm7207144
tt10295000,nm12753286
tt10295000,nm7207144
tt10295004,nm12753286
tt10295004,nm7207144
tt10295008,nm12753286
tt10295008,nm7207144
tt10295012,nm12753286
tt10295012,nm7207144
tt10295014,nm12753286
tt10295014,nm7207144
tt10295018,nm12753286
tt10295018,nm7207144
tt10295020,nm12753286
tt10295020,nm7207144
tt10295022,nm12753286
tt10295022,nm7207144
tt10295024,nm12753286
tt10295024,nm7207144
tt10295026,nm12753286
tt10295026,nm7207144
tt10295028,nm12753286
tt10295028,nm7207144
tt10295030,nm12753286
tt10295030,nm7207144
tt10295032,nm12753286
tt10295032,nm7207144
tt10295034,nm12753286
tt10295034,nm7207144
tt10295036,nm12753286
tt10295036,nm7207144
tt10295040,nm12753286
tt10295040,nm7207144
tt10295042,nm12753286
tt10295042,nm7207144
tt10295044,nm10675365
tt10295046,nm12753286
tt10295046,nm7207144
tt10295050,nm10675375
tt10295050,nm3190279
tt10295070,nm10675365
tt10295094,nm10611513
tt10295104,nm10490251
tt10295170,nm10672825
tt10295206,nm10675538
tt10295240,nm7009511
tt10295240,nm8515397
tt10295270,nm1082560
tt10295270,nm1108967
tt10295270,nm2802399
tt10295272,nm1381841
tt10295276,nm1082560
tt10295276,nm1108967
tt10295276,nm2802399
tt10295286,nm1082560
tt10295286,nm1108967
tt10295286,nm2802399
tt10295292,nm1082560
tt10295292,nm1108967
tt10295292,nm2802399
tt10295296,nm1082560
tt10295296,nm1108967
tt10295296,nm2802399
tt10295302,nm10675600
tt10295304,nm1082560
tt10295304,nm1108967
tt10295304,nm2802399
tt10295316,nm10675608
tt10295320,nm1082560
tt10295320,nm1108967
tt10295320,nm2802399
tt10295322,nm1082560
tt10295322,nm1108967
tt10295322,nm2802399
tt10295330,nm1082560
tt10295330,nm1108967
tt10295330,nm2802399
tt10295332,nm1082560
tt10295332,nm1108967
tt10295332,nm2802399
tt10295336,nm1082560
tt10295336,nm1108967
tt10295336,nm2802399
tt10295340,nm4842866
tt10295342,nm1082560
tt10295342,nm1108967
tt10295342,nm2802399
tt10295348,nm1082560
tt10295348,nm1108967
tt10295348,nm2802399
tt10295358,nm1082560
tt10295358,nm1108967
tt10295358,nm2802399
tt10295366,nm10318619
tt10295370,nm1082560
tt10295370,nm1108967
tt10295370,nm2802399
tt10295386,nm1082560
tt10295386,nm1108967
tt10295386,nm2802399
tt10295392,nm1082560
tt10295392,nm1108967
tt10295392,nm2802399
tt10295398,nm1082560
tt10295398,nm1108967
tt10295398,nm2802399
tt10295400,nm4842866
tt10295404,nm1082560
tt10295404,nm1108967
tt10295404,nm2802399
tt10295410,nm10675660
tt10295418,nm10675662
tt10295444,nm4842866
tt10295468,nm10675686
tt10295478,nm7700878
tt10295486,nm4842866
tt10295508,nm10509801
tt10295508,nm13718365
tt10295510,nm4842866
tt10295522,nm4842866
tt10295550,nm5857982
tt10295572,nm4470971
tt10295572,nm8855227
tt10295574,nm4470971
tt10295574,nm8855227
tt10295576,nm4470971
tt10295576,nm8855227
tt10295578,nm4470971
tt10295578,nm8855227
tt10295580,nm4470971
tt10295580,nm8855227
tt10295582,nm4470971
tt10295582,nm8855227
tt10295612,nm4611338
tt10295630,nm4658005
tt10295630,nm9814009
tt10295632,nm10656809
tt10295680,nm10675810
tt10295722,nm10654377
tt10295722,nm1181567
tt10295722,nm5641705
tt10295726,nm10654377
tt10295726,nm1181567
tt10295726,nm5641705
tt10295728,nm10654377
tt10295728,nm1181567
tt10295728,nm5641705
tt10295730,nm10654377
tt10295730,nm1181567
tt10295730,nm5641705
tt10295736,nm10654377
tt10295736,nm1181567
tt10295736,nm5641705
tt10295740,nm6810554
tt10295790,nm6810554
tt10295812,nm10489714
tt10295822,nm10489714
tt10295828,nm10489714
tt10295836,nm10675792
tt10295932,nm10135133
tt10295942,nm4738171
tt10296190,nm0451128
tt10296192,nm0451128
tt10296194,nm0451128
tt10296196,nm0451128
tt10296198,nm0451128
tt10296200,nm0451128
tt10296202,nm0451128
tt10296204,nm0451128
tt10296206,nm0451128
tt10296208,nm0451128
tt10296218,nm0451128
tt10296220,nm0451128
tt10296222,nm0451128
tt10296226,nm0451128
tt10296228,nm0451128
tt10296230,nm0451128
tt10296232,nm0451128
tt10296234,nm0451128
tt10296236,nm0451128
tt10296238,nm0451128
tt10296288,nm4315221
tt10296734,nm10676323
tt10296818,nm0028112
tt10296818,nm1334970
tt10296818,nm2629689
tt10296820,nm0028112
tt10296820,nm1334970
tt10296820,nm2629689
tt10296822,nm0028112
tt10296822,nm1334970
tt10296822,nm2629689
tt10296826,nm0028112
tt10296826,nm1334970
tt10296826,nm2629689
tt10296828,nm0028112
tt10296828,nm1334970
tt10296828,nm2629689
tt10296830,nm0028112
tt10296830,nm1334970
tt10296830,nm2629689
tt10296832,nm0028112
tt10296832,nm1334970
tt10296832,nm2629689
tt10296834,nm0028112
tt10296834,nm1334970
tt10296834,nm2629689
tt10296836,nm0028112
tt10296836,nm1334970
tt10296836,nm2629689
tt10296838,nm0028112
tt10296838,nm1334970
tt10296838,nm2629689
tt10296842,nm0028112
tt10296842,nm1334970
tt10296842,nm2629689
tt10296844,nm0028112
tt10296844,nm1334970
tt10296844,nm2629689
tt10296846,nm0028112
tt10296846,nm1334970
tt10296846,nm2629689
tt10296850,nm0028112
tt10296850,nm1334970
tt10296850,nm2629689
tt10296852,nm0028112
tt10296852,nm1334970
tt10296852,nm2629689
tt10296854,nm0028112
tt10296854,nm1334970
tt10296854,nm2629689
tt10296858,nm0028112
tt10296858,nm1334970
tt10296858,nm2629689
tt10296860,nm0028112
tt10296860,nm1334970
tt10296860,nm2629689
tt10296862,nm0028112
tt10296862,nm1334970
tt10296862,nm2629689
tt10296864,nm0028112
tt10296864,nm1334970
tt10296864,nm2629689
tt10296924,nm13187947
tt10296924,nm3899464
tt10296924,nm4979670
tt10296926,nm13187947
tt10296926,nm3899464
tt10296926,nm4979670
tt10296928,nm13187947
tt10296928,nm3899464
tt10296928,nm4979670
tt10296930,nm13187947
tt10296930,nm3899464
tt10296930,nm4979670
tt10296932,nm13187947
tt10296932,nm3899464
tt10296932,nm4979670
tt10296934,nm13187947
tt10296934,nm3899464
tt10296934,nm4979670
tt10296936,nm13187947
tt10296936,nm3899464
tt10296936,nm4979670
tt10296938,nm13187947
tt10296938,nm3899464
tt10296938,nm4979670
tt10296940,nm13187947
tt10296940,nm3899464
tt10296940,nm4979670
tt10296942,nm13187947
tt10296942,nm3899464
tt10296942,nm4979670
tt10296944,nm13187947
tt10296944,nm3899464
tt10296944,nm4979670
tt10296946,nm13187947
tt10296946,nm3899464
tt10296946,nm4979670
tt10296948,nm13187947
tt10296948,nm3899464
tt10296948,nm4979670
tt10296950,nm13187947
tt10296950,nm3899464
tt10296950,nm4979670
tt10296952,nm13187947
tt10296952,nm3899464
tt10296952,nm4979670
tt10296954,nm13187947
tt10296954,nm3899464
tt10296954,nm4979670
tt10296956,nm13187947
tt10296956,nm3899464
tt10296956,nm4979670
tt10296958,nm13187947
tt10296958,nm3899464
tt10296958,nm4979670
tt10296960,nm13187947
tt10296960,nm3899464
tt10296960,nm4979670
tt10296962,nm13187947
tt10296962,nm3899464
tt10296962,nm4979670
tt10296966,nm13187947
tt10296966,nm3899464
tt10296966,nm4979670
tt10296968,nm13187947
tt10296968,nm3899464
tt10296968,nm4979670
tt10296972,nm13187947
tt10296972,nm3899464
tt10296972,nm4979670
tt10296972,nm5921291
tt10296974,nm13187947
tt10296974,nm3899464
tt10296974,nm4979670
tt10296976,nm13187947
tt10296976,nm3899464
tt10296976,nm4979670
tt10296978,nm13187947
tt10296978,nm3899464
tt10296978,nm4979670
tt10296978,nm5921291
tt10296980,nm13187947
tt10296980,nm3899464
tt10296980,nm4979670
tt10296982,nm13187947
tt10296982,nm3899464
tt10296982,nm4979670
tt10296984,nm13187947
tt10296984,nm3899464
tt10296984,nm4979670
tt10296988,nm13187947
tt10296988,nm3899464
tt10296988,nm4979670
tt10296990,nm13187947
tt10296990,nm3899464
tt10296990,nm4979670
tt10296992,nm13187947
tt10296992,nm3899464
tt10296992,nm4979670
tt10296994,nm13187947
tt10296994,nm3899464
tt10296994,nm4979670
tt10296996,nm13187947
tt10296996,nm3899464
tt10296996,nm4979670
tt10296998,nm13187947
tt10296998,nm3899464
tt10296998,nm4979670
tt10297000,nm13187947
tt10297000,nm3899464
tt10297000,nm4979670
tt10297002,nm13187947
tt10297002,nm3899464
tt10297002,nm4979670
tt10297004,nm13187947
tt10297004,nm3899464
tt10297004,nm4979670
tt10297004,nm5921291
tt10297006,nm13187947
tt10297006,nm3899464
tt10297006,nm4979670
tt10297008,nm13187947
tt10297008,nm3899464
tt10297008,nm4979670
tt10297008,nm5921291
tt10297010,nm13187947
tt10297010,nm3899464
tt10297010,nm4979670
tt10297012,nm13187947
tt10297012,nm3899464
tt10297012,nm4979670
tt10297016,nm13187947
tt10297016,nm3899464
tt10297016,nm4979670
tt10297018,nm13187947
tt10297018,nm3899464
tt10297018,nm4979670
tt10297020,nm13187947
tt10297020,nm3899464
tt10297020,nm4979670
tt10297022,nm13187947
tt10297022,nm3899464
tt10297022,nm4979670
tt10297036,nm5001020
tt10297086,nm9028564
tt10297180,nm10675662
tt10297268,nm0224020
tt10297392,nm0451128
tt10297394,nm0451128
tt10297396,nm0451128
tt10297398,nm0451128
tt10297400,nm0451128
tt10297402,nm0451128
tt10297404,nm0451128
tt10297408,nm0451128
tt10297410,nm0451128
tt10297412,nm0451128
tt10297416,nm0451128
tt10297418,nm0451128
tt10297422,nm0451128
tt10297426,nm0451128
tt10297428,nm0451128
tt10297430,nm0451128
tt10297432,nm0451128
tt10297434,nm0451128
tt10297436,nm0451128
tt10297438,nm0451128
tt10297442,nm0451128
tt10297444,nm0451128
tt10297446,nm0451128
tt10297448,nm0451128
tt10297450,nm0451128
tt10297452,nm0451128
tt10297454,nm0451128
tt10297456,nm0451128
tt10297458,nm0451128
tt10297462,nm0451128
tt10297470,nm0451128
tt10297474,nm0451128
tt10297476,nm0451128
tt10297478,nm0451128
tt10297482,nm0451128
tt10297484,nm0451128
tt10297486,nm0451128
tt10297488,nm0451128
tt10297490,nm0451128
tt10297492,nm0451128
tt10297576,nm8439988
tt10297638,nm0080315
tt10297642,nm0080315
tt10297644,nm0080315
tt10297646,nm0080315
tt10297652,nm0080315
tt10297656,nm0080315
tt10297658,nm0080315
tt10297660,nm0080315
tt10297662,nm0080315
tt10297666,nm0080315
tt10297668,nm0080315
tt10297674,nm0080315
tt10297674,nm6184395
tt10297678,nm0080315
tt10297678,nm6184395
tt10297680,nm0080315
tt10297680,nm6184395
tt10297682,nm0080315
tt10297682,nm6184395
tt10297684,nm0080315
tt10297684,nm6184395
tt10297686,nm0080315
tt10297686,nm6184395
tt10297688,nm0080315
tt10297688,nm6184395
tt10297690,nm0080315
tt10297690,nm6184395
tt10297694,nm0080315
tt10297694,nm6184395
tt10297696,nm0080315
tt10297696,nm6184395
tt10297698,nm0080315
tt10297698,nm6184395
tt10297706,nm0080315
tt10297706,nm6184395
tt10297708,nm0080315
tt10297708,nm6184395
tt10297710,nm0080315
tt10297710,nm6184395
tt10297712,nm0080315
tt10297712,nm6184395
tt10297714,nm0080315
tt10297714,nm6184395
tt10297716,nm0080315
tt10297716,nm6184395
tt10297718,nm0080315
tt10297718,nm6184395
tt10297720,nm0080315
tt10297720,nm6184395
tt10297726,nm0080315
tt10297726,nm6184395
tt10297740,nm0080315
tt10297740,nm5785112
tt10297740,nm6184395
tt10297742,nm10676549
tt10297744,nm0080315
tt10297744,nm5785112
tt10297744,nm6184395
tt10297748,nm0080315
tt10297748,nm6184395
tt10297750,nm0080315
tt10297750,nm6184395
tt10297752,nm0080315
tt10297752,nm6184395
tt10297754,nm0080315
tt10297754,nm6184395
tt10297756,nm0080315
tt10297756,nm6184395
tt10297758,nm0080315
tt10297758,nm6184395
tt10297760,nm0080315
tt10297760,nm6184395
tt10297764,nm0080315
tt10297764,nm6184395
tt10297766,nm0080315
tt10297766,nm6184395
tt10297768,nm0080315
tt10297768,nm5785112
tt10297768,nm6184395
tt10297770,nm0080315
tt10297770,nm6184395
tt10297772,nm0080315
tt10297772,nm6184395
tt10297774,nm0080315
tt10297774,nm5785112
tt10297774,nm6184395
tt10297776,nm0080315
tt10297776,nm6184395
tt10297778,nm0080315
tt10297778,nm5785112
tt10297778,nm6184395
tt10297780,nm0080315
tt10297780,nm5785112
tt10297780,nm6184395
tt10297782,nm0080315
tt10297782,nm5785112
tt10297782,nm6184395
tt10297784,nm0080315
tt10297784,nm6184395
tt10297842,nm0451128
tt10297844,nm0451128
tt10297846,nm0451128
tt10297848,nm0451128
tt10297850,nm0451128
tt10297854,nm0451128
tt10297856,nm0451128
tt10297862,nm0451128
tt10297864,nm0451128
tt10297866,nm0451128
tt10298000,nm4044105
tt10298000,nm6787080
tt10298054,nm8298666
tt10298066,nm9011136
tt10298070,nm9575483
tt10298102,nm10676660
tt10298136,nm5978601
tt10298182,nm10676682
tt10298188,nm7344820
tt10298322,nm3167874
tt10298358,nm10676661
tt10298390,nm3266312
tt10298392,nm3266312
tt10298394,nm3266312
tt10298398,nm3266312
tt10298400,nm3266312
tt10298406,nm3266312
tt10298408,nm3266312
tt10298410,nm3266312
tt10298414,nm1684199
tt10298418,nm3266312
tt10298422,nm3266312
tt10298424,nm3266312
tt10298586,nm10676976
tt10298652,nm4738171
tt10298854,nm10677245
tt10298858,nm10677246
tt10298888,nm3926603
tt10298904,nm10677329
tt10298942,nm1684199
tt10298956,nm4683632
tt10298970,nm1684199
tt10299098,nm9305758
tt10299162,nm0806519
tt10299162,nm10677460
tt10299170,nm7980167
tt10299182,nm7980167
tt10299188,nm7980167
tt10299194,nm7980167
tt10299196,nm7980167
tt10299244,nm10677537
tt10299244,nm7139609
tt10299254,nm4576481
tt10299326,nm5298020
tt10299372,nm0748843
tt10299372,nm1183432
tt10299372,nm1966844
tt10299372,nm2110365
tt10299372,nm2625612
tt10299372,nm4813436
tt10299444,nm9305756
tt10299494,nm5050468
tt10299520,nm5305714
tt10299522,nm3668614
tt10299552,nm4532070
tt10299552,nm6115634
tt10299606,nm5516762
tt10299616,nm3793902
tt10299658,nm7891755
tt10299724,nm1345767
tt10299724,nm1366551
tt10299778,nm5396360
tt10299844,nm3555450
tt10299850,nm0695621
tt10299854,nm0695621
tt10299856,nm10091092
tt10299860,nm0695621
tt10299868,nm0695621
tt10299874,nm0695621
tt10299890,nm3668614
tt10299932,nm10678160
tt10300082,nm10677933
tt10300120,nm6758812
tt10300148,nm10678241
tt10300148,nm10678242
tt10300168,nm3402770
tt10300230,nm10337187
tt10300304,nm0466629
tt10300328,nm10678455
tt10300340,nm9263794
tt10300400,nm10678489
tt10300404,nm8770026
tt10300426,nm8775119
tt10300446,nm5546205
tt10300484,nm7564113
tt10300588,nm3351790
tt10300600,nm5187618
tt10300616,nm10678642
tt10300622,nm4454369
tt10300624,nm4650403
tt10300642,nm10678699
tt10300642,nm8688181
tt10300652,nm4988784
tt10300764,nm7127702
tt10300896,nm10679027
tt10300926,nm10679029
tt10300926,nm7189075
tt10301002,nm0451128
tt10301004,nm0451128
tt10301006,nm0451128
tt10301008,nm0451128
tt10301010,nm0451128
tt10301012,nm0451128
tt10301014,nm0451128
tt10301016,nm0451128
tt10301018,nm0451128
tt10301022,nm0451128
tt10301084,nm10679064
tt10301086,nm0080315
tt10301086,nm5785112
tt10301086,nm6184395
tt10301088,nm0080315
tt10301088,nm5785112
tt10301088,nm6184395
tt10301090,nm0080315
tt10301090,nm5785112
tt10301090,nm6184395
tt10301092,nm0080315
tt10301092,nm6184395
tt10301104,nm0080315
tt10301104,nm6184395
tt10301106,nm0080315
tt10301106,nm5785112
tt10301106,nm6184395
tt10301110,nm0080315
tt10301110,nm6184395
tt10301112,nm0080315
tt10301112,nm6184395
tt10301114,nm0080315
tt10301114,nm5785112
tt10301114,nm6184395
tt10301118,nm0080315
tt10301118,nm5785112
tt10301118,nm6184395
tt10301120,nm0080315
tt10301120,nm6184395
tt10301122,nm0080315
tt10301122,nm6184395
tt10301124,nm0080315
tt10301124,nm6184395
tt10301126,nm0080315
tt10301126,nm5785112
tt10301126,nm6184395
tt10301128,nm0080315
tt10301128,nm6184395
tt10301130,nm0080315
tt10301130,nm6184395
tt10301132,nm0080315
tt10301132,nm5785112
tt10301132,nm6184395
tt10301134,nm0080315
tt10301134,nm6184395
tt10301136,nm0080315
tt10301136,nm6184395
tt10301138,nm0080315
tt10301138,nm6184395
tt10301144,nm0080315
tt10301144,nm6184395
tt10301146,nm0080315
tt10301146,nm6184395
tt10301148,nm0080315
tt10301148,nm6184395
tt10301150,nm0080315
tt10301150,nm6184395
tt10301152,nm0080315
tt10301152,nm6184395
tt10301154,nm0080315
tt10301154,nm6184395
tt10301156,nm0080315
tt10301156,nm6184395
tt10301158,nm0080315
tt10301158,nm6184395
tt10301160,nm0080315
tt10301160,nm6184395
tt10301164,nm0080315
tt10301164,nm6184395
tt10301166,nm0080315
tt10301166,nm6184395
tt10301168,nm0080315
tt10301168,nm6184395
tt10301170,nm0080315
tt10301170,nm6184395
tt10301174,nm0080315
tt10301174,nm6184395
tt10301176,nm0080315
tt10301176,nm6184395
tt10301178,nm0080315
tt10301178,nm6184395
tt10301180,nm0080315
tt10301180,nm6184395
tt10301182,nm0080315
tt10301182,nm6184395
tt10301186,nm0080315
tt10301186,nm6184395
tt10301188,nm0080315
tt10301188,nm6184395
tt10301190,nm0080315
tt10301192,nm0080315
tt10301194,nm0080315
tt10301196,nm0080315
tt10301198,nm0080315
tt10301200,nm0080315
tt10301202,nm0080315
tt10301204,nm0080315
tt10301206,nm0080315
tt10301208,nm0080315
tt10301210,nm0080315
tt10301212,nm0080315
tt10301214,nm0080315
tt10301216,nm0080315
tt10301218,nm0080315
tt10301220,nm0080315
tt10301222,nm0080315
tt10301338,nm0451128
tt10301340,nm0451128
tt10301342,nm0451128
tt10301344,nm0451128
tt10301346,nm0451128
tt10301348,nm0451128
tt10301350,nm3125818
tt10301350,nm5716309
tt10301352,nm0451128
tt10301354,nm0451128
tt10301360,nm0451128
tt10301362,nm0451128
tt10301366,nm0451128
tt10301370,nm0451128
tt10301372,nm0451128
tt10301374,nm0451128
tt10301376,nm0451128
tt10301378,nm0451128
tt10301382,nm0451128
tt10301384,nm0451128
tt10301386,nm3125818
tt10301386,nm5716309
tt10301388,nm0451128
tt10301392,nm0451128
tt10301394,nm0451128
tt10301400,nm0451128
tt10301402,nm0451128
tt10301404,nm0451128
tt10301406,nm0451128
tt10301408,nm0451128
tt10301410,nm3125818
tt10301410,nm5716309
tt10301412,nm0451128
tt10301414,nm0451128
tt10301416,nm0451128
tt10301418,nm0451128
tt10301420,nm0451128
tt10301422,nm1153498
tt10301424,nm0451128
tt10301426,nm0451128
tt10301428,nm0451128
tt10301430,nm0451128
tt10301432,nm0451128
tt10301434,nm0451128
tt10301436,nm0451128
tt10301438,nm0451128
tt10301440,nm0451128
tt10301550,nm8092718
tt10301550,nm8702741
tt10301554,nm9501931
tt10301592,nm1153498
tt10301646,nm1153498
tt10301698,nm1153498
tt10301702,nm0451128
tt10301702,nm8152665
tt10301704,nm0451128
tt10301704,nm8152665
tt10301706,nm0451128
tt10301706,nm8152665
tt10301708,nm0451128
tt10301708,nm8152665
tt10301710,nm0451128
tt10301710,nm8152665
tt10301712,nm0451128
tt10301712,nm8152665
tt10301714,nm0451128
tt10301714,nm8152665
tt10301716,nm0451128
tt10301716,nm8152665
tt10301718,nm0451128
tt10301718,nm8152665
tt10301720,nm0451128
tt10301720,nm8152665
tt10301722,nm0451128
tt10301722,nm8152665
tt10301726,nm0451128
tt10301726,nm8152665
tt10301728,nm0451128
tt10301728,nm8152665
tt10301730,nm0451128
tt10301730,nm8152665
tt10301732,nm0451128
tt10301732,nm8152665
tt10301734,nm0451128
tt10301734,nm8152665
tt10301736,nm0451128
tt10301736,nm8152665
tt10301738,nm0451128
tt10301738,nm8152665
tt10301740,nm0451128
tt10301740,nm8152665
tt10301742,nm0451128
tt10301742,nm8152665
tt10301744,nm0451128
tt10301744,nm8152665
tt10301750,nm0451128
tt10301750,nm8152665
tt10301752,nm0451128
tt10301752,nm8152665
tt10301754,nm0451128
tt10301754,nm8152665
tt10301756,nm0451128
tt10301756,nm8152665
tt10301758,nm0451128
tt10301758,nm8152665
tt10301762,nm0451128
tt10301762,nm8152665
tt10301764,nm0451128
tt10301764,nm8152665
tt10301766,nm0451128
tt10301766,nm8152665
tt10301768,nm0451128
tt10301768,nm8152665
tt10301770,nm0451128
tt10301770,nm8152665
tt10301772,nm0451128
tt10301772,nm8152665
tt10301774,nm0451128
tt10301774,nm8152665
tt10301778,nm0451128
tt10301778,nm8152665
tt10301780,nm0451128
tt10301780,nm8152665
tt10301782,nm0451128
tt10301782,nm8152665
tt10301784,nm0451128
tt10301784,nm8152665
tt10301788,nm0451128
tt10301788,nm8152665
tt10301790,nm0451128
tt10301790,nm8152665
tt10301802,nm0451128
tt10301802,nm8152665
tt10301804,nm0451128
tt10301804,nm8152665
tt10301806,nm0451128
tt10301806,nm8152665
tt10301808,nm0451128
tt10301808,nm8152665
tt10301810,nm0451128
tt10301810,nm8152665
tt10301812,nm0451128
tt10301812,nm8152665
tt10301814,nm0451128
tt10301814,nm8152665
tt10301818,nm0451128
tt10301818,nm8152665
tt10301820,nm0451128
tt10301820,nm8152665
tt10301822,nm0451128
tt10301822,nm8152665
tt10301868,nm6726295
tt10301874,nm13187947
tt10301874,nm3899464
tt10301874,nm4979670
tt10301876,nm13187947
tt10301876,nm3899464
tt10301876,nm4979670
tt10301880,nm13187947
tt10301880,nm3899464
tt10301880,nm4979670
tt10301882,nm13187947
tt10301882,nm3899464
tt10301882,nm4979670
tt10301884,nm13187947
tt10301884,nm3899464
tt10301884,nm4979670
tt10301886,nm13187947
tt10301886,nm3899464
tt10301886,nm4979670
tt10301888,nm13187947
tt10301888,nm3899464
tt10301888,nm4979670
tt10301890,nm13187947
tt10301890,nm3899464
tt10301890,nm4979670
tt10301892,nm13187947
tt10301892,nm3899464
tt10301892,nm4979670
tt10301896,nm13187947
tt10301896,nm3899464
tt10301896,nm4979670
tt10301898,nm13187947
tt10301898,nm3899464
tt10301898,nm4979670
tt10301900,nm13187947
tt10301900,nm3899464
tt10301900,nm4979670
tt10301902,nm13187947
tt10301902,nm3899464
tt10301902,nm4979670
tt10301904,nm13187947
tt10301904,nm3899464
tt10301904,nm4979670
tt10301906,nm13187947
tt10301906,nm3899464
tt10301906,nm4979670
tt10301908,nm13187947
tt10301908,nm3899464
tt10301908,nm4979670
tt10301910,nm13187947
tt10301910,nm3899464
tt10301910,nm4979670
tt10301912,nm13187947
tt10301912,nm3899464
tt10301912,nm4979670
tt10301914,nm13187947
tt10301914,nm3899464
tt10301914,nm4979670
tt10301918,nm13187947
tt10301918,nm3899464
tt10301918,nm4979670
tt10301936,nm10679253
tt10301968,nm6726295
tt10301972,nm0028112
tt10301972,nm1334970
tt10301972,nm2629689
tt10301974,nm0028112
tt10301974,nm1334970
tt10301974,nm2629689
tt10301976,nm0028112
tt10301976,nm1334970
tt10301976,nm2629689
tt10301978,nm0028112
tt10301978,nm1334970
tt10301978,nm2629689
tt10301980,nm0028112
tt10301980,nm1334970
tt10301980,nm2629689
tt10301982,nm0028112
tt10301982,nm1334970
tt10301982,nm2629689
tt10301984,nm0028112
tt10301984,nm1334970
tt10301984,nm2629689
tt10301986,nm0028112
tt10301986,nm1334970
tt10301986,nm2629689
tt10301988,nm0028112
tt10301988,nm1334970
tt10301988,nm2629689
tt10301990,nm0028112
tt10301990,nm1334970
tt10301990,nm2629689
tt10301992,nm0028112
tt10301992,nm1334970
tt10301992,nm2629689
tt10301994,nm0028112
tt10301994,nm1334970
tt10301994,nm2629689
tt10301996,nm0028112
tt10301996,nm1334970
tt10301996,nm2629689
tt10301998,nm0028112
tt10301998,nm1334970
tt10301998,nm2629689
tt10302000,nm0028112
tt10302000,nm1334970
tt10302000,nm2629689
tt10302004,nm0028112
tt10302004,nm1334970
tt10302004,nm2629689
tt10302006,nm0028112
tt10302006,nm1334970
tt10302006,nm2629689
tt10302010,nm0028112
tt10302010,nm1334970
tt10302010,nm2629689
tt10302012,nm0028112
tt10302012,nm1334970
tt10302012,nm2629689
tt10302014,nm0028112
tt10302014,nm1334970
tt10302014,nm2629689
tt10302196,nm6726295
tt10302268,nm6726295
tt10302296,nm6726295
tt10302302,nm9892893
tt10302498,nm0220720
tt10302498,nm4321021
tt10302498,nm6832845
tt10302712,nm10374390
tt10302712,nm6168641
tt10302712,nm6168642
tt10302938,nm9744427
tt10302950,nm10519047
tt10302958,nm10519047
tt10302960,nm10519047
tt10302962,nm10519047
tt10302964,nm10519047
tt10302966,nm10519047
tt10302968,nm10519047
tt10302970,nm10519047
tt10302972,nm10519047
tt10302974,nm10519047
tt10302976,nm10519047
tt10302978,nm10519047
tt10302980,nm10519047
tt10302984,nm10519047
tt10302986,nm10519047
tt10302988,nm10519047
tt10302990,nm10519047
tt10302992,nm10519047
tt10302994,nm10519047
tt10302996,nm7139609
tt10302998,nm10519047
tt10303040,nm10595246
tt10303040,nm10595247
tt10303040,nm11057970
tt10303040,nm11060038
tt10303040,nm11060042
tt10303040,nm7419363
tt10303060,nm9744426
tt10303118,nm10679404
tt10303154,nm6171985
tt10303176,nm10677537
tt10303204,nm9305757
tt10303242,nm10679476
tt10303244,nm10679477
tt10303250,nm9232009
tt10303250,nm9232013
tt10303406,nm7917179
tt10303412,nm8435993
tt10303432,nm6777104
tt10303462,nm10679677
tt10303520,nm3747735
tt10303570,nm5905564
tt10303828,nm10679887
tt10303840,nm10679898
tt10303846,nm1523366
tt10303898,nm0642228
tt10303910,nm10679969
tt10303922,nm3592706
tt10303938,nm3592706
tt10303942,nm8971952
tt10303952,nm0867950
tt10303962,nm10374390
tt10303962,nm6168641
tt10303962,nm6168642
tt10304002,nm6509185
tt10304006,nm3592706
tt10304022,nm4963380
tt10304026,nm3100955
tt10304048,nm5156913
tt10304050,nm3592706
tt10304136,nm3592706
tt10304188,nm3592706
tt10304250,nm8804374
tt10304402,nm3592706
tt10304404,nm10519047
tt10304406,nm10519047
tt10304408,nm10519047
tt10304410,nm10519047
tt10304412,nm10519047
tt10304414,nm10519047
tt10304416,nm10519047
tt10304418,nm10519047
tt10304420,nm10519047
tt10304422,nm10519047
tt10304424,nm10519047
tt10304426,nm10519047
tt10304430,nm10519047
tt10304432,nm10519047
tt10304434,nm10519047
tt10304436,nm10519047
tt10304438,nm10519047
tt10304440,nm10519047
tt10304444,nm10519047
tt10304446,nm10519047
tt10304506,nm3592706
tt10305124,nm10492716
tt10305170,nm8355848
tt10305172,nm10489714
tt10305174,nm10680456
tt10305192,nm7197535
tt10305194,nm5849028
tt10305230,nm4493828
tt10305250,nm4140180
tt10305254,nm4493828
tt10305262,nm10680492
tt10305294,nm6179964
tt10305312,nm4058614
tt10305318,nm6262854
tt10305326,nm4493828
tt10305356,nm6307282
tt10305428,nm8658344
tt10305432,nm2542060
tt10305440,nm9083219
tt10305448,nm4058614
tt10305452,nm13284996
tt10305452,nm9844865
tt10305480,nm11346788
tt10305480,nm11366107
tt10305506,nm10680772
tt10305510,nm10680779
tt10305536,nm2593568
tt10305540,nm10680817
tt10305548,nm10631069
tt10305558,nm5161011
tt10305608,nm10678489
tt10305696,nm2005384
tt10305696,nm2872021
tt10305702,nm0947662
tt10305706,nm10392181
tt10305848,nm10681055
tt10305860,nm9604160
tt10305878,nm10045188
tt10305878,nm11500625
tt10305878,nm11500629
tt10305896,nm10681093
tt10305896,nm10681094
tt10305896,nm10681095
tt10305896,nm10681096
tt10305896,nm10681097
tt10305896,nm10681098
tt10305896,nm10681099
tt10305896,nm10681100
tt10305898,nm10882195
tt10305934,nm4663557
tt10305936,nm4856192
tt10306054,nm7648476
tt10306136,nm10677245
tt10306194,nm5752105
tt10306256,nm4493828
tt10306268,nm1177753
tt10306268,nm5333465
tt10306270,nm7609420
tt10306316,nm10681399
tt10306340,nm4931836
tt10306422,nm3474125
tt10306448,nm3587695
tt10306518,nm0028112
tt10306518,nm1334970
tt10306518,nm2629689
tt10306520,nm0028112
tt10306520,nm1334970
tt10306520,nm2629689
tt10306524,nm0028112
tt10306524,nm1334970
tt10306524,nm2629689
tt10306526,nm0028112
tt10306526,nm1334970
tt10306526,nm2629689
tt10306528,nm0028112
tt10306528,nm1334970
tt10306528,nm2629689
tt10306530,nm0028112
tt10306530,nm1334970
tt10306530,nm2629689
tt10306532,nm0028112
tt10306532,nm1334970
tt10306532,nm2629689
tt10306534,nm0028112
tt10306534,nm1334970
tt10306534,nm2629689
tt10306536,nm0028112
tt10306536,nm1334970
tt10306536,nm2629689
tt10306538,nm0028112
tt10306538,nm1334970
tt10306538,nm2629689
tt10306540,nm0028112
tt10306540,nm1334970
tt10306540,nm2629689
tt10306542,nm0028112
tt10306542,nm1334970
tt10306542,nm2629689
tt10306544,nm0028112
tt10306544,nm1334970
tt10306544,nm2629689
tt10306548,nm0028112
tt10306548,nm1334970
tt10306548,nm2629689
tt10306550,nm0028112
tt10306550,nm1334970
tt10306550,nm2629689
tt10306552,nm0028112
tt10306552,nm1334970
tt10306552,nm2629689
tt10306554,nm0028112
tt10306554,nm1334970
tt10306554,nm2629689
tt10306556,nm0028112
tt10306556,nm1334970
tt10306556,nm2629689
tt10306558,nm0028112
tt10306558,nm1334970
tt10306558,nm2629689
tt10306560,nm0028112
tt10306560,nm1334970
tt10306560,nm2629689
tt10306562,nm0028112
tt10306562,nm1334970
tt10306562,nm2629689
tt10306564,nm0028112
tt10306564,nm1334970
tt10306564,nm2629689
tt10306566,nm0028112
tt10306566,nm1334970
tt10306566,nm2629689
tt10306568,nm0028112
tt10306568,nm1334970
tt10306568,nm2629689
tt10306570,nm0028112
tt10306570,nm1334970
tt10306570,nm2629689
tt10306572,nm0862015
tt10306572,nm6833072
tt10306574,nm0028112
tt10306574,nm1334970
tt10306574,nm2629689
tt10306576,nm0028112
tt10306576,nm1334970
tt10306576,nm2629689
tt10306618,nm13187947
tt10306618,nm3899464
tt10306618,nm4979670
tt10306620,nm13187947
tt10306620,nm3899464
tt10306620,nm4979670
tt10306622,nm13187947
tt10306622,nm3899464
tt10306622,nm4979670
tt10306624,nm13187947
tt10306624,nm3899464
tt10306624,nm4979670
tt10306626,nm13187947
tt10306626,nm3899464
tt10306626,nm4979670
tt10306628,nm13187947
tt10306628,nm3899464
tt10306628,nm4979670
tt10306630,nm13187947
tt10306630,nm3899464
tt10306630,nm4979670
tt10306632,nm13187947
tt10306632,nm3899464
tt10306632,nm4979670
tt10306634,nm13187947
tt10306634,nm3899464
tt10306634,nm4979670
tt10306636,nm13187947
tt10306636,nm3899464
tt10306636,nm4979670
tt10306638,nm13187947
tt10306638,nm3899464
tt10306638,nm4979670
tt10306640,nm13187947
tt10306640,nm3899464
tt10306640,nm4979670
tt10306642,nm13187947
tt10306642,nm3899464
tt10306642,nm4979670
tt10306644,nm13187947
tt10306644,nm3899464
tt10306644,nm4979670
tt10306646,nm13187947
tt10306646,nm3899464
tt10306646,nm4979670
tt10306648,nm13187947
tt10306648,nm3899464
tt10306648,nm4979670
tt10306650,nm13187947
tt10306650,nm3899464
tt10306650,nm4979670
tt10306652,nm13187947
tt10306652,nm3899464
tt10306652,nm4979670
tt10306654,nm13187947
tt10306654,nm3899464
tt10306654,nm4979670
tt10306658,nm13187947
tt10306658,nm3899464
tt10306658,nm4979670
tt10306662,nm0451128
tt10306662,nm8152665
tt10306664,nm0451128
tt10306664,nm8152665
tt10306666,nm0451128
tt10306666,nm8152665
tt10306670,nm0451128
tt10306670,nm8152665
tt10306672,nm0451128
tt10306672,nm8152665
tt10306674,nm0451128
tt10306674,nm8152665
tt10306676,nm0451128
tt10306676,nm8152665
tt10306678,nm0451128
tt10306678,nm8152665
tt10306680,nm0451128
tt10306680,nm8152665
tt10306682,nm0451128
tt10306682,nm8152665
tt10306684,nm0451128
tt10306684,nm8152665
tt10306686,nm0451128
tt10306686,nm8152665
tt10306688,nm0451128
tt10306688,nm8152665
tt10306690,nm0451128
tt10306690,nm8152665
tt10306694,nm0451128
tt10306694,nm8152665
tt10306698,nm0451128
tt10306698,nm8152665
tt10306700,nm0451128
tt10306700,nm8152665
tt10306702,nm0451128
tt10306702,nm8152665
tt10306704,nm0451128
tt10306704,nm8152665
tt10306706,nm0451128
tt10306706,nm8152665
tt10306708,nm0451128
tt10306708,nm8152665
tt10306710,nm0451128
tt10306710,nm8152665
tt10306712,nm0451128
tt10306712,nm8152665
tt10306714,nm0451128
tt10306714,nm8152665
tt10306716,nm0451128
tt10306716,nm8152665
tt10306718,nm0451128
tt10306718,nm8152665
tt10306720,nm0451128
tt10306720,nm8152665
tt10306722,nm0451128
tt10306722,nm8152665
tt10306724,nm0451128
tt10306724,nm8152665
tt10306726,nm0451128
tt10306726,nm8152665
tt10306730,nm0451128
tt10306730,nm8152665
tt10306732,nm0451128
tt10306732,nm8152665
tt10306734,nm0451128
tt10306734,nm8152665
tt10306736,nm0451128
tt10306736,nm8152665
tt10306738,nm0451128
tt10306738,nm8152665
tt10306740,nm0451128
tt10306740,nm8152665
tt10306742,nm0451128
tt10306742,nm8152665
tt10306744,nm0451128
tt10306744,nm8152665
tt10306746,nm8001638
tt10306796,nm0451128
tt10306796,nm8152665
tt10306800,nm0451128
tt10306800,nm8152665
tt10306802,nm0451128
tt10306802,nm8152665
tt10306804,nm0451128
tt10306804,nm8152665
tt10306806,nm0451128
tt10306806,nm8152665
tt10306810,nm0451128
tt10306810,nm8152665
tt10306812,nm0451128
tt10306812,nm8152665
tt10306814,nm0451128
tt10306814,nm8152665
tt10306816,nm0451128
tt10306816,nm8152665
tt10306818,nm0451128
tt10306818,nm8152665
tt10306822,nm0451128
tt10306822,nm8152665
tt10306824,nm0451128
tt10306824,nm8152665
tt10306826,nm0451128
tt10306826,nm8152665
tt10306830,nm0451128
tt10306830,nm8152665
tt10306832,nm0451128
tt10306832,nm8152665
tt10306834,nm0451128
tt10306834,nm8152665
tt10306836,nm0451128
tt10306836,nm8152665
tt10306840,nm0451128
tt10306840,nm8152665
tt10306842,nm0451128
tt10306842,nm8152665
tt10306846,nm0451128
tt10306846,nm8152665
tt10306848,nm0451128
tt10306848,nm8152665
tt10306850,nm0451128
tt10306850,nm8152665
tt10306854,nm0451128
tt10306854,nm8152665
tt10306856,nm0451128
tt10306856,nm8152665
tt10306858,nm0451128
tt10306858,nm8152665
tt10306860,nm0451128
tt10306860,nm8152665
tt10306862,nm0451128
tt10306862,nm8152665
tt10306866,nm0451128
tt10306866,nm8152665
tt10306868,nm0451128
tt10306868,nm8152665
tt10306870,nm0451128
tt10306870,nm8152665
tt10306872,nm0451128
tt10306872,nm8152665
tt10306874,nm0451128
tt10306874,nm8152665
tt10306878,nm0451128
tt10306878,nm8152665
tt10306880,nm0451128
tt10306880,nm8152665
tt10306882,nm0451128
tt10306882,nm8152665
tt10306886,nm0451128
tt10306886,nm8152665
tt10306888,nm0451128
tt10306888,nm8152665
tt10306890,nm0451128
tt10306890,nm8152665
tt10306892,nm0451128
tt10306892,nm8152665
tt10306896,nm0451128
tt10306896,nm8152665
tt10306898,nm0451128
tt10306898,nm8152665
tt10306900,nm0451128
tt10306900,nm8152665
tt10306904,nm0451128
tt10306904,nm8152665
tt10306908,nm0451128
tt10306908,nm8152665
tt10307028,nm0080315
tt10307028,nm6184395
tt10307030,nm0080315
tt10307030,nm6184395
tt10307032,nm0080315
tt10307032,nm6184395
tt10307036,nm0080315
tt10307036,nm6184395
tt10307038,nm0080315
tt10307038,nm6184395
tt10307040,nm0080315
tt10307040,nm6184395
tt10307042,nm0080315
tt10307042,nm6184395
tt10307044,nm0080315
tt10307044,nm6184395
tt10307046,nm0080315
tt10307046,nm6184395
tt10307048,nm0080315
tt10307048,nm6184395
tt10307050,nm0080315
tt10307050,nm6184395
tt10307052,nm0080315
tt10307052,nm6184395
tt10307054,nm0080315
tt10307054,nm6184395
tt10307056,nm0080315
tt10307056,nm6184395
tt10307064,nm0080315
tt10307064,nm6184395
tt10307066,nm0080315
tt10307066,nm6184395
tt10307068,nm0080315
tt10307068,nm6184395
tt10307070,nm0080315
tt10307070,nm6184395
tt10307072,nm0080315
tt10307072,nm6184395
tt10307074,nm0080315
tt10307074,nm5785112
tt10307074,nm6184395
tt10307078,nm0080315
tt10307078,nm6184395
tt10307080,nm0080315
tt10307080,nm5785112
tt10307080,nm6184395
tt10307082,nm0080315
tt10307082,nm6184395
tt10307084,nm0080315
tt10307084,nm6184395
tt10307088,nm0080315
tt10307088,nm5785112
tt10307088,nm6184395
tt10307090,nm0080315
tt10307090,nm5785112
tt10307090,nm6184395
tt10307092,nm0080315
tt10307092,nm6184395
tt10307094,nm0080315
tt10307094,nm5785112
tt10307094,nm6184395
tt10307096,nm0080315
tt10307096,nm5785112
tt10307096,nm6184395
tt10307100,nm0080315
tt10307100,nm6184395
tt10307102,nm0080315
tt10307102,nm5785112
tt10307102,nm6184395
tt10307104,nm0080315
tt10307104,nm6184395
tt10307106,nm0080315
tt10307106,nm5785112
tt10307106,nm6184395
tt10307110,nm0080315
tt10307110,nm6184395
tt10307112,nm0080315
tt10307112,nm6184395
tt10307114,nm0080315
tt10307114,nm5785112
tt10307114,nm6184395
tt10307116,nm0080315
tt10307116,nm6184395
tt10307118,nm0080315
tt10307118,nm5785112
tt10307118,nm6184395
tt10307120,nm0080315
tt10307120,nm5785112
tt10307120,nm6184395
tt10307122,nm0080315
tt10307122,nm6184395
tt10307124,nm0491286
tt10307174,nm0451128
tt10307176,nm0451128
tt10307178,nm0451128
tt10307180,nm0451128
tt10307182,nm0451128
tt10307184,nm0451128
tt10307186,nm0451128
tt10307188,nm0451128
tt10307190,nm0451128
tt10307192,nm0451128
tt10307256,nm10681651
tt10307376,nm10681693
tt10307442,nm0623311
tt10307652,nm10558751
tt10307670,nm10558751
tt10307672,nm10558751
tt10307674,nm10681821
tt10307678,nm10558751
tt10307682,nm10558751
tt10307684,nm10558751
tt10307686,nm10558751
tt10307688,nm10558751
tt10307690,nm10558751
tt10307692,nm10558751
tt10307694,nm10558751
tt10307696,nm10558751
tt10307698,nm10558751
tt10307700,nm10558751
tt10307702,nm10558751
tt10307704,nm10558751
tt10307706,nm10558751
tt10307708,nm10558751
tt10307710,nm10558751
tt10307712,nm10558751
tt10307714,nm10558751
tt10307716,nm5176346
tt10307720,nm10681826
tt10307742,nm0220720
tt10307742,nm4321021
tt10307742,nm6832845
tt10307744,nm0220720
tt10307744,nm4321021
tt10307744,nm6832845
tt10307750,nm0220720
tt10307750,nm4321021
tt10307750,nm6832845
tt10307762,nm0220720
tt10307762,nm4321021
tt10307762,nm6832845
tt10307786,nm10618407
tt10307828,nm0994268
tt10307828,nm1134317
tt10307828,nm1523882
tt10307878,nm7062412
tt10307884,nm2593568
tt10307892,nm2593568
tt10307894,nm6509185
tt10307898,nm5076113
tt10307902,nm2593568
tt10307910,nm10677948
tt10307916,nm5824677
tt10307990,nm3513211
tt10308002,nm0695621
tt10308008,nm10682070
tt10308040,nm4155475
tt10308042,nm1821883
tt10308200,nm1586042
tt10308222,nm0281983
tt10308222,nm0858624
tt10308236,nm5511720
tt10308322,nm10657071
tt10308346,nm4006146
tt10308358,nm7896989
tt10308370,nm7896989
tt10308404,nm7896989
tt10308406,nm4493828
tt10308460,nm7513574
tt10308552,nm10674674
tt10308562,nm3364103
tt10308562,nm3905372
tt10308572,nm10682460
tt10308576,nm4496110
tt10308616,nm10682596
tt10308628,nm10392843
tt10308638,nm0695621
tt10308648,nm3560236
tt10308652,nm1128030
tt10308658,nm10474908
tt10308658,nm10682682
tt10308662,nm0695621
tt10308664,nm0695621
tt10308676,nm0695621
tt10308720,nm0993783
tt10308740,nm10682750
tt10308754,nm2996861
tt10308816,nm3560236
tt10308824,nm10041414
tt10308830,nm3560236
tt10308838,nm3100955
tt10308844,nm3560236
tt10308850,nm3560236
tt10308860,nm3560236
tt10308868,nm3560236
tt10308874,nm10682843
tt10308880,nm3560236
tt10308886,nm3560236
tt10309046,nm10675662
tt10309048,nm0065834
tt10309206,nm10779540
tt10309212,nm10683000
tt10309364,nm0157842
tt10309396,nm10683156
tt10309418,nm8258562
tt10309430,nm10680398
tt10309434,nm10675662
tt10309440,nm10675660
tt10309442,nm10614077
tt10309460,nm10474908
tt10309460,nm10682682
tt10309470,nm10683243
tt10309522,nm8126395
tt10309586,nm1008878
tt10309594,nm1952394
tt10309642,nm8999838
tt10309656,nm9985989
tt10309704,nm2219647
tt10309778,nm10656809
tt10309786,nm1505381
tt10309804,nm7824445
tt10309846,nm5789142
tt10309878,nm4008978
tt10309896,nm0876258
tt10309898,nm0308520
tt10309984,nm1637753
tt10310076,nm9829784
tt10310168,nm9748246
tt10310172,nm10683828
tt10310314,nm10558751
tt10310316,nm10558751
tt10310318,nm10558751
tt10310320,nm10558751
tt10310322,nm10558751
tt10310324,nm10558751
tt10310328,nm10558751
tt10310330,nm10558751
tt10310332,nm10558751
tt10310334,nm10558751
tt10310336,nm10558751
tt10310338,nm10558751
tt10310340,nm10558751
tt10310342,nm10558751
tt10310344,nm10558751
tt10310346,nm10558751
tt10310348,nm10558751
tt10310350,nm10558751
tt10310352,nm10558751
tt10310358,nm10558751
tt10310538,nm1965030
tt10310794,nm0451128
tt10310796,nm0451128
tt10310798,nm0451128
tt10310800,nm0451128
tt10310802,nm0451128
tt10310804,nm0451128
tt10310806,nm0451128
tt10310808,nm0451128
tt10310810,nm0451128
tt10310812,nm0451128
tt10310860,nm0080315
tt10310860,nm6184395
tt10310862,nm0080315
tt10310862,nm6184395
tt10310864,nm0080315
tt10310864,nm6184395
tt10310868,nm0080315
tt10310868,nm6184395
tt10310870,nm0080315
tt10310870,nm6184395
tt10310872,nm0080315
tt10310872,nm6184395
tt10310874,nm0080315
tt10310874,nm6184395
tt10310876,nm0080315
tt10310876,nm6184395
tt10310878,nm0080315
tt10310878,nm6184395
tt10310880,nm0080315
tt10310880,nm6184395
tt10310882,nm0080315
tt10310882,nm6184395
tt10310884,nm0080315
tt10310884,nm6184395
tt10310888,nm0080315
tt10310888,nm6184395
tt10310890,nm0080315
tt10310890,nm6184395
tt10310892,nm0080315
tt10310892,nm6184395
tt10310896,nm0080315
tt10310896,nm6184395
tt10310900,nm0080315
tt10310900,nm6184395
tt10310902,nm0080315
tt10310902,nm6184395
tt10310904,nm0080315
tt10310904,nm6184395
tt10310906,nm0080315
tt10310906,nm6184395
tt10310932,nm0451128
tt10310932,nm8152665
tt10310934,nm0451128
tt10310934,nm8152665
tt10310936,nm0451128
tt10310936,nm8152665
tt10310938,nm0451128
tt10310938,nm8152665
tt10310940,nm0451128
tt10310940,nm8152665
tt10310942,nm0451128
tt10310942,nm8152665
tt10310944,nm0451128
tt10310944,nm8152665
tt10310946,nm0451128
tt10310946,nm8152665
tt10310948,nm0451128
tt10310948,nm8152665
tt10310950,nm0451128
tt10310950,nm8152665
tt10310954,nm0451128
tt10310954,nm8152665
tt10310956,nm0451128
tt10310956,nm8152665
tt10310958,nm0451128
tt10310958,nm8152665
tt10310960,nm0451128
tt10310960,nm8152665
tt10310962,nm0451128
tt10310962,nm8152665
tt10310964,nm0451128
tt10310964,nm8152665
tt10310966,nm0451128
tt10310966,nm8152665
tt10310968,nm0451128
tt10310968,nm8152665
tt10310970,nm0451128
tt10310970,nm8152665
tt10310972,nm0451128
tt10310972,nm8152665
tt10310974,nm0451128
tt10310974,nm8152665
tt10310976,nm0451128
tt10310976,nm8152665
tt10310978,nm0451128
tt10310978,nm8152665
tt10310982,nm0451128
tt10310982,nm8152665
tt10310984,nm0451128
tt10310984,nm8152665
tt10310988,nm0451128
tt10310988,nm8152665
tt10310990,nm0451128
tt10310990,nm8152665
tt10310992,nm0451128
tt10310992,nm8152665
tt10310994,nm1965030
tt10310996,nm0451128
tt10310996,nm8152665
tt10310998,nm0451128
tt10310998,nm8152665
tt10311004,nm0451128
tt10311004,nm8152665
tt10311006,nm0451128
tt10311006,nm8152665
tt10311008,nm0451128
tt10311008,nm8152665
tt10311012,nm0451128
tt10311012,nm8152665
tt10311014,nm0451128
tt10311014,nm8152665
tt10311016,nm0451128
tt10311016,nm8152665
tt10311022,nm0451128
tt10311022,nm8152665
tt10311024,nm0451128
tt10311024,nm8152665
tt10311028,nm0451128
tt10311028,nm8152665
tt10311030,nm0451128
tt10311030,nm8152665
tt10311086,nm0451128
tt10311086,nm8152665
tt10311088,nm0451128
tt10311088,nm8152665
tt10311090,nm0451128
tt10311090,nm8152665
tt10311092,nm0451128
tt10311092,nm8152665
tt10311094,nm0451128
tt10311094,nm8152665
tt10311098,nm0451128
tt10311098,nm8152665
tt10311100,nm0451128
tt10311100,nm8152665
tt10311102,nm0451128
tt10311102,nm8152665
tt10311104,nm0451128
tt10311104,nm8152665
tt10311106,nm0451128
tt10311106,nm8152665
tt10311112,nm0451128
tt10311112,nm8152665
tt10311114,nm0451128
tt10311114,nm8152665
tt10311116,nm0451128
tt10311116,nm8152665
tt10311120,nm0451128
tt10311120,nm8152665
tt10311122,nm0451128
tt10311122,nm8152665
tt10311124,nm0451128
tt10311124,nm8152665
tt10311126,nm0451128
tt10311126,nm8152665
tt10311128,nm0451128
tt10311128,nm8152665
tt10311130,nm0451128
tt10311130,nm8152665
tt10311132,nm0451128
tt10311132,nm8152665
tt10311144,nm0451128
tt10311144,nm8152665
tt10311146,nm0451128
tt10311146,nm8152665
tt10311148,nm0451128
tt10311148,nm8152665
tt10311150,nm0451128
tt10311150,nm8152665
tt10311152,nm0451128
tt10311152,nm8152665
tt10311154,nm0451128
tt10311154,nm8152665
tt10311156,nm0451128
tt10311156,nm8152665
tt10311158,nm0451128
tt10311158,nm8152665
tt10311160,nm0451128
tt10311160,nm8152665
tt10311162,nm0451128
tt10311162,nm8152665
tt10311166,nm0451128
tt10311166,nm8152665
tt10311170,nm0451128
tt10311170,nm8152665
tt10311174,nm0451128
tt10311174,nm8152665
tt10311176,nm0451128
tt10311176,nm8152665
tt10311178,nm0451128
tt10311178,nm8152665
tt10311182,nm0451128
tt10311182,nm8152665
tt10311186,nm0451128
tt10311186,nm8152665
tt10311188,nm0451128
tt10311188,nm8152665
tt10311198,nm13187947
tt10311198,nm3899464
tt10311198,nm4979670
tt10311200,nm13187947
tt10311200,nm3899464
tt10311200,nm4979670
tt10311204,nm13187947
tt10311204,nm3899464
tt10311204,nm4979670
tt10311206,nm13187947
tt10311206,nm3899464
tt10311206,nm4979670
tt10311210,nm13187947
tt10311210,nm3899464
tt10311210,nm4979670
tt10311212,nm13187947
tt10311212,nm3899464
tt10311212,nm4979670
tt10311214,nm13187947
tt10311214,nm3899464
tt10311214,nm4979670
tt10311218,nm13187947
tt10311218,nm3899464
tt10311218,nm4979670
tt10311220,nm13187947
tt10311220,nm3899464
tt10311220,nm4979670
tt10311222,nm13187947
tt10311222,nm3899464
tt10311222,nm4979670
tt10311224,nm13187947
tt10311224,nm3899464
tt10311224,nm4979670
tt10311226,nm13187947
tt10311226,nm3899464
tt10311226,nm4979670
tt10311230,nm13187947
tt10311230,nm3899464
tt10311230,nm4979670
tt10311232,nm13187947
tt10311232,nm3899464
tt10311232,nm4979670
tt10311234,nm13187947
tt10311234,nm3899464
tt10311234,nm4979670
tt10311236,nm13187947
tt10311236,nm3899464
tt10311236,nm4979670
tt10311238,nm13187947
tt10311238,nm3899464
tt10311238,nm4979670
tt10311240,nm13187947
tt10311240,nm3899464
tt10311240,nm4979670
tt10311242,nm13187947
tt10311242,nm3899464
tt10311242,nm4979670
tt10311244,nm13187947
tt10311244,nm3899464
tt10311244,nm4979670
tt10311246,nm7659781
tt10311248,nm13187947
tt10311248,nm3899464
tt10311248,nm4979670
tt10311250,nm13187947
tt10311250,nm3899464
tt10311250,nm4979670
tt10311252,nm13187947
tt10311252,nm3899464
tt10311252,nm4979670
tt10311420,nm1965030
tt10311454,nm10684099
tt10311454,nm5054340
tt10311578,nm2110780
tt10311648,nm5756051
tt10311668,nm5985086
tt10311694,nm1965030
tt10311888,nm10519047
tt10311890,nm10519047
tt10311892,nm10519047
tt10311894,nm10519047
tt10311896,nm10519047
tt10311898,nm10519047
tt10311900,nm10519047
tt10311902,nm10519047
tt10311904,nm10519047
tt10311906,nm10519047
tt10311908,nm10519047
tt10311910,nm10519047
tt10311912,nm10519047
tt10311914,nm10519047
tt10311918,nm10519047
tt10311920,nm10519047
tt10311922,nm10519047
tt10311924,nm10519047
tt10311926,nm10519047
tt10311928,nm10519047
tt10311934,nm10435648
tt10311982,nm2561244
tt10311996,nm3563218
tt10312260,nm10142379
tt10312260,nm5555777
tt10312412,nm8152696
tt10312488,nm3050092
tt10312576,nm10466699
tt10312580,nm9181656
tt10312748,nm10684421
tt10312782,nm0440948
tt10312840,nm9651650
tt10312844,nm4568466
tt10312914,nm4798691
tt10313038,nm0157266
tt10313038,nm1435912
tt10313038,nm1595310
tt10313076,nm9181687
tt10313104,nm7294722
tt10313142,nm10684789
tt10313180,nm1625001
tt10313184,nm4695609
tt10313190,nm5338642
tt10313200,nm10684852
tt10313206,nm10675662
tt10313222,nm3747735
tt10313224,nm10676439
tt10313226,nm10684852
tt10313236,nm10682070
tt10313250,nm10684866
tt10313258,nm10394452
tt10313264,nm10684888
tt10313270,nm10680398
tt10313310,nm2968347
tt10313350,nm7980167
tt10313376,nm9941596
tt10313390,nm9941596
tt10313408,nm9941596
tt10313440,nm9402475
tt10313442,nm9009617
tt10313468,nm9941596
tt10313488,nm9402475
tt10313498,nm9470997
tt10313510,nm9941596
tt10313516,nm9941596
tt10313524,nm9009617
tt10313544,nm10685050
tt10313548,nm9009617
tt10313580,nm7235199
tt10313584,nm9009617
tt10313618,nm10685148
tt10313646,nm9009617
tt10313662,nm2529296
tt10313662,nm4848673
tt10313694,nm10825286
tt10313800,nm0005549
tt10313818,nm10685367
tt10313852,nm9623562
tt10313864,nm4058614
tt10313866,nm6396636
tt10313874,nm8796895
tt10313902,nm2891298
tt10313912,nm3771674
tt10314074,nm10685515
tt10314108,nm10685541
tt10314270,nm7235199
tt10314342,nm0904942
tt10314384,nm10675662
tt10314388,nm10676439
tt10314392,nm10394452
tt10314396,nm10394452
tt10314398,nm10678000
tt10314400,nm10394452
tt10314402,nm10394452
tt10314404,nm0695621
tt10314408,nm10685727
tt10314426,nm10685748
tt10314446,nm10677398
tt10314472,nm5685980
tt10314476,nm0893097
tt10314526,nm8274264
tt10314670,nm3459792
tt10314670,nm4955371
tt10314676,nm10466699
tt10314678,nm9813841
tt10314682,nm10681890
tt10314688,nm9881101
tt10314718,nm10671132
tt10314742,nm10657071
tt10314748,nm5873079
tt10314774,nm10678489
tt10314814,nm1754708
tt10314834,nm10678489
tt10314850,nm5706265
tt10314906,nm0002315
tt10314906,nm1050453
tt10314910,nm0002315
tt10314910,nm1050453
tt10314914,nm0002315
tt10314914,nm1050453
tt10314916,nm0002315
tt10314916,nm1050453
tt10314920,nm0002315
tt10314920,nm1050453
tt10314926,nm0002315
tt10314926,nm0343939
tt10314928,nm0002315
tt10314928,nm0343939
tt10314930,nm6267006
tt10314932,nm0002315
tt10314932,nm0343939
tt10314936,nm0002315
tt10314936,nm0343939
tt10314938,nm0002315
tt10314938,nm0343939
tt10314940,nm5942295
tt10314982,nm10685935
tt10314982,nm12740647
tt10315014,nm10301574
tt10315022,nm2278756
tt10315080,nm6416436
tt10315080,nm6639561
tt10315128,nm3528470
tt10315136,nm2766265
tt10315138,nm10585015
tt10315170,nm2766265
tt10315300,nm2756336
tt10315322,nm6557448
tt10315322,nm6557449
tt10315336,nm7802940
tt10315342,nm0002315
tt10315342,nm0343939
tt10315350,nm0002315
tt10315350,nm0343939
tt10315356,nm0002315
tt10315356,nm0343939
tt10315360,nm0002315
tt10315360,nm0343939
tt10315376,nm0002315
tt10315376,nm0343939
tt10315402,nm0002315
tt10315402,nm0343939
tt10315416,nm0002315
tt10315416,nm0343939
tt10315430,nm0002315
tt10315430,nm0343939
tt10315558,nm0002315
tt10315558,nm1050453
tt10315572,nm0002315
tt10315572,nm1050453
tt10315608,nm0002315
tt10315632,nm0002315
tt10315642,nm0002315
tt10315650,nm9135712
tt10315706,nm9135712
tt10315946,nm4585713
tt10315958,nm11271904
tt10315968,nm2739196
tt10315974,nm2739196
tt10315990,nm11271904
tt10315992,nm2739196
tt10315994,nm0624556
tt10315996,nm4585713
tt10316000,nm4585713
tt10316004,nm11271904
tt10316020,nm11271904
tt10316024,nm10519047
tt10316026,nm10519047
tt10316028,nm4585713
tt10316034,nm11271904
tt10316040,nm10519047
tt10316046,nm10519047
tt10316048,nm10519047
tt10316052,nm10519047
tt10316054,nm2739196
tt10316056,nm10519047
tt10316058,nm10519047
tt10316060,nm10519047
tt10316062,nm4585713
tt10316066,nm10519047
tt10316070,nm10519047
tt10316074,nm10519047
tt10316076,nm10519047
tt10316078,nm10519047
tt10316080,nm10519047
tt10316082,nm10519047
tt10316084,nm10519047
tt10316090,nm10519047
tt10316092,nm10519047
tt10316096,nm10519047
tt10316236,nm5712003
tt10316282,nm10677245
tt10316282,nm10686360
tt10316282,nm10686361
tt10316282,nm10686362
tt10316392,nm7021902
tt10316610,nm0451128
tt10316610,nm8152665
tt10316622,nm0451128
tt10316622,nm8152665
tt10316626,nm0451128
tt10316626,nm8152665
tt10316628,nm0451128
tt10316628,nm8152665
tt10316630,nm0451128
tt10316630,nm8152665
tt10316632,nm0451128
tt10316632,nm8152665
tt10316634,nm0451128
tt10316634,nm8152665
tt10316636,nm0451128
tt10316636,nm8152665
tt10316640,nm0352355
tt10316642,nm0451128
tt10316642,nm8152665
tt10316644,nm0451128
tt10316644,nm8152665
tt10316646,nm0451128
tt10316646,nm8152665
tt10316648,nm0451128
tt10316648,nm8152665
tt10316650,nm0451128
tt10316650,nm8152665
tt10316652,nm0451128
tt10316652,nm8152665
tt10316654,nm0451128
tt10316654,nm8152665
tt10316656,nm0451128
tt10316656,nm8152665
tt10316658,nm0451128
tt10316658,nm8152665
tt10316660,nm0451128
tt10316660,nm8152665
tt10316668,nm0451128
tt10316668,nm8152665
tt10316670,nm0451128
tt10316670,nm8152665
tt10316672,nm0451128
tt10316672,nm8152665
tt10316674,nm0451128
tt10316674,nm8152665
tt10316676,nm0451128
tt10316676,nm8152665
tt10316680,nm0451128
tt10316680,nm8152665
tt10316682,nm0451128
tt10316682,nm8152665
tt10316684,nm0451128
tt10316684,nm8152665
tt10316686,nm0451128
tt10316686,nm8152665
tt10316688,nm0451128
tt10316688,nm8152665
tt10316690,nm0451128
tt10316690,nm8152665
tt10316692,nm0451128
tt10316692,nm8152665
tt10316694,nm0451128
tt10316694,nm8152665
tt10316696,nm0451128
tt10316696,nm8152665
tt10316698,nm0451128
tt10316698,nm8152665
tt10316700,nm0451128
tt10316700,nm8152665
tt10316702,nm0451128
tt10316702,nm8152665
tt10316704,nm0451128
tt10316704,nm8152665
tt10316762,nm0451128
tt10316762,nm8152665
tt10316764,nm0451128
tt10316764,nm8152665
tt10316766,nm0451128
tt10316766,nm8152665
tt10316768,nm0451128
tt10316768,nm8152665
tt10316774,nm0451128
tt10316774,nm8152665
tt10316776,nm0451128
tt10316776,nm8152665
tt10316778,nm0451128
tt10316778,nm8152665
tt10316780,nm0451128
tt10316780,nm8152665
tt10316784,nm0451128
tt10316784,nm8152665
tt10316786,nm0451128
tt10316786,nm8152665
tt10316790,nm0451128
tt10316790,nm8152665
tt10316792,nm0451128
tt10316792,nm8152665
tt10316796,nm0451128
tt10316796,nm8152665
tt10316798,nm0451128
tt10316798,nm8152665
tt10316800,nm0451128
tt10316800,nm8152665
tt10316804,nm0451128
tt10316804,nm8152665
tt10316806,nm0451128
tt10316806,nm8152665
tt10316808,nm0451128
tt10316808,nm8152665
tt10316810,nm0451128
tt10316810,nm8152665
tt10316812,nm0451128
tt10316812,nm8152665
tt10316814,nm0451128
tt10316814,nm8152665
tt10316816,nm0451128
tt10316816,nm8152665
tt10316818,nm0451128
tt10316818,nm8152665
tt10316822,nm0451128
tt10316822,nm8152665
tt10316828,nm0451128
tt10316828,nm8152665
tt10316830,nm0451128
tt10316830,nm8152665
tt10316834,nm0451128
tt10316834,nm8152665
tt10316836,nm0451128
tt10316836,nm8152665
tt10316838,nm0451128
tt10316838,nm8152665
tt10316840,nm0451128
tt10316840,nm8152665
tt10316844,nm0451128
tt10316844,nm8152665
tt10316846,nm0451128
tt10316846,nm8152665
tt10316848,nm0451128
tt10316848,nm8152665
tt10316850,nm0451128
tt10316850,nm8152665
tt10316852,nm0451128
tt10316852,nm8152665
tt10316856,nm0451128
tt10316856,nm8152665
tt10316858,nm0451128
tt10316858,nm8152665
tt10316860,nm0451128
tt10316860,nm8152665
tt10316862,nm0451128
tt10316862,nm8152665
tt10316866,nm0451128
tt10316866,nm8152665
tt10316892,nm0080315
tt10316892,nm6184395
tt10316894,nm0080315
tt10316894,nm6184395
tt10316896,nm0080315
tt10316896,nm6184395
tt10316898,nm0080315
tt10316898,nm6184395
tt10316900,nm0080315
tt10316900,nm6184395
tt10316902,nm0080315
tt10316902,nm6184395
tt10316908,nm0080315
tt10316908,nm6184395
tt10316910,nm0080315
tt10316910,nm6184395
tt10316912,nm0080315
tt10316912,nm6184395
tt10316914,nm0080315
tt10316914,nm6184395
tt10316916,nm0080315
tt10316916,nm6184395
tt10316918,nm0080315
tt10316918,nm6184395
tt10316920,nm0080315
tt10316920,nm6184395
tt10316922,nm0080315
tt10316922,nm6184395
tt10316924,nm9061677
tt10316926,nm0080315
tt10316926,nm6184395
tt10316928,nm0080315
tt10316928,nm6184395
tt10316932,nm0080315
tt10316932,nm6184395
tt10316934,nm0080315
tt10316934,nm6184395
tt10316936,nm0080315
tt10316936,nm6184395
tt10316938,nm0080315
tt10316938,nm6184395
tt10316988,nm0451128
tt10316990,nm0451128
tt10316992,nm0451128
tt10316994,nm0451128
tt10316996,nm0451128
tt10316998,nm0451128
tt10317000,nm0451128
tt10317002,nm0451128
tt10317004,nm0451128
tt10317006,nm0451128
tt10317340,nm10558751
tt10317342,nm10558751
tt10317344,nm10558751
tt10317346,nm10558751
tt10317348,nm10558751
tt10317350,nm10558751
tt10317352,nm10558751
tt10317354,nm10558751
tt10317356,nm10558751
tt10317358,nm10558751
tt10317362,nm10558751
tt10317364,nm10558751
tt10317366,nm10558751
tt10317368,nm10558751
tt10317370,nm10558751
tt10317372,nm10558751
tt10317374,nm10558751
tt10317376,nm10558751
tt10317378,nm10558751
tt10317380,nm10558751
tt10317412,nm4568466
tt10317738,nm10095691
tt10317744,nm4008978
tt10317770,nm4008978
tt10317826,nm4008978
tt10317864,nm4008978
tt10317894,nm1573183
tt10317918,nm6061817
tt10317920,nm4008978
tt10317922,nm10423278
tt10317976,nm1595310
tt10317978,nm5117369
tt10317980,nm1936500
tt10318060,nm10686791
tt10318102,nm2426428
tt10318128,nm1615204
tt10318168,nm2996861
tt10318182,nm1936500
tt10318208,nm0994249
tt10318208,nm1452641
tt10318224,nm10436264
tt10318258,nm1936500
tt10318262,nm12222605
tt10318262,nm3817973
tt10318276,nm10686963
tt10318282,nm10686970
tt10318292,nm1936500
tt10318300,nm8785519
tt10318300,nm8785520
tt10318300,nm8785521
tt10318306,nm8035606
tt10318436,nm1936500
tt10318468,nm6475795
tt10318504,nm7766486
tt10318530,nm9698922
tt10318564,nm9698922
tt10318568,nm8409946
tt10318570,nm2937641
tt10318582,nm9698922
tt10318584,nm10374390
tt10318584,nm6168641
tt10318584,nm6168642
tt10318606,nm6051395
tt10318670,nm10687215
tt10318670,nm10687216
tt10318680,nm1936500
tt10318710,nm4871090
tt10318714,nm7627834
tt10318722,nm4871090
tt10318748,nm7627834
tt10318762,nm10687268
tt10318806,nm4303832
tt10318840,nm1158179
tt10318840,nm2563526
tt10318874,nm10668981
tt10318898,nm7627834
tt10318950,nm7627834
tt10318978,nm7627834
tt10319046,nm7627834
tt10319052,nm1936500
tt10319056,nm1548833
tt10319058,nm4871090
tt10319082,nm9685582
tt10319110,nm10687396
tt10319162,nm10687414
tt10319310,nm10687599
tt10319418,nm4524507
tt10319422,nm4524507
tt10319490,nm10667934
tt10319510,nm4810943
tt10319582,nm10676439
tt10319618,nm10687814
tt10319626,nm0994249
tt10319672,nm1452641
tt10319698,nm1452641
tt10319710,nm2183419
tt10319716,nm6613529
tt10319756,nm10544313
tt10319778,nm10687898
tt10319816,nm7067676
tt10319870,nm10046231
tt10319884,nm10618575
tt10319940,nm10688137
tt10320004,nm5669801
tt10320026,nm10688202
tt10320076,nm0994249
tt10320080,nm0994249
tt10320084,nm10282632
tt10320084,nm10282633
tt10320094,nm10282632
tt10320094,nm10282633
tt10320100,nm10282632
tt10320100,nm10282633
tt10320102,nm10670877
tt10320120,nm10688316
tt10320344,nm10558751
tt10320346,nm10558751
tt10320348,nm10558751
tt10320350,nm10558751
tt10320352,nm10558751
tt10320354,nm10558751
tt10320356,nm10558751
tt10320358,nm10558751
tt10320360,nm10558751
tt10320362,nm10558751
tt10320364,nm10558751
tt10320366,nm10558751
tt10320368,nm10558751
tt10320370,nm10558751
tt10320372,nm10558751
tt10320374,nm10558751
tt10320376,nm10558751
tt10320380,nm10558751
tt10320382,nm10558751
tt10320384,nm10558751
tt10320486,nm8553830
tt10320642,nm0080315
tt10320642,nm6184395
tt10320644,nm0080315
tt10320644,nm6184395
tt10320646,nm0080315
tt10320646,nm6184395
tt10320648,nm0080315
tt10320648,nm6184395
tt10320650,nm0080315
tt10320650,nm6184395
tt10320652,nm0080315
tt10320652,nm6184395
tt10320654,nm0080315
tt10320654,nm6184395
tt10320656,nm0080315
tt10320656,nm6184395
tt10320658,nm0080315
tt10320658,nm6184395
tt10320660,nm0080315
tt10320660,nm6184395
tt10320662,nm0080315
tt10320662,nm6184395
tt10320664,nm0080315
tt10320664,nm6184395
tt10320666,nm0080315
tt10320666,nm6184395
tt10320668,nm0080315
tt10320668,nm6184395
tt10320670,nm0080315
tt10320670,nm6184395
tt10320672,nm0080315
tt10320672,nm6184395
tt10320674,nm0080315
tt10320674,nm6184395
tt10320676,nm0080315
tt10320676,nm6184395
tt10320678,nm0080315
tt10320678,nm6184395
tt10320680,nm0080315
tt10320680,nm6184395
tt10320704,nm0451128
tt10320704,nm8152665
tt10320706,nm0451128
tt10320706,nm8152665
tt10320708,nm0451128
tt10320708,nm8152665
tt10320710,nm0451128
tt10320710,nm8152665
tt10320712,nm0451128
tt10320712,nm8152665
tt10320714,nm0451128
tt10320714,nm8152665
tt10320716,nm0451128
tt10320716,nm8152665
tt10320718,nm0451128
tt10320718,nm8152665
tt10320720,nm0451128
tt10320720,nm8152665
tt10320722,nm0451128
tt10320722,nm8152665
tt10320726,nm0451128
tt10320726,nm8152665
tt10320728,nm0451128
tt10320728,nm8152665
tt10320730,nm0451128
tt10320730,nm8152665
tt10320732,nm0451128
tt10320732,nm8152665
tt10320734,nm0451128
tt10320734,nm8152665
tt10320736,nm0451128
tt10320736,nm8152665
tt10320738,nm0451128
tt10320738,nm8152665
tt10320740,nm0451128
tt10320740,nm8152665
tt10320742,nm0451128
tt10320742,nm8152665
tt10320744,nm0451128
tt10320744,nm8152665
tt10320746,nm0451128
tt10320746,nm8152665
tt10320748,nm0451128
tt10320748,nm8152665
tt10320750,nm0451128
tt10320750,nm8152665
tt10320752,nm0451128
tt10320752,nm8152665
tt10320754,nm0451128
tt10320754,nm8152665
tt10320756,nm0451128
tt10320756,nm8152665
tt10320758,nm0451128
tt10320758,nm8152665
tt10320768,nm0451128
tt10320768,nm8152665
tt10320770,nm0451128
tt10320770,nm8152665
tt10320774,nm0451128
tt10320774,nm8152665
tt10320776,nm0451128
tt10320776,nm8152665
tt10320780,nm0451128
tt10320780,nm8152665
tt10320784,nm0451128
tt10320784,nm8152665
tt10320786,nm0451128
tt10320786,nm8152665
tt10320788,nm0451128
tt10320788,nm8152665
tt10320790,nm0451128
tt10320790,nm8152665
tt10320818,nm9991827
tt10320840,nm9991827
tt10320844,nm0451128
tt10320844,nm8152665
tt10320846,nm0451128
tt10320846,nm8152665
tt10320848,nm0451128
tt10320848,nm8152665
tt10320850,nm0451128
tt10320850,nm8152665
tt10320852,nm0451128
tt10320852,nm8152665
tt10320858,nm0451128
tt10320858,nm8152665
tt10320860,nm0451128
tt10320860,nm8152665
tt10320862,nm0451128
tt10320862,nm8152665
tt10320866,nm0451128
tt10320866,nm8152665
tt10320868,nm0451128
tt10320868,nm8152665
tt10320870,nm0451128
tt10320870,nm8152665
tt10320872,nm0451128
tt10320872,nm8152665
tt10320874,nm0451128
tt10320874,nm8152665
tt10320876,nm0451128
tt10320876,nm8152665
tt10320878,nm0451128
tt10320878,nm8152665
tt10320880,nm0451128
tt10320880,nm8152665
tt10320882,nm0451128
tt10320882,nm8152665
tt10320884,nm0451128
tt10320884,nm8152665
tt10320886,nm0451128
tt10320886,nm8152665
tt10321150,nm3314199
tt10321214,nm10519047
tt10321216,nm10519047
tt10321218,nm10519047
tt10321220,nm10519047
tt10321222,nm10519047
tt10321224,nm10519047
tt10321226,nm10519047
tt10321228,nm10519047
tt10321230,nm10519047
tt10321232,nm10519047
tt10321234,nm10519047
tt10321236,nm10519047
tt10321238,nm10519047
tt10321240,nm10519047
tt10321242,nm10519047
tt10321244,nm10519047
tt10321246,nm10519047
tt10321248,nm10519047
tt10321250,nm10519047
tt10321252,nm10519047
tt10321306,nm10665879
tt10321388,nm10688500
tt10321398,nm8136416
tt10321610,nm3182957
tt10321842,nm0199226
tt10321842,nm1002366
tt10321842,nm10973397
tt10321842,nm11720873
tt10321842,nm14174474
tt10321842,nm14273798
tt10321842,nm2344264
tt10321842,nm2537990
tt10321842,nm3244604
tt10321842,nm4383732
tt10321842,nm8199004
tt10321862,nm9379383
tt10322018,nm4556876
tt10322142,nm8787778
tt10322172,nm0605513
tt10322346,nm2632496
tt10322346,nm8311348
tt10322360,nm4871090
tt10322382,nm5266992
tt10322464,nm1730629
tt10322548,nm8785519
tt10322548,nm8785520
tt10322548,nm8785521
tt10322556,nm8785519
tt10322556,nm8785520
tt10322556,nm8785521
tt10322564,nm8785519
tt10322564,nm8785520
tt10322564,nm8785521
tt10322568,nm2589122
tt10322570,nm8785519
tt10322570,nm8785520
tt10322570,nm8785521
tt10322578,nm2589122
tt10322580,nm2589122
tt10322582,nm8745422
tt10322588,nm2776118
tt10322590,nm1730629
tt10322594,nm1730629
tt10322596,nm1730629
tt10322600,nm1730629
tt10322604,nm1730629
tt10322606,nm1730629
tt10322610,nm1730629
tt10322612,nm1730629
tt10322616,nm1730629
tt10322618,nm2589122
tt10322634,nm2589122
tt10322642,nm2589122
tt10322648,nm7183357
tt10322654,nm5679718
tt10322670,nm10689233
tt10322688,nm2589122
tt10322690,nm10436411
tt10322692,nm10689260
tt10322702,nm10689267
tt10322710,nm1024715
tt10322734,nm9660661
tt10322736,nm2529296
tt10322736,nm4848673
tt10322772,nm8741635
tt10322776,nm7183357
tt10322784,nm8409946
tt10322868,nm0760754
tt10322886,nm1016117
tt10322890,nm8785519
tt10322890,nm8785520
tt10322890,nm8785521
tt10322932,nm3454039
tt10322976,nm7517462
tt10322986,nm10686710
tt10323004,nm10686710
tt10323016,nm3302202
tt10323026,nm0872962
tt10323028,nm0872962
tt10323050,nm10642713
tt10323052,nm10689476
tt10323058,nm10686710
tt10323102,nm10076543
tt10323102,nm10076697
tt10323130,nm10689545
tt10323148,nm7627834
tt10323150,nm5402315
tt10323152,nm10689567
tt10323152,nm5383351
tt10323160,nm7627834
tt10323182,nm5919371
tt10323194,nm8785519
tt10323194,nm8785520
tt10323194,nm8785521
tt10323196,nm8785519
tt10323196,nm8785520
tt10323196,nm8785521
tt10323200,nm8785519
tt10323200,nm8785520
tt10323200,nm8785521
tt10323202,nm8785519
tt10323202,nm8785520
tt10323202,nm8785521
tt10323210,nm8785519
tt10323210,nm8785520
tt10323210,nm8785521
tt10323322,nm0439735
tt10323332,nm0439735
tt10323332,nm10293590
tt10323360,nm0258213
tt10323360,nm0439735
tt10323376,nm0439735
tt10323376,nm2657452
tt10323410,nm9131477
tt10323430,nm10683703
tt10323458,nm1369403
tt10323458,nm9814172
tt10323468,nm6836090
tt10323476,nm10678489
tt10323488,nm7333324
tt10323502,nm10689892
tt10323504,nm10060631
tt10323528,nm2871961
tt10323632,nm10683828
tt10323634,nm1941858
tt10323636,nm10060631
tt10323660,nm8083984
tt10323670,nm7527080
tt10323672,nm3762763
tt10323686,nm10689964
tt10323710,nm6232504
tt10323720,nm10690015
tt10323730,nm6811596
tt10323738,nm10690015
tt10323780,nm2952233
tt10323896,nm1594821
tt10323936,nm10690096
tt10323944,nm9015681
tt10324058,nm3965682
tt10324074,nm6366357
tt10324076,nm10690201
tt10324076,nm10690202
tt10324076,nm7364417
tt10324092,nm9015681
tt10324096,nm10412138
tt10324096,nm9641306
tt10324096,nm9882617
tt10324102,nm10330696
tt10324106,nm10330696
tt10324108,nm10330696
tt10324110,nm10330696
tt10324112,nm10330696
tt10324120,nm10690211
tt10324162,nm10117627
tt10324162,nm10407994
tt10324162,nm10412138
tt10324162,nm9641306
tt10324168,nm8646368
tt10324198,nm10117627
tt10324198,nm10407994
tt10324198,nm10412136
tt10324198,nm9641306
tt10324198,nm9882617
tt10324204,nm10690280
tt10324208,nm10117627
tt10324208,nm10407994
tt10324208,nm9641306
tt10324212,nm10690291
tt10324216,nm10690280
tt10324218,nm10690280
tt10324220,nm10690280
tt10324236,nm10690280
tt10324238,nm10690280
tt10324246,nm10407994
tt10324246,nm10412136
tt10324246,nm10412138
tt10324246,nm9641306
tt10324246,nm9882617
tt10324248,nm7476291
tt10324254,nm10690280
tt10324262,nm10690280
tt10324266,nm10690368
tt10324288,nm10117627
tt10324288,nm10407994
tt10324288,nm10412136
tt10324288,nm10412138
tt10324288,nm9641306
tt10324288,nm9882617
tt10324290,nm10690389
tt10324302,nm10407994
tt10324302,nm10412136
tt10324302,nm10412138
tt10324302,nm10412140
tt10324302,nm9641306
tt10324304,nm10690426
tt10324308,nm8724105
tt10324318,nm9181502
tt10324322,nm10690445
tt10324336,nm4913514
tt10324338,nm1366551
tt10324338,nm1452641
tt10324350,nm10407994
tt10324350,nm10412136
tt10324350,nm10412140
tt10324350,nm9882617
tt10324386,nm10690490
tt10324390,nm10690492
tt10324392,nm0994249
tt10324392,nm1366551
tt10324416,nm10407994
tt10324416,nm10412137
tt10324416,nm10412140
tt10324416,nm6901581
tt10324416,nm9641306
tt10324416,nm9882617
tt10324432,nm8631935
tt10324442,nm1477630
tt10324448,nm10407994
tt10324448,nm10412137
tt10324448,nm10412138
tt10324448,nm9882617
tt10324464,nm0009012
tt10324474,nm1748922
tt10324488,nm6509185
tt10324518,nm1829741
tt10324534,nm10117627
tt10324534,nm10412140
tt10324534,nm8823556
tt10324534,nm9641306
tt10324534,nm9882617
tt10324598,nm6509185
tt10324672,nm1298267
tt10324716,nm6509185
tt10324732,nm10412136
tt10324732,nm9641306
tt10324732,nm9882617
tt10324780,nm10663387
tt10324796,nm10690677
tt10324828,nm5390763
tt10324880,nm6509185
tt10324900,nm10690705
tt10324900,nm7558925
tt10324930,nm10690712
tt10324934,nm8083984
tt10324976,nm6509185
tt10325056,nm9641306
tt10325056,nm9882617
tt10325090,nm6509185
tt10325186,nm6509185
tt10325262,nm6509185
tt10325288,nm10407994
tt10325288,nm10412136
tt10325288,nm10412140
tt10325288,nm9641306
tt10325288,nm9882617
tt10325304,nm10519047
tt10325306,nm10519047
tt10325308,nm10519047
tt10325310,nm10519047
tt10325312,nm10519047
tt10325314,nm10519047
tt10325316,nm10519047
tt10325318,nm10519047
tt10325320,nm10519047
tt10325322,nm10519047
tt10325324,nm10519047
tt10325326,nm10519047
tt10325328,nm10519047
tt10325332,nm10519047
tt10325334,nm10519047
tt10325336,nm10519047
tt10325340,nm10519047
tt10325342,nm10519047
tt10325346,nm10519047
tt10325348,nm10519047
tt10325386,nm4682756
tt10325508,nm10690712
tt10325654,nm0080315
tt10325654,nm6184395
tt10325656,nm0080315
tt10325656,nm6184395
tt10325658,nm0080315
tt10325658,nm6184395
tt10325660,nm0080315
tt10325660,nm6184395
tt10325664,nm0080315
tt10325664,nm6184395
tt10325668,nm0080315
tt10325668,nm6184395
tt10325670,nm0080315
tt10325670,nm6184395
tt10325672,nm0080315
tt10325672,nm6184395
tt10325674,nm0080315
tt10325674,nm6184395
tt10325676,nm0080315
tt10325676,nm6184395
tt10325678,nm0080315
tt10325678,nm6184395
tt10325680,nm0080315
tt10325680,nm6184395
tt10325682,nm0080315
tt10325682,nm6184395
tt10325684,nm0080315
tt10325684,nm6184395
tt10325688,nm0080315
tt10325688,nm6184395
tt10325690,nm0080315
tt10325690,nm6184395
tt10325692,nm0080315
tt10325692,nm6184395
tt10325694,nm0080315
tt10325694,nm6184395
tt10325696,nm0080315
tt10325696,nm6184395
tt10325698,nm0080315
tt10325698,nm6184395
tt10325740,nm5650109
tt10325740,nm7963095
tt10325874,nm10407994
tt10325874,nm10412137
tt10325874,nm9641306
tt10325874,nm9882617
tt10325890,nm10558751
tt10325892,nm10558751
tt10325894,nm10558751
tt10325896,nm10558751
tt10325898,nm10558751
tt10325902,nm10558751
tt10325906,nm10558751
tt10325908,nm10558751
tt10325910,nm10558751
tt10325912,nm10558751
tt10325914,nm10558751
tt10325918,nm10558751
tt10325920,nm10558751
tt10325922,nm10558751
tt10325924,nm10558751
tt10325926,nm10558751
tt10325928,nm10558751
tt10325930,nm10558751
tt10325932,nm10558751
tt10325934,nm10558751
tt10326010,nm10407994
tt10326010,nm10412136
tt10326010,nm9641306
tt10326010,nm9882617
tt10326264,nm10690978
tt10326370,nm10412140
tt10326370,nm10690388
tt10326370,nm9641306
tt10326370,nm9882617
tt10326544,nm10407994
tt10326544,nm10412140
tt10326544,nm10690236
tt10326544,nm9641306
tt10326600,nm0465155
tt10326660,nm0612855
tt10326670,nm10677245
tt10326670,nm10681223
tt10326670,nm10686360
tt10326724,nm10412136
tt10326724,nm9641306
tt10326724,nm9882617
tt10326756,nm10391714
tt10326766,nm6905893
tt10326768,nm6905893
tt10326770,nm6905893
tt10326772,nm6905893
tt10326774,nm6905893
tt10326778,nm6905893
tt10326780,nm6905893
tt10326782,nm6905893
tt10326784,nm6905893
tt10326788,nm6905893
tt10326790,nm6905893
tt10326794,nm6905893
tt10326796,nm6905893
tt10326800,nm6905893
tt10326802,nm6905893
tt10326804,nm6905893
tt10326806,nm6905893
tt10326808,nm6905893
tt10326810,nm6905893
tt10326812,nm6905893
tt10326814,nm6905893
tt10326816,nm6905893
tt10326818,nm1380368
tt10326820,nm6905893
tt10326822,nm6905893
tt10326824,nm6905893
tt10326826,nm6905893
tt10326832,nm6905893
tt10326834,nm6905893
tt10326836,nm6905893
tt10326838,nm6905893
tt10326840,nm6905893
tt10326842,nm6905893
tt10326844,nm6905893
tt10326868,nm10407963
tt10326868,nm10407994
tt10326868,nm10412136
tt10326868,nm10412137
tt10326868,nm10412140
tt10326868,nm6901581
tt10326868,nm9641306
tt10326868,nm9882617
tt10326872,nm10691097
tt10326880,nm10691103
tt10326886,nm6967794
tt10326888,nm10691111
tt10326900,nm10407994
tt10326900,nm10412136
tt10326900,nm10412140
tt10326900,nm9641306
tt10326900,nm9882617
tt10326914,nm10391714
tt10326920,nm7854915
tt10326942,nm10407994
tt10326942,nm10412136
tt10326942,nm9641306
tt10326942,nm9882617
tt10327012,nm10407994
tt10327012,nm10412136
tt10327012,nm10412138
tt10327012,nm10412140
tt10327012,nm10690236
tt10327012,nm9641306
tt10327012,nm9882617
tt10327142,nm9060323
tt10327166,nm9060323
tt10327170,nm9060323
tt10327178,nm9060323
tt10327190,nm9060323
tt10327194,nm9060323
tt10327212,nm10691272
tt10327216,nm5194083
tt10327244,nm5194083
tt10327248,nm1463531
tt10327286,nm4998352
tt10327316,nm2998100
tt10327356,nm10029134
tt10327356,nm2927666
tt10327502,nm6154578
tt10327678,nm0157868
tt10327678,nm3592682
tt10327726,nm0575167
tt10327742,nm10691547
tt10327840,nm10394452
tt10327848,nm10675662
tt10327856,nm10678000
tt10327860,nm10678000
tt10327876,nm10676439
tt10327902,nm10676439
tt10328022,nm10691640
tt10328032,nm1829217
tt10328066,nm6905893
tt10328068,nm6905893
tt10328070,nm6905893
tt10328072,nm6905893
tt10328074,nm6905893
tt10328078,nm6905893
tt10328080,nm6905893
tt10328082,nm6905893
tt10328084,nm6905893
tt10328088,nm6905893
tt10328090,nm6905893
tt10328098,nm6905893
tt10328100,nm6905893
tt10328104,nm6905893
tt10328108,nm6905893
tt10328110,nm6905893
tt10328112,nm6905893
tt10328114,nm6905893
tt10328116,nm6905893
tt10328120,nm6905893
tt10328122,nm6905893
tt10328126,nm6905893
tt10328130,nm6905893
tt10328132,nm6905893
tt10328134,nm6905893
tt10328136,nm6905893
tt10328138,nm6905893
tt10328140,nm6905893
tt10328142,nm6905893
tt10328144,nm6905893
tt10328146,nm6905893
tt10328230,nm10691695
tt10328326,nm2320324
tt10328482,nm10691832
tt10328516,nm7185331
tt10328518,nm7627834
tt10328574,nm7627834
tt10328596,nm2399056
tt10328602,nm7627834
tt10328664,nm10691957
tt10328678,nm8587524
tt10328684,nm7627834
tt10328710,nm7627834
tt10328722,nm7627834
tt10328732,nm7627834
tt10328766,nm3431529
tt10328782,nm2929037
tt10328786,nm10692031
tt10328786,nm9297933
tt10328788,nm5929902
tt10328788,nm6969383
tt10328848,nm10692108
tt10328848,nm8863812
tt10328856,nm10171858
tt10328874,nm10694413
tt10328874,nm4699762
tt10328874,nm9144998
tt10328874,nm9292557
tt10328874,nm9479491
tt10328874,nm9546690
tt10328876,nm10692192
tt10328876,nm10692215
tt10328878,nm10171858
tt10328884,nm10672357
tt10328898,nm8353529
tt10328906,nm10692292
tt10328928,nm10672357
tt10328934,nm9292557
tt10328934,nm9479491
tt10328944,nm1119214
tt10328966,nm10672357
tt10329002,nm10171858
tt10329108,nm8078786
tt10329238,nm10676439
tt10329240,nm0002315
tt10329242,nm10675662
tt10329244,nm0002315
tt10329248,nm0002315
tt10329254,nm0002315
tt10329260,nm0002315
tt10329272,nm0002315
tt10329274,nm0002315
tt10329280,nm0002315
tt10329282,nm0002315
tt10329284,nm0002315
tt10329310,nm0002315
tt10329316,nm0002315
tt10329320,nm0002315
tt10329324,nm0002315
tt10329328,nm0002315
tt10329332,nm0002315
tt10329336,nm0002315
tt10329342,nm0002315
tt10329344,nm0002315
tt10329350,nm0002315
tt10329352,nm0002315
tt10329356,nm0002315
tt10329360,nm0002315
tt10329366,nm0002315
tt10329366,nm1039313
tt10329370,nm0002315
tt10329370,nm0717054
tt10329372,nm0002315
tt10329372,nm0717054
tt10329374,nm10692676
tt10329378,nm0002315
tt10329378,nm0717054
tt10329380,nm0002315
tt10329380,nm0717054
tt10329384,nm0002315
tt10329384,nm0717054
tt10329404,nm0002315
tt10329404,nm9464750
tt10329406,nm0002315
tt10329406,nm9464750
tt10329408,nm0002315
tt10329408,nm9464750
tt10329410,nm0002315
tt10329410,nm9464750
tt10329412,nm0002315
tt10329412,nm9464750
tt10329414,nm0002315
tt10329414,nm0692368
tt10329418,nm0002315
tt10329418,nm0692368
tt10329422,nm0002315
tt10329422,nm0692368
tt10329424,nm0002315
tt10329424,nm0692368
tt10329428,nm0002315
tt10329428,nm0692368
tt10329432,nm1746892
tt10329438,nm0002315
tt10329440,nm0002315
tt10329442,nm0002315
tt10329442,nm0345948
tt10329442,nm1723712
tt10329444,nm0002315
tt10329444,nm0291959
tt10329444,nm1723712
tt10329466,nm3797608
tt10329504,nm4267320
tt10329508,nm4569266
tt10329518,nm7517221
tt10329520,nm10132748
tt10329520,nm7517221
tt10329522,nm7517221
tt10329524,nm7517221
tt10329526,nm7517221
tt10329546,nm3472098
tt10329552,nm10691547
tt10329620,nm10298782
tt10329622,nm10298782
tt10329624,nm10298782
tt10329626,nm10298782
tt10329630,nm10298782
tt10329632,nm9040113
tt10329658,nm10692916
tt10329704,nm10654095
tt10329704,nm2661339
tt10329706,nm10654095
tt10329706,nm2661339
tt10329740,nm10693046
tt10329740,nm4770995
tt10329782,nm5820154
tt10329802,nm8965671
tt10329910,nm1188291
tt10330090,nm10691547
tt10330164,nm5222253
tt10330340,nm10558751
tt10330342,nm10558751
tt10330344,nm10558751
tt10330346,nm10558751
tt10330348,nm10558751
tt10330350,nm10558751
tt10330352,nm10558751
tt10330354,nm10558751
tt10330356,nm10558751
tt10330358,nm10558751
tt10330360,nm10558751
tt10330362,nm10558751
tt10330364,nm10558751
tt10330366,nm10558751
tt10330370,nm10558751
tt10330376,nm10558751
tt10330378,nm10558751
tt10330382,nm10558751
tt10330384,nm10558751
tt10330386,nm10558751
tt10330404,nm10693228
tt10330454,nm9178556
tt10330488,nm0672520
tt10330608,nm0080315
tt10330608,nm6184395
tt10330610,nm0080315
tt10330610,nm6184395
tt10330612,nm0080315
tt10330612,nm6184395
tt10330614,nm0080315
tt10330614,nm6184395
tt10330616,nm0080315
tt10330616,nm6184395
tt10330620,nm0080315
tt10330620,nm6184395
tt10330622,nm0080315
tt10330622,nm6184395
tt10330624,nm0080315
tt10330624,nm6184395
tt10330626,nm0080315
tt10330626,nm6184395
tt10330632,nm0080315
tt10330632,nm6184395
tt10330634,nm0080315
tt10330634,nm6184395
tt10330638,nm0080315
tt10330638,nm6184395
tt10330640,nm0080315
tt10330640,nm6184395
tt10330644,nm0080315
tt10330644,nm6184395
tt10330646,nm0080315
tt10330646,nm6184395
tt10330648,nm0080315
tt10330648,nm6184395
tt10330650,nm0080315
tt10330650,nm6184395
tt10330652,nm0080315
tt10330652,nm6184395
tt10330656,nm0080315
tt10330656,nm6184395
tt10330658,nm0080315
tt10330658,nm6184395
tt10330660,nm0080315
tt10330660,nm6184395
tt10330662,nm0080315
tt10330662,nm6184395
tt10330664,nm0080315
tt10330664,nm6184395
tt10330666,nm0080315
tt10330666,nm6184395
tt10330668,nm0080315
tt10330668,nm6184395
tt10330670,nm0080315
tt10330670,nm6184395
tt10330672,nm0080315
tt10330672,nm6184395
tt10330674,nm0080315
tt10330674,nm6184395
tt10330676,nm0080315
tt10330676,nm6184395
tt10330678,nm0080315
tt10330678,nm6184395
tt10330680,nm0080315
tt10330680,nm6184395
tt10330682,nm0080315
tt10330682,nm6184395
tt10330684,nm0080315
tt10330684,nm6184395
tt10330686,nm0080315
tt10330686,nm6184395
tt10330688,nm0080315
tt10330688,nm6184395
tt10330690,nm0080315
tt10330690,nm6184395
tt10330694,nm0080315
tt10330694,nm6184395
tt10330696,nm0080315
tt10330696,nm6184395
tt10330698,nm0080315
tt10330698,nm6184395
tt10330700,nm0080315
tt10330700,nm6184395
tt10330718,nm7500169
tt10330718,nm7877597
tt10330840,nm9587596
tt10331002,nm10519047
tt10331004,nm10519047
tt10331006,nm10519047
tt10331008,nm10519047
tt10331010,nm10519047
tt10331012,nm10519047
tt10331014,nm10519047
tt10331018,nm10519047
tt10331020,nm10519047
tt10331022,nm10519047
tt10331024,nm10519047
tt10331026,nm10519047
tt10331030,nm10519047
tt10331032,nm10519047
tt10331034,nm10519047
tt10331036,nm10519047
tt10331038,nm10519047
tt10331040,nm10519047
tt10331042,nm10519047
tt10331044,nm10519047
tt10331100,nm0858680
tt10331100,nm2431809
tt10331100,nm2495340
tt10331100,nm4451634
tt10331100,nm6436658
tt10331104,nm5092736
tt10331242,nm7242786
tt10331416,nm13563036
tt10331416,nm7199643
tt10331478,nm10421835
tt10331486,nm10686710
tt10331518,nm10693390
tt10331530,nm13563036
tt10331530,nm7199643
tt10331574,nm6320183
tt10331628,nm0003713
tt10331642,nm10283207
tt10331778,nm6237825
tt10331846,nm9190662
tt10331940,nm0003713
tt10331962,nm1885073
tt10331962,nm2231005
tt10331998,nm10391714
tt10332126,nm10391714
tt10332146,nm1298267
tt10332186,nm10693592
tt10332228,nm10524940
tt10332236,nm10693634
tt10332314,nm10693705
tt10332324,nm10693716
tt10332380,nm9524750
tt10332382,nm6596570
tt10332396,nm8414247
tt10332416,nm9859302
tt10332420,nm10693816
tt10332458,nm2426710
tt10332458,nm7678752
tt10332536,nm8414247
tt10332548,nm3176264
tt10332600,nm4942864
tt10332664,nm5077121
tt10332698,nm1099396
tt10332698,nm2218131
tt10332706,nm10635818
tt10332746,nm4817158
tt10332756,nm4420691
tt10332852,nm10694236
tt10332852,nm9009617
tt10332868,nm5077121
tt10332874,nm9009617
tt10332930,nm5077121
tt10332938,nm9009616
tt10332938,nm9009617
tt10332972,nm10694373
tt10332972,nm7596214
tt10332980,nm1699659
tt10333012,nm10694413
tt10333012,nm9479491
tt10333122,nm9292557
tt10333162,nm9479491
tt10333228,nm4699762
tt10333236,nm8156774
tt10333260,nm9546690
tt10333278,nm9479491
tt10333294,nm9292557
tt10333300,nm2934187
tt10333316,nm4699762
tt10333358,nm4267320
tt10333370,nm5152514
tt10333398,nm7783734
tt10333416,nm7783734
tt10333428,nm10694663
tt10333484,nm3103276
tt10333600,nm9713808
tt10333648,nm10672825
tt10333658,nm10185468
tt10333716,nm13563036
tt10333716,nm7199643
tt10333742,nm6397523
tt10333786,nm10678000
tt10333796,nm10678000
tt10333800,nm10694990
tt10333920,nm10695019
tt10333920,nm10695020
tt10333920,nm12239401
tt10333920,nm9211658
tt10334038,nm5917517
tt10334120,nm2674743
tt10334134,nm2674743
tt10334138,nm10695132
tt10334152,nm9841971
tt10334164,nm0893097
tt10334188,nm10678000
tt10334192,nm3885823
tt10334216,nm10675662
tt10334246,nm10686710
tt10334272,nm6186143
tt10334302,nm1007300
tt10334302,nm8357479
tt10334356,nm4781840
tt10334362,nm9235486
tt10334402,nm10695403
tt10334416,nm10695412
tt10334416,nm5685010
tt10334428,nm10691547
tt10334430,nm9342901
tt10334460,nm10691547
tt10334558,nm10695538
tt10334564,nm10695543
tt10334604,nm10695543
tt10334610,nm3797608
tt10334628,nm10677245
tt10334638,nm10695579
tt10334686,nm4153706
tt10334708,nm9243808
tt10334726,nm9243808
tt10334736,nm9243808
tt10334746,nm12637928
tt10334754,nm9243808
tt10334764,nm9243808
tt10334768,nm2128296
tt10334770,nm0530904
tt10334772,nm9243808
tt10334778,nm9243808
tt10334782,nm10635886
tt10334784,nm9243808
tt10334786,nm9243808
tt10334788,nm4153706
tt10334794,nm9243808
tt10334798,nm9243808
tt10334806,nm9243808
tt10334808,nm1366551
tt10334810,nm9243808
tt10334870,nm9243808
tt10334904,nm9243808
tt10335154,nm0804973
tt10335656,nm5818923
tt10335874,nm10519047
tt10335876,nm10519047
tt10335878,nm10519047
tt10335884,nm10519047
tt10335886,nm10519047
tt10335888,nm10695886
tt10335888,nm1430414
tt10335888,nm3935165
tt10335890,nm10519047
tt10335892,nm10519047
tt10335894,nm10519047
tt10335896,nm10519047
tt10335898,nm10519047
tt10335900,nm10519047
tt10335902,nm10519047
tt10335904,nm10519047
tt10335906,nm10519047
tt10335908,nm10519047
tt10335912,nm10519047
tt10335914,nm10519047
tt10335916,nm10519047
tt10335920,nm10519047
tt10335922,nm10519047
tt10335990,nm1158363
tt10336048,nm1430414
tt10336068,nm1430414
tt10336086,nm1430414
tt10336100,nm1430414
tt10336104,nm1158363
tt10336106,nm1430414
tt10336112,nm1430414
tt10336122,nm1430414
tt10336126,nm1430414
tt10336130,nm1430414
tt10336134,nm1430414
tt10336142,nm1158363
tt10336232,nm1161539
tt10336234,nm0080315
tt10336234,nm6184395
tt10336236,nm0080315
tt10336236,nm6184395
tt10336238,nm0080315
tt10336238,nm6184395
tt10336244,nm0080315
tt10336244,nm6184395
tt10336246,nm0080315
tt10336246,nm6184395
tt10336248,nm0080315
tt10336248,nm6184395
tt10336250,nm0080315
tt10336250,nm6184395
tt10336258,nm0080315
tt10336258,nm6184395
tt10336260,nm0080315
tt10336260,nm6184395
tt10336264,nm0080315
tt10336264,nm6184395
tt10336266,nm0080315
tt10336266,nm6184395
tt10336268,nm0080315
tt10336268,nm6184395
tt10336270,nm0080315
tt10336270,nm6184395
tt10336274,nm0080315
tt10336274,nm6184395
tt10336276,nm0080315
tt10336276,nm6184395
tt10336278,nm0080315
tt10336278,nm6184395
tt10336280,nm0080315
tt10336280,nm6184395
tt10336284,nm0080315
tt10336284,nm6184395
tt10336286,nm0080315
tt10336286,nm6184395
tt10336288,nm0080315
tt10336288,nm6184395
tt10336314,nm10677245
tt10336318,nm1158363
tt10336392,nm10558751
tt10336394,nm10558751
tt10336396,nm10558751
tt10336398,nm10558751
tt10336400,nm10558751
tt10336402,nm10558751
tt10336404,nm10558751
tt10336406,nm10558751
tt10336408,nm10558751
tt10336410,nm10558751
tt10336412,nm10558751
tt10336414,nm10558751
tt10336416,nm10558751
tt10336422,nm10558751
tt10336424,nm10558751
tt10336426,nm10558751
tt10336430,nm10558751
tt10336432,nm10558751
tt10336434,nm10558751
tt10336438,nm10558751
tt10336440,nm7854915
tt10336554,nm7854915
tt10336932,nm6905893
tt10336936,nm6905893
tt10336938,nm6905893
tt10336942,nm6905893
tt10336946,nm6905893
tt10336948,nm6905893
tt10336950,nm6905893
tt10336952,nm6905893
tt10336954,nm6905893
tt10336956,nm6905893
tt10336964,nm6905893
tt10336966,nm6905893
tt10336968,nm6905893
tt10336970,nm6905893
tt10336972,nm6905893
tt10336976,nm6905893
tt10336978,nm6905893
tt10336982,nm6905893
tt10336984,nm6905893
tt10336986,nm6905893
tt10336990,nm6905893
tt10336992,nm6905893
tt10336994,nm6905893
tt10336996,nm6905893
tt10336998,nm6905893
tt10337002,nm6905893
tt10337004,nm6905893
tt10337006,nm6905893
tt10337008,nm6905893
tt10337010,nm6905893
tt10337128,nm9103096
tt10337188,nm10695019
tt10337212,nm1161539
tt10337244,nm0423631
tt10337244,nm3748369
tt10337386,nm10696205
tt10337472,nm9948659
tt10337504,nm4535901
tt10337578,nm4535901
tt10337664,nm4183069
tt10337726,nm4183069
tt10337784,nm10696232
tt10337818,nm10591210
tt10337822,nm7297031
tt10337824,nm4183069
tt10337872,nm4183069
tt10337880,nm10467649
tt10337882,nm1563344
tt10337886,nm4183069
tt10337898,nm4183069
tt10337906,nm5414585
tt10337912,nm3805989
tt10337912,nm9268416
tt10338006,nm4183069
tt10338068,nm0256103
tt10338106,nm4183069
tt10338110,nm1045907
tt10338178,nm10696687
tt10338206,nm10696694
tt10338350,nm1158179
tt10338350,nm1557694
tt10338350,nm5302984
tt10338394,nm2157324
tt10338394,nm2431143
tt10338438,nm3167874
tt10338444,nm2960187
tt10338472,nm5029790
tt10338492,nm0538977
tt10338508,nm5029790
tt10338804,nm6905893
tt10338806,nm6905893
tt10338810,nm6905893
tt10338814,nm6905893
tt10338816,nm6905893
tt10338818,nm6905893
tt10338820,nm6905893
tt10338822,nm6905893
tt10338826,nm6905893
tt10338828,nm6905893
tt10338830,nm6905893
tt10338832,nm6905893
tt10338834,nm6905893
tt10338838,nm6905893
tt10338840,nm6905893
tt10338842,nm6905893
tt10338844,nm6905893
tt10338846,nm6905893
tt10338848,nm6905893
tt10338850,nm6905893
tt10338852,nm6905893
tt10338854,nm6905893
tt10338856,nm6905893
tt10338858,nm6905893
tt10338860,nm6905893
tt10338864,nm6905893
tt10338866,nm6905893
tt10338868,nm6905893
tt10338870,nm6905893
tt10338872,nm6905893
tt10338874,nm6905893
tt10339158,nm3805989
tt10339228,nm3805989
tt10339276,nm10696999
tt10339280,nm1279296
tt10339334,nm7739547
tt10339356,nm2502365
tt10339510,nm8075412
tt10339580,nm7956317
tt10339584,nm10697266
tt10339586,nm1279296
tt10339612,nm1279296
tt10339632,nm2157324
tt10339632,nm2431143
tt10339646,nm2157324
tt10339646,nm2431143
tt10339650,nm1279296
tt10339666,nm2157324
tt10339666,nm2431143
tt10339670,nm2157324
tt10339670,nm2431143
tt10339686,nm2157324
tt10339686,nm2431143
tt10339692,nm2157324
tt10339692,nm2431143
tt10339704,nm2157324
tt10339704,nm2431143
tt10339726,nm2157324
tt10339726,nm2431143
tt10339738,nm2157324
tt10339738,nm2431143
tt10339782,nm10697309
tt10339832,nm8994402
tt10339898,nm7325722
tt10339932,nm8899901
tt10339934,nm1279296
tt10339982,nm2431143
tt10339990,nm1279296
tt10340024,nm1279296
tt10340044,nm4264029
tt10340060,nm1279296
tt1034007,nm0366004
tt10340110,nm1279296
tt10340130,nm1279296
tt10340150,nm1279296
tt10340152,nm7746268
tt10340156,nm4249894
tt10340174,nm1279296
tt10340208,nm1969432
tt10340218,nm8670090
tt10340344,nm1969432
tt10340390,nm1279296
tt10340406,nm10697540
tt10340414,nm3747735
tt10340568,nm1279296
tt10340628,nm10482463
tt10340638,nm10611215
tt10340638,nm9201996
tt10340644,nm10697693
tt10340654,nm10509189
tt10340654,nm12949514
tt10340664,nm4827297
tt10340666,nm10409263
tt10340686,nm10697732
tt10340698,nm10697752
tt10340698,nm10697753
tt10340710,nm10692916
tt10340726,nm10697766
tt10340756,nm10697816
tt10340756,nm9909766
tt10340760,nm10104498
tt10340772,nm1148753
tt10340778,nm10697839
tt10340778,nm9909766
tt10340808,nm9909766
tt10340810,nm10604490
tt10340810,nm3035363
tt10340814,nm10683828
tt10340820,nm5768801
tt10340884,nm8810313
tt10340890,nm10697922
tt10340916,nm6013370
tt10340918,nm10034125
tt10340978,nm10697998
tt10341036,nm10698029
tt10341070,nm9909766
tt10341190,nm6425989
tt10341226,nm3377186
tt10341312,nm10558751
tt10341314,nm10558751
tt10341316,nm10558751
tt10341318,nm10558751
tt10341320,nm10558751
tt10341322,nm10558751
tt10341324,nm10558751
tt10341326,nm10558751
tt10341328,nm10558751
tt10341330,nm10558751
tt10341332,nm10558751
tt10341334,nm10558751
tt10341336,nm10558751
tt10341340,nm10558751
tt10341344,nm10558751
tt10341348,nm10558751
tt10341350,nm10558751
tt10341352,nm10558751
tt10341354,nm10558751
tt10341356,nm10558751
tt10341358,nm5909331
tt10341388,nm7099540
tt10341388,nm8575147
tt10341458,nm0080315
tt10341458,nm6184395
tt10341460,nm0080315
tt10341460,nm6184395
tt10341464,nm0080315
tt10341464,nm6184395
tt10341466,nm0080315
tt10341466,nm6184395
tt10341468,nm0080315
tt10341468,nm6184395
tt10341470,nm0080315
tt10341470,nm6184395
tt10341474,nm0080315
tt10341474,nm6184395
tt10341476,nm0080315
tt10341476,nm6184395
tt10341478,nm0080315
tt10341478,nm6184395
tt10341480,nm0080315
tt10341480,nm6184395
tt10341482,nm0080315
tt10341482,nm6184395
tt10341486,nm0080315
tt10341486,nm6184395
tt10341488,nm0080315
tt10341488,nm6184395
tt10341490,nm0080315
tt10341490,nm6184395
tt10341492,nm0080315
tt10341492,nm6184395
tt10341494,nm0080315
tt10341494,nm6184395
tt10341496,nm0080315
tt10341496,nm6184395
tt10341500,nm0080315
tt10341500,nm6184395
tt10341502,nm0080315
tt10341502,nm6184395
tt10341504,nm0080315
tt10341504,nm6184395
tt10341554,nm1089182
tt10341568,nm10519047
tt10341570,nm10519047
tt10341574,nm10519047
tt10341576,nm10519047
tt10341578,nm10519047
tt10341582,nm10519047
tt10341584,nm10519047
tt10341588,nm10519047
tt10341592,nm10519047
tt10341594,nm10519047
tt10341596,nm10519047
tt10341598,nm10519047
tt10341600,nm10519047
tt10341602,nm10519047
tt10341606,nm10519047
tt10341608,nm10519047
tt10341610,nm10519047
tt10341612,nm10519047
tt10341614,nm10519047
tt10341616,nm10519047
tt10341620,nm8515958
tt10341638,nm10698346
tt10341996,nm3224812
tt10342140,nm3475148
tt10342190,nm6268421
tt10342246,nm7352904
tt10342248,nm1161539
tt10342266,nm1161539
tt10342276,nm6050360
tt10342324,nm9884807
tt10342346,nm4906548
tt10342400,nm9909766
tt10342410,nm9909766
tt10342418,nm9909766
tt10342444,nm10698689
tt10342444,nm10698692
tt10342446,nm2157324
tt10342446,nm2431143
tt10342456,nm2431143
tt10342464,nm2157324
tt10342464,nm2431143
tt10342474,nm2157324
tt10342474,nm2431143
tt10342484,nm2157324
tt10342484,nm2431143
tt10342502,nm2157324
tt10342502,nm2431143
tt10342512,nm2157324
tt10342512,nm2431143
tt10342538,nm2157324
tt10342538,nm2431143
tt10342552,nm2157324
tt10342552,nm2431143
tt10342574,nm2157324
tt10342574,nm2431143
tt10342580,nm2157324
tt10342580,nm2431143
tt10342586,nm2157324
tt10342586,nm2431143
tt10342596,nm2157324
tt10342596,nm2431143
tt10342602,nm2157324
tt10342602,nm2431143
tt10342612,nm3687037
tt10342614,nm2157324
tt10342614,nm2431143
tt10342626,nm10698922
tt10342626,nm10698923
tt10342626,nm4877298
tt10342628,nm2157324
tt10342628,nm2431143
tt10342638,nm2157324
tt10342638,nm2431143
tt10342644,nm2157324
tt10342644,nm2431143
tt10342654,nm3687037
tt10342658,nm2157324
tt10342658,nm2431143
tt10342668,nm1279296
tt10342674,nm7886112
tt10342676,nm2157324
tt10342676,nm2431143
tt10342694,nm3687037
tt10342696,nm2157324
tt10342696,nm2431143
tt10342708,nm2157324
tt10342708,nm2431143
tt10342732,nm2157324
tt10342732,nm2431143
tt10342758,nm0430047
tt10342764,nm2157324
tt10342764,nm2431143
tt10342800,nm2157324
tt10342800,nm2431143
tt10342816,nm3680952
tt10342822,nm2157324
tt10342822,nm2431143
tt10342850,nm2157324
tt10342850,nm2431143
tt10342864,nm2157324
tt10342864,nm2431143
tt10342874,nm1279296
tt10342888,nm2157324
tt10342888,nm2431143
tt10342902,nm10699022
tt10342902,nm1994410
tt10342910,nm2157324
tt10342910,nm2431143
tt10342922,nm2157324
tt10342922,nm2431143
tt10342936,nm4510468
tt10342950,nm2157324
tt10342950,nm2431143
tt10342960,nm2157324
tt10342960,nm2431143
tt10342970,nm2157324
tt10342970,nm2431143
tt10342998,nm2157324
tt10342998,nm2431143
tt10343056,nm2157324
tt10343056,nm2431143
tt10343064,nm2157324
tt10343064,nm2431143
tt10343078,nm2157324
tt10343078,nm2431143
tt10343080,nm10696256
tt10343092,nm1430414
tt10343092,nm3935165
tt10343110,nm2157324
tt10343110,nm2431143
tt10343220,nm10694373
tt10343274,nm10694373
tt10343368,nm10694373
tt10343370,nm4693732
tt10343372,nm1969432
tt10343416,nm2157324
tt10343416,nm2431143
tt10343466,nm2157324
tt10343466,nm2431143
tt10343470,nm4693732
tt10343510,nm1279296
tt10343526,nm4693732
tt10343552,nm2157324
tt10343552,nm2431143
tt10343558,nm4693732
tt10343566,nm2157324
tt10343566,nm2431143
tt10343570,nm4693732
tt10343580,nm2157324
tt10343580,nm2431143
tt10343582,nm10694373
tt10343584,nm4693732
tt10343596,nm1279296
tt10343598,nm2157324
tt10343598,nm2431143
tt10343600,nm10694373
tt10343614,nm2157324
tt10343614,nm2431143
tt10343620,nm2157324
tt10343620,nm2431143
tt10343624,nm2157324
tt10343624,nm2431143
tt10343632,nm0309116
tt10343632,nm1270012
tt10343632,nm1709235
tt10343632,nm4038772
tt10343634,nm10339084
tt10343636,nm10694373
tt10343636,nm7596214
tt10343640,nm1969432
tt10343652,nm0309116
tt10343652,nm1270012
tt10343652,nm1709235
tt10343652,nm4038772
tt10343656,nm10694373
tt10343660,nm4693732
tt10343674,nm8030746
tt10343678,nm10694373
tt10343686,nm5957513
tt10343702,nm2432497
tt10343706,nm4693732
tt10343720,nm4693732
tt10343754,nm1969432
tt1034385,nm1164755
tt10343884,nm1279296
tt10343912,nm3470808
tt10343934,nm0430047
tt10343942,nm1430414
tt10343950,nm1430414
tt10343962,nm1430414
tt10343972,nm1430414
tt10343976,nm4941906
tt10343994,nm1430414
tt10343994,nm3935165
tt10344008,nm0430047
tt10344014,nm2432497
tt10344018,nm1430414
tt10344028,nm1430414
tt10344034,nm0836848
tt10344048,nm0002225
tt10344048,nm1215165
tt10344060,nm1430414
tt10344060,nm3935165
tt10344082,nm1430414
tt10344086,nm2432497
tt10344092,nm1430414
tt10344102,nm1430414
tt10344112,nm1969432
tt10344116,nm1430414
tt10344126,nm1430414
tt10344128,nm1430414
tt10344138,nm1279296
tt1034415,nm0345174
tt10344156,nm0430047
tt10344218,nm0661785
tt10344230,nm3456041
tt10344232,nm0754503
tt10344234,nm0754503
tt10344236,nm0754503
tt10344238,nm0754503
tt10344240,nm0754503
tt10344242,nm0754503
tt10344244,nm0754503
tt10344246,nm0754503
tt10344248,nm0754503
tt10344250,nm0754503
tt10344252,nm0754503
tt10344256,nm0754503
tt10344258,nm0754503
tt10344264,nm4805705
tt10344266,nm1618184
tt10344268,nm6881765
tt10344278,nm10699608
tt10344290,nm1618184
tt10344304,nm1279296
tt10344306,nm10585451
tt10344348,nm0689245
tt10344386,nm5673186
tt10344492,nm3519893
tt10344492,nm4394456
tt10344492,nm5092201
tt10344500,nm1279296
tt10344534,nm3519893
tt10344536,nm0430047
tt10344562,nm1279296
tt10344602,nm0430047
tt10344614,nm1279296
tt10344630,nm1548732
tt10344636,nm0155117
tt10344718,nm1279296
tt10344750,nm0430047
tt10344974,nm7256289
tt10345064,nm10490242
tt10345070,nm0424202
tt10345070,nm1526273
tt10345120,nm1279296
tt10345158,nm1548732
tt10345186,nm1279296
tt10345224,nm1279296
tt10345232,nm4941906
tt10345292,nm1618184
tt10345300,nm1969432
tt10345352,nm3681553
tt10345376,nm0430047
tt10345424,nm10335941
tt10345426,nm1315384
tt10345434,nm1618184
tt10345444,nm4941906
tt10345454,nm4941906
tt10345514,nm0110406
tt10345514,nm2311855
tt10345514,nm2849524
tt10345514,nm5589538
tt10345526,nm7025872
tt10345566,nm1279296
tt10345574,nm0430047
tt10345582,nm1279296
tt10345618,nm1618184
tt10345790,nm1264173
tt10345808,nm5479382
tt10345864,nm10700396
tt10345926,nm10700482
tt10345946,nm1175300
tt10345972,nm3657438
tt10346098,nm10700597
tt10346186,nm1498346
tt10346228,nm1498346
tt10346240,nm1498346
tt10346252,nm1498346
tt10346258,nm1498346
tt10346266,nm1498346
tt10346268,nm1498346
tt10346274,nm1498346
tt10346278,nm1498346
tt10346296,nm10700694
tt10346304,nm3007232
tt10346328,nm0049809
tt10346344,nm1472675
tt10346378,nm2646357
tt10346492,nm10700777
tt10346492,nm2257516
tt10346910,nm10184144
tt10346936,nm1161539
tt10346998,nm1161539
tt10347092,nm9047749
tt10347156,nm10700880
tt10347328,nm0661785
tt10347344,nm0021233
tt10347382,nm0661785
tt10347420,nm0661785
tt10347428,nm0661785
tt10347464,nm0661785
tt10347506,nm1161539
tt10347520,nm0661785
tt10347544,nm0661785
tt10347556,nm1161539
tt10347564,nm0661785
tt10347570,nm4589995
tt10347594,nm4259950
tt10347594,nm5234861
tt10347606,nm1161539
tt10347644,nm1161539
tt10347712,nm1161539
tt10347734,nm10519047
tt10347736,nm10519047
tt10347738,nm10519047
tt10347740,nm10519047
tt10347742,nm10519047
tt10347744,nm10519047
tt10347746,nm10519047
tt10347748,nm10519047
tt10347750,nm10519047
tt10347752,nm10519047
tt10347754,nm10519047
tt10347756,nm10519047
tt10347760,nm10519047
tt10347762,nm10519047
tt10347764,nm10519047
tt10347766,nm10519047
tt10347768,nm10519047
tt10347772,nm10519047
tt10347774,nm10519047
tt10347776,nm10519047
tt10347830,nm0080315
tt10347830,nm6184395
tt10347832,nm0080315
tt10347832,nm6184395
tt10347834,nm0080315
tt10347834,nm6184395
tt10347836,nm0080315
tt10347836,nm6184395
tt10347838,nm0080315
tt10347838,nm6184395
tt10347840,nm0080315
tt10347840,nm6184395
tt10347844,nm0080315
tt10347844,nm6184395
tt10347846,nm0080315
tt10347846,nm6184395
tt10347848,nm0080315
tt10347848,nm6184395
tt10347852,nm0080315
tt10347852,nm6184395
tt10347854,nm0080315
tt10347854,nm6184395
tt10347856,nm0080315
tt10347856,nm6184395
tt10347858,nm0080315
tt10347858,nm6184395
tt10347864,nm0080315
tt10347864,nm6184395
tt10347866,nm0080315
tt10347866,nm6184395
tt10347868,nm0080315
tt10347868,nm6184395
tt10347870,nm0080315
tt10347870,nm6184395
tt10347872,nm0080315
tt10347872,nm6184395
tt10347874,nm0080315
tt10347874,nm6184395
tt10347876,nm0080315
tt10347876,nm6184395
tt10347878,nm0080315
tt10347878,nm6184395
tt10347880,nm0080315
tt10347880,nm6184395
tt10347882,nm0080315
tt10347882,nm6184395
tt10347932,nm4817158
tt10347934,nm10558751
tt10347936,nm10558751
tt10347938,nm10558751
tt10347940,nm10558751
tt10347942,nm10558751
tt10347944,nm10558751
tt10347946,nm10558751
tt10347950,nm10558751
tt10347952,nm10558751
tt10347954,nm10558751
tt10347956,nm10558751
tt10347958,nm10558751
tt10347960,nm10558751
tt10347962,nm10558751
tt10347964,nm10558751
tt10347966,nm10558751
tt10347968,nm10558751
tt10347970,nm10558751
tt10347972,nm10558751
tt10347974,nm10558751
tt10348256,nm10687414
tt10348274,nm3805989
tt10348336,nm10703401
tt10348336,nm10705078
tt10348336,nm7623843
tt10348448,nm10474938
tt10348448,nm10474941
tt10348448,nm10474952
tt10348500,nm3657438
tt10348682,nm10695060
tt10348712,nm5921291
tt10348712,nm8213447
tt10348712,nm8787778
tt10348738,nm5921291
tt10348738,nm8213447
tt10348738,nm8787778
tt10348740,nm5921291
tt10348740,nm8213447
tt10348740,nm8787778
tt10348742,nm5921291
tt10348742,nm8213447
tt10348742,nm8787778
tt10348744,nm5921291
tt10348744,nm8213447
tt10348744,nm8787778
tt10348746,nm5921291
tt10348746,nm8213447
tt10348746,nm8787778
tt10348748,nm5921291
tt10348748,nm8213447
tt10348748,nm8787778
tt10348750,nm5921291
tt10348750,nm8213447
tt10348750,nm8787778
tt10348752,nm5921291
tt10348752,nm8213447
tt10348752,nm8787778
tt10348754,nm5921291
tt10348754,nm8213447
tt10348754,nm8787778
tt10348756,nm5921291
tt10348756,nm8213447
tt10348756,nm8787778
tt10348762,nm8213447
tt10348762,nm8787778
tt10348764,nm8213447
tt10348764,nm8787778
tt10348766,nm8213447
tt10348766,nm8787778
tt10348768,nm8213447
tt10348768,nm8787778
tt10348770,nm8213447
tt10348770,nm8787778
tt10348774,nm8213447
tt10348774,nm8787778
tt10348776,nm8213447
tt10348776,nm8787778
tt10348780,nm8213447
tt10348780,nm8787778
tt10348782,nm10685428
tt10348788,nm8213447
tt10348788,nm8787778
tt10348790,nm8213447
tt10348790,nm8787778
tt10348792,nm8213447
tt10348792,nm8787778
tt10348794,nm8213447
tt10348794,nm8787778
tt10348796,nm8213447
tt10348796,nm8787778
tt10348798,nm8213447
tt10348798,nm8787778
tt10348800,nm8213447
tt10348800,nm8787778
tt10348802,nm8213447
tt10348802,nm8787778
tt10348804,nm8213447
tt10348804,nm8787778
tt10348806,nm8213447
tt10348806,nm8787778
tt10348808,nm8213447
tt10348808,nm8787778
tt10348812,nm8213447
tt10348812,nm8787778
tt10348814,nm8213447
tt10348814,nm8787778
tt10348816,nm8213447
tt10348816,nm8787778
tt10348818,nm8213447
tt10348818,nm8787778
tt10348820,nm8213447
tt10348820,nm8787778
tt10348822,nm8213447
tt10348822,nm8787778
tt10348824,nm8213447
tt10348824,nm8787778
tt10348848,nm4817158
tt10348880,nm10693382
tt10348886,nm0661785
tt10348898,nm0783111
tt10348910,nm4941906
tt10348918,nm0661785
tt10348938,nm4350823
tt10348946,nm10701386
tt10348962,nm3687037
tt10348968,nm10701408
tt10348978,nm4817158
tt10348986,nm3687037
tt10349000,nm10701433
tt10349018,nm0661785
tt10349022,nm3687037
tt10349032,nm0661785
tt10349038,nm10474941
tt10349040,nm4817158
tt10349044,nm10474941
tt10349050,nm10474941
tt10349058,nm10474941
tt10349060,nm10474941
tt10349064,nm10474941
tt10349068,nm10474941
tt10349074,nm10474941
tt10349082,nm10474941
tt10349096,nm10474941
tt10349104,nm10474941
tt10349106,nm10474941
tt10349110,nm10474941
tt10349114,nm10474941
tt10349154,nm4817158
tt10349168,nm3687037
tt10349186,nm10334906
tt10349280,nm10701534
tt10349292,nm10701541
tt10349574,nm0932302
tt10349576,nm3420178
tt10349578,nm3420178
tt10349840,nm10701807
tt10349976,nm3140018
tt10349988,nm7236181
tt10350056,nm1315384
tt10350108,nm1279296
tt10350150,nm4259950
tt10350150,nm5234861
tt10350244,nm6691859
tt10350280,nm4259950
tt10350280,nm5234861
tt10350334,nm1618184
tt10350348,nm1279296
tt10350356,nm4259950
tt10350356,nm5234861
tt10350362,nm1279296
tt10350402,nm4259950
tt10350402,nm5234861
tt10350404,nm4259950
tt10350404,nm5234861
tt10350406,nm4259950
tt10350406,nm5234861
tt10350408,nm4259950
tt10350408,nm5234861
tt10350410,nm4259950
tt10350410,nm5234861
tt10350412,nm4259950
tt10350412,nm5234861
tt10350414,nm4259950
tt10350414,nm5234861
tt10350458,nm2311855
tt10350460,nm2311855
tt10350464,nm2311855
tt10350470,nm2311855
tt10350482,nm2311855
tt10350482,nm2849524
tt10350500,nm2311855
tt10350502,nm2311855
tt10350504,nm2311855
tt10350532,nm0871706
tt10350532,nm1448698
tt10350540,nm10702364
tt10350564,nm1279296
tt10350582,nm1279296
tt10350590,nm1279296
tt10350786,nm0857130
tt10350842,nm3614597
tt10350842,nm5528406
tt10350938,nm1172087
tt10350938,nm1232354
tt10350960,nm7913898
tt10350962,nm1153498
tt10351002,nm7920512
tt10351002,nm8377014
tt10351010,nm9696506
tt10351046,nm6596570
tt10351144,nm10702739
tt10351270,nm10704366
tt10351270,nm3425255
tt10351274,nm0754503
tt10351274,nm3395213
tt10351276,nm0754503
tt10351276,nm3395213
tt10351278,nm0754503
tt10351278,nm3395213
tt10351280,nm0754503
tt10351280,nm3395213
tt10351284,nm0754503
tt10351284,nm3395213
tt10351286,nm0754503
tt10351286,nm3395213
tt10351288,nm0754503
tt10351288,nm3395213
tt10351290,nm0754503
tt10351290,nm3395213
tt10351292,nm0754503
tt10351292,nm3395213
tt10351296,nm0754503
tt10351296,nm3395213
tt10351298,nm0754503
tt10351298,nm3395213
tt10351300,nm0754503
tt10351300,nm3395213
tt10351302,nm0754503
tt10351302,nm3395213
tt10351304,nm0754503
tt10351304,nm3395213
tt10351306,nm0754503
tt10351306,nm3395213
tt10351312,nm0754503
tt10351312,nm3395213
tt10351314,nm0754503
tt10351314,nm3395213
tt10351316,nm0754503
tt10351316,nm3395213
tt10351318,nm0754503
tt10351318,nm3395213
tt10351320,nm0754503
tt10351320,nm3395213
tt10351322,nm0754503
tt10351322,nm3395213
tt10351402,nm1699703
tt10351402,nm2277594
tt10351426,nm3425255
tt10351430,nm8213447
tt10351430,nm8787778
tt10351432,nm8213447
tt10351432,nm8787778
tt10351438,nm8213447
tt10351438,nm8787778
tt10351440,nm8213447
tt10351440,nm8787778
tt10351448,nm8213447
tt10351448,nm8787778
tt10351450,nm8213447
tt10351450,nm8787778
tt10351452,nm8213447
tt10351452,nm8787778
tt10351454,nm8213447
tt10351454,nm8787778
tt10351456,nm8213447
tt10351456,nm8787778
tt10351458,nm8213447
tt10351458,nm8787778
tt10351460,nm8213447
tt10351460,nm8787778
tt10351464,nm8213447
tt10351464,nm8787778
tt10351466,nm8213447
tt10351466,nm8787778
tt10351470,nm8213447
tt10351470,nm8787778
tt10351472,nm8213447
tt10351472,nm8787778
tt10351474,nm8213447
tt10351474,nm8787778
tt10351476,nm8213447
tt10351476,nm8787778
tt10351478,nm8213447
tt10351478,nm8787778
tt10351480,nm8213447
tt10351480,nm8787778
tt10351482,nm8213447
tt10351482,nm8787778
tt10351488,nm5921291
tt10351488,nm8213447
tt10351488,nm8787778
tt10351492,nm5921291
tt10351492,nm8213447
tt10351492,nm8787778
tt10351494,nm5921291
tt10351494,nm8213447
tt10351494,nm8787778
tt10351496,nm5921291
tt10351496,nm8213447
tt10351496,nm8787778
tt10351498,nm5921291
tt10351498,nm8213447
tt10351498,nm8787778
tt10351504,nm5921291
tt10351504,nm8213447
tt10351504,nm8787778
tt10351506,nm5921291
tt10351506,nm8213447
tt10351506,nm8787778
tt10351508,nm5921291
tt10351508,nm8213447
tt10351508,nm8787778
tt10351510,nm5921291
tt10351510,nm8213447
tt10351510,nm8787778
tt10351512,nm5921291
tt10351512,nm8213447
tt10351512,nm8787778
tt10351514,nm5921291
tt10351514,nm8213447
tt10351514,nm8787778
tt10351516,nm5921291
tt10351516,nm8213447
tt10351516,nm8787778
tt10351518,nm5921291
tt10351518,nm8213447
tt10351518,nm8787778
tt10351520,nm5921291
tt10351520,nm8213447
tt10351520,nm8787778
tt10351522,nm5921291
tt10351522,nm8213447
tt10351522,nm8787778
tt10351524,nm5921291
tt10351524,nm8213447
tt10351524,nm8787778
tt10351526,nm5921291
tt10351526,nm8213447
tt10351526,nm8787778
tt10351530,nm5921291
tt10351530,nm8213447
tt10351530,nm8787778
tt10351532,nm5921291
tt10351532,nm8213447
tt10351532,nm8787778
tt10351538,nm1760741
tt10351538,nm9552273
tt10351540,nm5921291
tt10351540,nm8213447
tt10351540,nm8787778
tt10351542,nm1760741
tt10351542,nm9552273
tt10351546,nm1760741
tt10351546,nm9552273
tt10351558,nm3425255
tt10351562,nm1760741
tt10351562,nm9552273
tt10351570,nm1760741
tt10351570,nm9552273
tt10351580,nm1760741
tt10351580,nm9552273
tt10351596,nm1760741
tt10351596,nm9552273
tt10351600,nm6542886
tt10351600,nm8114551
tt10351606,nm6542886
tt10351606,nm8114551
tt10351612,nm6542886
tt10351612,nm8114551
tt10351632,nm6542886
tt10351632,nm8114551
tt10351650,nm6542886
tt10351650,nm8114551
tt10351658,nm3058252
tt10351658,nm6542886
tt10351700,nm3058252
tt10351700,nm6542886
tt10351708,nm3058252
tt10351708,nm6542886
tt10351714,nm3058252
tt10351714,nm6542886
tt10351800,nm10702739
tt10351800,nm10702783
tt10352116,nm3362466
tt10352210,nm10558751
tt10352212,nm10558751
tt10352214,nm3627902
tt10352216,nm10558751
tt10352218,nm10702783
tt10352218,nm9888079
tt10352224,nm10558751
tt10352226,nm10558751
tt10352228,nm10558751
tt10352230,nm10558751
tt10352232,nm10558751
tt10352236,nm10558751
tt10352238,nm10558751
tt10352240,nm10558751
tt10352244,nm10558751
tt10352246,nm10558751
tt10352248,nm10558751
tt10352252,nm10558751
tt10352254,nm10558751
tt10352256,nm10558751
tt10352262,nm10558751
tt10352264,nm10558751
tt10352268,nm10558751
tt10352320,nm2454363
tt10352324,nm0538192
tt10352332,nm10519047
tt10352334,nm10519047
tt10352336,nm10519047
tt10352338,nm10519047
tt10352340,nm10519047
tt10352342,nm10519047
tt10352344,nm10519047
tt10352346,nm10519047
tt10352348,nm10519047
tt10352352,nm10519047
tt10352356,nm10519047
tt10352358,nm10519047
tt10352360,nm10519047
tt10352364,nm10519047
tt10352366,nm10519047
tt10352368,nm10519047
tt10352370,nm10519047
tt10352372,nm10519047
tt10352374,nm10519047
tt10352376,nm10519047
tt10352484,nm10703061
tt10352596,nm10703071
tt10352614,nm1500794
tt10352868,nm10703098
tt10353010,nm10096779
tt10353060,nm1327705
tt10353282,nm8785519
tt10353282,nm8785520
tt10353282,nm8785521
tt10353308,nm8785519
tt10353308,nm8785520
tt10353308,nm8785521
tt10353366,nm7623843
tt10353450,nm2277594
tt10353452,nm2277594
tt10353454,nm2277594
tt10353456,nm1699703
tt10353460,nm1699703
tt10353504,nm2873331
tt10353546,nm7623843
tt10353552,nm7623843
tt10353562,nm10703150
tt10353584,nm10558559
tt10353700,nm10703335
tt10353714,nm6954608
tt10353718,nm7623843
tt10353730,nm10703352
tt10353736,nm10703358
tt10353762,nm5482175
tt10353762,nm9894725
tt10353814,nm10703401
tt10353814,nm7623843
tt10353858,nm10703430
tt10353858,nm10703431
tt10353858,nm2686592
tt10353858,nm6374079
tt10353858,nm8530838
tt10353858,nm9717053
tt10353858,nm9755664
tt10353900,nm7916459
tt10353902,nm10703540
tt10353918,nm6708341
tt10353968,nm3425255
tt10353990,nm3425255
tt10354010,nm5977285
tt10354010,nm9492054
tt10354154,nm1327705
tt10354206,nm9140682
tt10354248,nm9141835
tt10354394,nm3058252
tt10354394,nm6542886
tt10354402,nm3058252
tt10354402,nm6542886
tt10354406,nm3058252
tt10354406,nm6542886
tt10354408,nm3058252
tt10354408,nm6542886
tt10354412,nm3058252
tt10354412,nm6542886
tt10354416,nm3058252
tt10354416,nm6542886
tt10354434,nm2255661
tt10354474,nm2255661
tt10354518,nm2255661
tt10354528,nm2255661
tt10354538,nm2255661
tt10354546,nm2255661
tt10354572,nm5132783
tt10354626,nm9809798
tt10354716,nm8216002
tt10354720,nm9809798
tt10354754,nm1337868
tt10354754,nm3792379
tt10354754,nm9800439
tt10354780,nm1337868
tt10354780,nm9800439
tt10354920,nm3563740
tt10355210,nm10703795
tt10355274,nm10473592
tt10355286,nm10703864
tt10355290,nm4078688
tt10355296,nm10703878
tt10355308,nm2589122
tt10355310,nm2589122
tt10355314,nm2589122
tt10355322,nm2589122
tt10355324,nm2589122
tt10355326,nm2589122
tt10355332,nm2589122
tt10355374,nm2589122
tt10355382,nm0154891
tt10355384,nm2589122
tt10355388,nm2589122
tt10355392,nm3952326
tt10355394,nm2589122
tt10355396,nm8777256
tt10355396,nm9067838
tt10355400,nm2589122
tt10355404,nm2589122
tt10355406,nm8777256
tt10355406,nm9067838
tt10355410,nm2589122
tt10355416,nm2589122
tt10355418,nm8777256
tt10355418,nm9067838
tt10355424,nm8777256
tt10355424,nm9067838
tt10355446,nm8777256
tt10355446,nm9067838
tt10355464,nm3400580
tt10355536,nm10702157
tt10355536,nm7153322
tt10355548,nm3400580
tt10355550,nm2243812
tt10355552,nm3026923
tt10355554,nm3026923
tt10355560,nm3026923
tt10355566,nm3026923
tt10355568,nm3026923
tt10355570,nm3026923
tt10355572,nm3026923
tt10355574,nm3026923
tt10355576,nm3026923
tt10355580,nm3026923
tt10355582,nm10620050
tt10355582,nm7153322
tt10355628,nm7783734
tt10355644,nm2875363
tt10355652,nm7783734
tt10355666,nm6562231
tt10355686,nm7783734
tt10355686,nm8564595
tt10355720,nm2875363
tt10355804,nm10620050
tt10355870,nm10697940
tt10356002,nm3150680
tt10356018,nm1141391
tt10356030,nm3150680
tt10356040,nm10704310
tt10356042,nm1141391
tt10356050,nm3150680
tt10356076,nm1141391
tt10356082,nm3150680
tt10356088,nm1141391
tt10356094,nm3150680
tt10356106,nm3150680
tt10356140,nm1141391
tt10356162,nm10704185
tt10356256,nm10608993
tt10356260,nm10704394
tt10356274,nm9301326
tt10356280,nm6262854
tt10356290,nm8317776
tt10356292,nm10483380
tt10356292,nm10704404
tt10356292,nm10704405
tt10356296,nm8317776
tt10356298,nm8317776
tt10356300,nm8317776
tt10356302,nm8317776
tt10356308,nm8317776
tt10356312,nm8317776
tt10356314,nm8317776
tt10356316,nm8317776
tt10356320,nm8317776
tt10356322,nm8317776
tt10356336,nm7691086
tt10356352,nm8824163
tt10356408,nm6984106
tt10356496,nm2589122
tt10356500,nm2589122
tt10356502,nm2589122
tt10356506,nm2589122
tt10356508,nm2589122
tt10356510,nm2589122
tt10356514,nm2589122
tt10356518,nm2589122
tt10356520,nm2589122
tt10356528,nm2589122
tt10356530,nm2589122
tt10356534,nm10704534
tt10356534,nm10704535
tt10356536,nm2589122
tt10356540,nm2589122
tt10356542,nm2589122
tt10356544,nm2589122
tt10356546,nm10704537
tt10356548,nm2589122
tt10356550,nm2589122
tt10356554,nm1327705
tt10356556,nm2589122
tt10356560,nm2589122
tt10356566,nm2589122
tt10356568,nm10704540
tt10356570,nm7787085
tt10356574,nm2589122
tt10356584,nm10704545
tt10356592,nm10704571
tt10356600,nm1327705
tt10356604,nm10704573
tt10356608,nm10704576
tt10356612,nm10139800
tt10356612,nm5327706
tt10356612,nm8741635
tt10356612,nm8745421
tt10356612,nm8745422
tt10356612,nm8747066
tt10356612,nm9002056
tt10356616,nm3658406
tt10356618,nm1327705
tt10356632,nm1327705
tt10356634,nm8785519
tt10356634,nm8785520
tt10356634,nm8785521
tt10356658,nm6984106
tt10356662,nm10700597
tt10356668,nm1498346
tt10356670,nm1203308
tt10356678,nm1327705
tt10356710,nm1327705
tt10356730,nm1327705
tt10356742,nm0563846
tt10356794,nm0563846
tt10356932,nm1507117
tt10357002,nm10704715
tt10357076,nm4404209
tt10357218,nm3341538
tt10357300,nm10519047
tt10357302,nm10519047
tt10357306,nm10519047
tt10357308,nm10519047
tt10357310,nm10519047
tt10357312,nm10519047
tt10357314,nm10519047
tt10357316,nm10519047
tt10357318,nm10519047
tt10357320,nm10519047
tt10357322,nm10519047
tt10357324,nm10519047
tt10357326,nm10519047
tt10357328,nm10519047
tt10357330,nm10519047
tt10357332,nm10519047
tt10357334,nm10519047
tt10357336,nm10519047
tt10357338,nm10519047
tt10357340,nm10519047
tt10357350,nm10994135
tt10357350,nm3162553
tt10357384,nm10558751
tt10357386,nm10558751
tt10357388,nm10558751
tt10357390,nm10558751
tt10357392,nm10558751
tt10357394,nm10558751
tt10357396,nm10558751
tt10357398,nm10558751
tt10357400,nm10558751
tt10357402,nm10558751
tt10357404,nm10558751
tt10357406,nm3447204
tt10357408,nm10558751
tt10357410,nm10558751
tt10357414,nm10558751
tt10357416,nm10558751
tt10357418,nm10558751
tt10357420,nm10558751
tt10357422,nm10558751
tt10357424,nm10558751
tt10357450,nm10704805
tt10357598,nm4890979
tt10357616,nm10699935
tt10357912,nm10670877
tt10357930,nm5921291
tt10357930,nm8213447
tt10357930,nm8787778
tt10357932,nm5921291
tt10357932,nm8213447
tt10357932,nm8787778
tt10357934,nm5921291
tt10357934,nm8213447
tt10357934,nm8787778
tt10357936,nm5921291
tt10357936,nm8213447
tt10357936,nm8787778
tt10357938,nm5921291
tt10357938,nm8213447
tt10357938,nm8787778
tt10357940,nm5921291
tt10357940,nm8213447
tt10357940,nm8787778
tt10357942,nm5921291
tt10357942,nm8213447
tt10357942,nm8787778
tt10357946,nm5921291
tt10357946,nm8213447
tt10357946,nm8787778
tt10357948,nm5921291
tt10357948,nm8213447
tt10357948,nm8787778
tt10357952,nm5921291
tt10357952,nm8213447
tt10357952,nm8787778
tt10357954,nm5921291
tt10357954,nm8213447
tt10357954,nm8787778
tt10357956,nm5921291
tt10357956,nm8213447
tt10357956,nm8787778
tt10357958,nm5921291
tt10357958,nm8213447
tt10357958,nm8787778
tt10357962,nm5921291
tt10357962,nm8213447
tt10357962,nm8787778
tt10357964,nm5921291
tt10357964,nm8213447
tt10357964,nm8787778
tt10357966,nm5921291
tt10357966,nm8213447
tt10357966,nm8787778
tt10357968,nm5921291
tt10357968,nm8213447
tt10357968,nm8787778
tt10357970,nm5921291
tt10357970,nm8213447
tt10357970,nm8787778
tt10357972,nm5921291
tt10357972,nm8213447
tt10357972,nm8787778
tt10357974,nm5921291
tt10357974,nm8213447
tt10357974,nm8787778
tt10357980,nm8213447
tt10357980,nm8787778
tt10357982,nm8213447
tt10357982,nm8787778
tt10357984,nm8213447
tt10357984,nm8787778
tt10357986,nm8213447
tt10357986,nm8787778
tt10357990,nm8213447
tt10357990,nm8787778
tt10357992,nm8213447
tt10357992,nm8787778
tt10357994,nm8213447
tt10357994,nm8787778
tt10357996,nm8213447
tt10357996,nm8787778
tt10357998,nm8213447
tt10357998,nm8787778
tt10358000,nm8213447
tt10358000,nm8787778
tt10358002,nm8213447
tt10358002,nm8787778
tt10358004,nm8213447
tt10358004,nm8787778
tt10358006,nm8213447
tt10358006,nm8787778
tt10358008,nm8213447
tt10358008,nm8787778
tt10358010,nm8213447
tt10358010,nm8787778
tt10358012,nm8213447
tt10358012,nm8787778
tt10358014,nm8213447
tt10358014,nm8787778
tt10358016,nm8213447
tt10358016,nm8787778
tt10358018,nm8213447
tt10358018,nm8787778
tt10358020,nm8213447
tt10358020,nm8787778
tt10358238,nm7623843
tt10358298,nm7623843
tt10358364,nm8785519
tt10358364,nm8785520
tt10358364,nm8785521
tt10358414,nm7623843
tt10358422,nm7110918
tt10358474,nm10705078
tt10358474,nm7623843
tt10358558,nm3425255
tt10358568,nm3425255
tt10358570,nm10705091
tt10358574,nm0001438
tt10358574,nm0262693
tt10358574,nm6969440
tt10358736,nm9667512
tt10358810,nm3425255
tt10358826,nm3425255
tt10358830,nm3425255
tt10358848,nm10620050
tt10358884,nm7853154
tt10359078,nm3312121
tt10359082,nm10705362
tt10359098,nm0482774
tt10359162,nm3881938
tt10359286,nm9870231
tt10359396,nm7823600
tt10359428,nm1936500
tt10359452,nm4731396
tt10359452,nm4804856
tt10359458,nm5163456
tt10359590,nm6772039
tt10359618,nm6148858
tt10359618,nm6772039
tt10359696,nm7153322
tt10359698,nm6495279
tt10359698,nm8340267
tt10359700,nm7153322
tt10359704,nm5415241
tt10359706,nm7153322
tt10359718,nm7153322
tt10359724,nm5415241
tt10359764,nm6008391
tt10359766,nm6495279
tt10359766,nm8340267
tt10359778,nm6495279
tt10359778,nm8340267
tt10359780,nm6495279
tt10359780,nm8340267
tt10359792,nm2426710
tt10359798,nm2426710
tt10359798,nm7678752
tt10359802,nm7678752
tt10359848,nm2115007
tt10359930,nm6321901
tt10360018,nm10444350
tt10360020,nm5373873
tt10360034,nm5870749
tt10360056,nm10394452
tt10360144,nm5415241
tt10360212,nm6361334
tt10360228,nm2609083
tt10360228,nm6361334
tt10360230,nm2609083
tt10360230,nm6361334
tt10360232,nm2609083
tt10360232,nm6361334
tt10360234,nm2609083
tt10360234,nm6361334
tt10360236,nm2609083
tt10360236,nm6361334
tt10360240,nm3216354
tt10360242,nm2609083
tt10360242,nm6361334
tt10360244,nm7783734
tt10360246,nm2609083
tt10360246,nm6361334
tt10360248,nm2609083
tt10360248,nm6361334
tt10360250,nm2609083
tt10360250,nm6361334
tt10360252,nm2609083
tt10360252,nm6361334
tt10360294,nm6361334
tt10360296,nm6361334
tt10360304,nm6361334
tt10360308,nm6361334
tt10360312,nm6361334
tt10360316,nm6361334
tt10360320,nm6361334
tt10360322,nm6361334
tt10360324,nm6361334
tt10360326,nm6361334
tt10360328,nm6361334
tt10360350,nm8407904
tt10360444,nm4295438
tt10360448,nm4295438
tt10360504,nm0496312
tt10360544,nm3568145
tt10360664,nm10706663
tt10360682,nm6655162
tt10360760,nm3224812
tt10360912,nm10706798
tt10360912,nm9792308
tt10360916,nm0698749
tt10360916,nm1460404
tt10360924,nm10706823
tt10360970,nm5870958
tt10361000,nm0404893
tt10361042,nm3929544
tt10361096,nm5551032
tt10361102,nm0404893
tt10361126,nm2373620
tt10361258,nm4162743
tt10361306,nm6818976
tt10361472,nm2233924
tt10361484,nm8213447
tt10361484,nm8787778
tt10361486,nm8213447
tt10361486,nm8787778
tt10361488,nm8213447
tt10361488,nm8787778
tt10361490,nm8213447
tt10361490,nm8787778
tt10361492,nm8213447
tt10361492,nm8787778
tt10361494,nm8213447
tt10361494,nm8787778
tt10361498,nm8213447
tt10361498,nm8787778
tt10361500,nm8213447
tt10361500,nm8787778
tt10361502,nm8213447
tt10361502,nm8787778
tt10361504,nm8213447
tt10361504,nm8787778
tt10361506,nm8213447
tt10361506,nm8787778
tt10361508,nm8213447
tt10361508,nm8787778
tt10361510,nm8213447
tt10361510,nm8787778
tt10361512,nm8213447
tt10361512,nm8787778
tt10361516,nm8213447
tt10361516,nm8787778
tt10361518,nm8213447
tt10361518,nm8787778
tt10361520,nm8213447
tt10361520,nm8787778
tt10361522,nm8213447
tt10361522,nm8787778
tt10361524,nm8213447
tt10361524,nm8787778
tt10361526,nm8213447
tt10361526,nm8787778
tt10361528,nm5921291
tt10361528,nm8213447
tt10361528,nm8787778
tt10361532,nm5921291
tt10361532,nm8213447
tt10361532,nm8787778
tt10361534,nm5921291
tt10361534,nm8213447
tt10361534,nm8787778
tt10361538,nm5921291
tt10361538,nm8213447
tt10361538,nm8787778
tt10361540,nm5921291
tt10361540,nm8213447
tt10361540,nm8787778
tt10361542,nm5921291
tt10361542,nm8213447
tt10361542,nm8787778
tt10361544,nm5921291
tt10361544,nm8213447
tt10361544,nm8787778
tt10361546,nm5921291
tt10361546,nm8213447
tt10361546,nm8787778
tt10361548,nm5921291
tt10361548,nm8213447
tt10361548,nm8787778
tt10361550,nm5921291
tt10361550,nm8213447
tt10361550,nm8787778
tt10361552,nm5921291
tt10361552,nm8213447
tt10361552,nm8787778
tt10361554,nm5921291
tt10361554,nm8213447
tt10361554,nm8787778
tt10361556,nm5921291
tt10361556,nm8213447
tt10361556,nm8787778
tt10361558,nm5921291
tt10361558,nm8213447
tt10361558,nm8787778
tt10361560,nm5921291
tt10361560,nm8213447
tt10361560,nm8787778
tt10361562,nm5921291
tt10361562,nm8213447
tt10361562,nm8787778
tt10361564,nm5921291
tt10361564,nm8213447
tt10361564,nm8787778
tt10361566,nm5921291
tt10361566,nm8213447
tt10361566,nm8787778
tt10361568,nm5921291
tt10361568,nm8213447
tt10361568,nm8787778
tt10361570,nm5921291
tt10361570,nm8213447
tt10361570,nm8787778
tt10361602,nm6960562
tt10361628,nm4906548
tt10361746,nm2630132
tt10361772,nm1463531
tt10361856,nm2949526
tt10361862,nm13990803
tt10361864,nm2949526
tt10361922,nm5167649
tt10361952,nm10204815
tt10362126,nm9982653
tt10362134,nm2157324
tt10362134,nm2431143
tt10362140,nm2157324
tt10362140,nm2431143
tt10362146,nm10519047
tt10362148,nm10519047
tt10362150,nm10519047
tt10362152,nm10519047
tt10362154,nm10519047
tt10362156,nm10519047
tt10362158,nm10519047
tt10362160,nm10519047
tt10362162,nm10519047
tt10362164,nm10519047
tt10362168,nm10519047
tt10362170,nm10519047
tt10362172,nm10519047
tt10362174,nm10519047
tt10362176,nm10519047
tt10362178,nm10519047
tt10362182,nm10519047
tt10362186,nm10519047
tt10362188,nm10519047
tt10362190,nm10519047
tt10362192,nm10519047
tt10362194,nm10519047
tt10362196,nm10519047
tt10362198,nm10519047
tt10362200,nm2157324
tt10362200,nm2431143
tt10362208,nm2157324
tt10362208,nm2431143
tt10362216,nm7892042
tt10362232,nm2157324
tt10362232,nm2431143
tt10362266,nm3805989
tt10362268,nm2157324
tt10362268,nm2431143
tt10362304,nm2157324
tt10362304,nm2431143
tt10362324,nm2157324
tt10362324,nm2431143
tt10362330,nm2157324
tt10362330,nm2431143
tt10362342,nm2157324
tt10362342,nm2431143
tt10362428,nm0316054
tt10362572,nm0996406
tt10362580,nm2157324
tt10362580,nm2431143
tt10362592,nm0996406
tt10362640,nm0996406
tt10362648,nm0996406
tt10362660,nm2157324
tt10362660,nm2431143
tt10362666,nm0996406
tt10362686,nm6287385
tt10362690,nm0996406
tt10362728,nm3878892
tt10362768,nm0996406
tt10362786,nm10297947
tt10362792,nm0996406
tt10362814,nm0996406
tt10362834,nm2157324
tt10362834,nm2431143
tt10362838,nm0996406
tt10362864,nm0996406
tt10362894,nm0996406
tt10362896,nm2157324
tt10362896,nm2431143
tt10362916,nm0996406
tt10362928,nm2157324
tt10362928,nm2431143
tt10362940,nm0996406
tt10362962,nm0996406
tt10362974,nm0996406
tt10363004,nm0996406
tt10363018,nm0996406
tt10363046,nm0996406
tt10363068,nm0996406
tt10363088,nm0996406
tt10363122,nm8844105
tt10363176,nm10707442
tt10363252,nm2157324
tt10363252,nm2431143
tt10363296,nm2431143
tt10363368,nm2157324
tt10363368,nm2431143
tt10363370,nm2071556
tt10363374,nm2157324
tt10363374,nm2431143
tt10363546,nm6833072
tt10363546,nm9750986
tt10363548,nm6833072
tt10363548,nm9750986
tt10363552,nm6833072
tt10363552,nm9750986
tt10363554,nm6833072
tt10363554,nm9750986
tt10363558,nm6833072
tt10363558,nm9750986
tt10363560,nm6833072
tt10363560,nm9750986
tt10363562,nm6833072
tt10363562,nm9750986
tt10363566,nm6833072
tt10363566,nm9750986
tt10363570,nm6833072
tt10363570,nm9750986
tt10363572,nm6833072
tt10363572,nm9750986
tt10363574,nm6833072
tt10363574,nm9750986
tt10363580,nm6833072
tt10363580,nm9750986
tt10363582,nm6833072
tt10363582,nm9750986
tt10363584,nm6833072
tt10363584,nm9750986
tt10363586,nm6833072
tt10363586,nm9750986
tt10363588,nm6833072
tt10363588,nm9750986
tt10363590,nm6833072
tt10363590,nm9750986
tt10363594,nm6833072
tt10363594,nm9750986
tt10363596,nm6833072
tt10363596,nm9750986
tt10363598,nm6833072
tt10363598,nm9750986
tt10363600,nm6833072
tt10363600,nm9750986
tt10363602,nm6833072
tt10363602,nm9750986
tt10363606,nm6833072
tt10363606,nm9750986
tt10363608,nm6833072
tt10363608,nm9750986
tt10363610,nm6833072
tt10363610,nm9750986
tt10363714,nm7237933
tt10363716,nm7127630
tt10363738,nm3246845
tt10363738,nm4455634
tt10363752,nm1487762
tt10363760,nm1487762
tt10363764,nm1487762
tt10363766,nm7333041
tt10363780,nm10707814
tt10363810,nm8956177
tt10363824,nm5013061
tt10363838,nm3687037
tt10363844,nm3110247
tt10363850,nm2551464
tt10363864,nm4008978
tt10363866,nm10707908
tt10363866,nm10707909
tt10363900,nm7783734
tt10363910,nm1496101
tt10363934,nm10707964
tt10363934,nm10707965
tt10364026,nm2157324
tt10364026,nm2431143
tt10364030,nm2157324
tt10364030,nm2431143
tt10364032,nm2157324
tt10364032,nm2431143
tt10364058,nm0561507
tt10364064,nm2157324
tt10364064,nm2431143
tt10364082,nm2157324
tt10364082,nm2431143
tt10364088,nm2157324
tt10364088,nm2431143
tt10364126,nm8698188
tt10364152,nm0561507
tt10364156,nm1487762
tt10364164,nm1487762
tt10364174,nm1487762
tt10364180,nm1487762
tt10364214,nm9030675
tt10364220,nm0154891
tt10364230,nm0154891
tt10364232,nm1487762
tt10364240,nm1487762
tt10364244,nm1487762
tt10364246,nm1487762
tt10364254,nm0154891
tt10364258,nm1487762
tt10364262,nm10316079
tt10364266,nm1487762
tt10364268,nm1487762
tt10364270,nm1487762
tt10364274,nm1487762
tt10364276,nm1487762
tt10364302,nm10708250
tt10364352,nm2157324
tt10364352,nm2431143
tt10364356,nm0024015
tt10364358,nm2157324
tt10364358,nm2431143
tt10364360,nm6179964
tt10364364,nm0024015
tt10364372,nm0024015
tt10364374,nm2157324
tt10364374,nm2431143
tt10364380,nm0024015
tt10364384,nm2157324
tt10364384,nm2431143
tt10364388,nm0024015
tt10364392,nm10084401
tt10364396,nm2157324
tt10364396,nm2431143
tt10364400,nm2157324
tt10364400,nm2431143
tt10364404,nm0024015
tt10364406,nm2431143
tt10364412,nm0030744
tt10364414,nm2157324
tt10364414,nm2431143
tt10364418,nm0024015
tt10364420,nm2157324
tt10364420,nm2431143
tt10364424,nm0024015
tt10364432,nm2157324
tt10364432,nm2431143
tt10364446,nm0024015
tt10364456,nm0024015
tt10364460,nm9804421
tt10364466,nm0024015
tt10364480,nm0024015
tt10364486,nm4700016
tt10364492,nm1459398
tt10364492,nm2460183
tt10364524,nm6503847
tt10364546,nm7558024
tt10364564,nm6833072
tt10364564,nm9750986
tt10364566,nm6833072
tt10364566,nm9750986
tt10364568,nm6833072
tt10364568,nm9750986
tt10364570,nm6833072
tt10364570,nm9750986
tt10364572,nm6833072
tt10364572,nm9750986
tt10364574,nm6833072
tt10364574,nm9750986
tt10364576,nm6833072
tt10364576,nm9750986
tt10364578,nm6833072
tt10364578,nm9750986
tt10364580,nm6833072
tt10364580,nm9750986
tt10364582,nm6833072
tt10364582,nm9750986
tt10364584,nm6833072
tt10364584,nm9750986
tt10364586,nm6833072
tt10364586,nm9750986
tt10364588,nm6833072
tt10364588,nm9750986
tt10364590,nm6833072
tt10364590,nm9750986
tt10364592,nm6833072
tt10364592,nm9750986
tt10364594,nm6833072
tt10364594,nm9750986
tt10364596,nm6833072
tt10364596,nm9750986
tt10364598,nm6833072
tt10364598,nm9750986
tt10364600,nm6833072
tt10364600,nm9750986
tt10364602,nm6833072
tt10364602,nm9750986
tt10364604,nm6108603
tt10364606,nm6833072
tt10364606,nm9750986
tt10364608,nm6833072
tt10364608,nm9750986
tt10364610,nm6833072
tt10364610,nm9750986
tt10364612,nm6833072
tt10364612,nm9750986
tt10364616,nm2524367
tt10364616,nm7376048
tt10364618,nm6833072
tt10364618,nm9750986
tt10364620,nm6833072
tt10364620,nm9750986
tt10364624,nm6833072
tt10364624,nm9750986
tt10364626,nm6833072
tt10364626,nm9750986
tt10364628,nm6833072
tt10364628,nm9750986
tt10364630,nm6833072
tt10364630,nm9750986
tt10364634,nm6833072
tt10364634,nm9750986
tt10364636,nm6833072
tt10364636,nm9750986
tt10364638,nm6833072
tt10364638,nm9750986
tt10364642,nm6833072
tt10364642,nm9750986
tt10364644,nm6833072
tt10364644,nm9750986
tt10364646,nm6833072
tt10364646,nm9750986
tt10364648,nm6833072
tt10364648,nm9750986
tt10364650,nm6833072
tt10364650,nm9750986
tt10364652,nm6833072
tt10364652,nm9750986
tt10364682,nm6833072
tt10364682,nm9750986
tt10364740,nm2524367
tt10364740,nm7376048
tt10364762,nm2524367
tt10364762,nm7376048
tt10364794,nm2524367
tt10364794,nm7376048
tt10364826,nm2524367
tt10364826,nm7376048
tt10364848,nm2524367
tt10364848,nm7376048
tt10364904,nm5496908
tt10364904,nm7376048
tt10364918,nm5097395
tt10364918,nm5496908
tt10364918,nm7376048
tt10364924,nm5097395
tt10364924,nm7376048
tt10364940,nm5097395
tt10364940,nm7376048
tt10365008,nm0234725
tt10365008,nm6729163
tt10365466,nm5764837
tt10365516,nm1158179
tt10365516,nm2091663
tt10365674,nm10708618
tt10365674,nm12807248
tt10365674,nm12827231
tt10365806,nm10708676
tt10365812,nm10708694
tt10365828,nm2024044
tt10365860,nm9532541
tt10365926,nm10034125
tt10365946,nm8311348
tt10365974,nm8311348
tt10366062,nm2489034
tt10366102,nm10673879
tt10366110,nm10673879
tt10366114,nm0695621
tt10366116,nm4827297
tt10366118,nm10675660
tt10366120,nm0695621
tt10366126,nm2854005
tt10366132,nm9494080
tt10366134,nm2854005
tt10366136,nm10673157
tt10366140,nm10673157
tt10366144,nm0695621
tt10366146,nm0695621
tt10366150,nm0695621
tt10366156,nm0695621
tt10366158,nm0695621
tt10366160,nm0695621
tt10366164,nm0695621
tt10366166,nm0695621
tt10366190,nm8995244
tt10366196,nm4039729
tt10366234,nm10243295
tt10366234,nm10709046
tt10366246,nm9667512
tt10366268,nm9667512
tt10366274,nm9667512
tt10366280,nm9667512
tt10366286,nm9667512
tt10366290,nm9667512
tt10366292,nm9667512
tt10366294,nm9667512
tt10366296,nm9667512
tt10366300,nm9667512
tt10366302,nm9667512
tt10366306,nm9667512
tt10366312,nm9667512
tt10366316,nm9667512
tt10366342,nm9120459
tt10366376,nm2257516
tt10366378,nm2257516
tt10366380,nm4138241
tt10366382,nm4138241
tt10366384,nm4138241
tt10366386,nm2257516
tt10366390,nm2257516
tt10366394,nm2257516
tt10366396,nm2257516
tt10366400,nm2257516
tt10366404,nm2257516
tt10366450,nm10673879
tt10366454,nm10709221
tt10366476,nm10673879
tt10366478,nm3837878
tt10366482,nm3837878
tt10366484,nm3837878
tt10366484,nm4383056
tt10366486,nm3837878
tt10366490,nm10673879
tt10366498,nm0695621
tt10366500,nm4258993
tt10366510,nm4260399
tt10366526,nm0404893
tt10366554,nm0404893
tt10366570,nm3400715
tt10366582,nm9394859
tt10366586,nm3167874
tt10366600,nm10673879
tt10366614,nm2854005
tt10366620,nm10673879
tt10366626,nm0695621
tt10366630,nm8509231
tt10366644,nm1553327
tt10366646,nm2854005
tt10366694,nm7305267
tt10366704,nm2071556
tt10366712,nm7305267
tt10366716,nm10709501
tt10366734,nm10654130
tt10366736,nm5685980
tt10366742,nm2071556
tt10366746,nm10654130
tt10366748,nm10709515
tt10366750,nm5570303
tt10366754,nm10654130
tt10366802,nm10654130
tt10366830,nm7305267
tt10366834,nm10709530
tt10366844,nm7305267
tt10366868,nm7305267
tt10366878,nm5764837
tt10366926,nm8093244
tt10366932,nm10709601
tt10366932,nm1359423
tt10366932,nm1529581
tt10366932,nm4884119
tt10366932,nm9473916
tt10366932,nm9983432
tt10366992,nm1118261
tt10367054,nm2071556
tt10367080,nm8834966
tt10367388,nm1369886
tt10367402,nm5685980
tt10367432,nm5469378
tt10367684,nm9668201
tt10367706,nm10213719
tt10367748,nm5921291
tt10367748,nm8213447
tt10367748,nm8787778
tt10367750,nm5921291
tt10367750,nm8213447
tt10367750,nm8787778
tt10367752,nm8213447
tt10367752,nm8787778
tt10367754,nm8213447
tt10367754,nm8787778
tt10367756,nm8213447
tt10367756,nm8787778
tt10367758,nm8213447
tt10367758,nm8787778
tt10367760,nm8213447
tt10367760,nm8787778
tt10367762,nm8213447
tt10367762,nm8787778
tt10367764,nm8213447
tt10367764,nm8787778
tt10367766,nm8213447
tt10367766,nm8787778
tt10367768,nm8213447
tt10367768,nm8787778
tt10367770,nm8213447
tt10367770,nm8787778
tt10367772,nm8213447
tt10367772,nm8787778
tt10367774,nm8213447
tt10367774,nm8787778
tt10367776,nm8213447
tt10367776,nm8787778
tt10367778,nm8213447
tt10367778,nm8787778
tt10367782,nm8213447
tt10367782,nm8787778
tt10367786,nm8213447
tt10367786,nm8787778
tt10367788,nm8213447
tt10367788,nm8787778
tt10367790,nm8213447
tt10367790,nm8787778
tt10367802,nm8213447
tt10367802,nm8787778
tt10367804,nm8213447
tt10367804,nm8787778
tt10367808,nm8213447
tt10367808,nm8787778
tt10367810,nm8213447
tt10367810,nm8787778
tt10367812,nm8213447
tt10367812,nm8787778
tt10367814,nm8213447
tt10367814,nm8787778
tt10367820,nm8213447
tt10367820,nm8787778
tt10367822,nm8213447
tt10367822,nm8787778
tt10367824,nm8213447
tt10367824,nm8787778
tt10367826,nm8213447
tt10367826,nm8787778
tt10367830,nm8213447
tt10367830,nm8787778
tt10367834,nm8213447
tt10367834,nm8787778
tt10367836,nm8213447
tt10367836,nm8787778
tt10367838,nm8213447
tt10367838,nm8787778
tt10367842,nm8213447
tt10367842,nm8787778
tt10367844,nm8213447
tt10367844,nm8787778
tt10367846,nm8213447
tt10367846,nm8787778
tt10367848,nm8213447
tt10367848,nm8787778
tt10367852,nm8213447
tt10367852,nm8787778
tt10367854,nm8213447
tt10367854,nm8787778
tt10368180,nm3005544
tt10368280,nm3246845
tt10368280,nm4455634
tt10368282,nm3246845
tt10368282,nm4455634
tt10368286,nm3246845
tt10368286,nm4455634
tt10368288,nm3246845
tt10368288,nm4455634
tt10368292,nm3246845
tt10368292,nm4455634
tt10368294,nm12176576
tt10368294,nm3246845
tt10368294,nm4455634
tt10368298,nm3246845
tt10368298,nm4455634
tt10368304,nm3246845
tt10368304,nm4455634
tt10368306,nm3246845
tt10368306,nm4455634
tt10368308,nm12176576
tt10368308,nm3246845
tt10368308,nm4455634
tt10368310,nm3246845
tt10368310,nm4455634
tt10368312,nm3246845
tt10368312,nm4455634
tt10368314,nm12176576
tt10368314,nm3246845
tt10368314,nm4455634
tt10368316,nm3246845
tt10368316,nm4455634
tt10368318,nm3246845
tt10368318,nm4455634
tt10368320,nm3246845
tt10368320,nm4455634
tt10368322,nm12176576
tt10368322,nm3246845
tt10368322,nm4455634
tt10368324,nm12176576
tt10368324,nm3246845
tt10368324,nm4455634
tt10368328,nm3246845
tt10368330,nm3246845
tt10368332,nm3246845
tt10368334,nm3246845
tt10368336,nm3246845
tt10368340,nm3246845
tt10368344,nm3246845
tt10368346,nm3246845
tt10368350,nm3246845
tt10368352,nm3246845
tt10368354,nm3246845
tt10368356,nm12176576
tt10368356,nm3246845
tt10368358,nm3246845
tt10368360,nm3246845
tt10368362,nm3246845
tt10368364,nm3246845
tt10368366,nm5013061
tt10368368,nm5013061
tt10368370,nm5013061
tt10368372,nm5013061
tt10368374,nm5013061
tt10368378,nm5013061
tt10368380,nm5013061
tt10368382,nm5013061
tt10368384,nm5013061
tt10368386,nm5013061
tt10368388,nm5013061
tt10368392,nm5013061
tt10368394,nm5013061
tt10368396,nm5013061
tt10368398,nm5013061
tt10368400,nm5013061
tt10368402,nm5013061
tt10368404,nm5013061
tt10368418,nm10709938
tt10368514,nm9623745
tt10368524,nm10495175
tt10368526,nm3695286
tt10368550,nm10710080
tt10368582,nm10710108
tt10368602,nm1310660
tt10368630,nm5008583
tt10368630,nm8488242
tt10368654,nm5295997
tt10368694,nm1242872
tt10368694,nm5295997
tt10368732,nm3513211
tt10368738,nm10051106
tt10368794,nm3687037
tt10368816,nm10700361
tt10368816,nm5667172
tt10368836,nm0838564
tt10368906,nm4941906
tt10368908,nm5192170
tt10369052,nm9324470
tt10369064,nm10278445
tt10369188,nm10710776
tt10369188,nm2024044
tt10369216,nm3805989
tt10369222,nm10693390
tt10369226,nm10693390
tt10369230,nm10693390
tt10369232,nm10693390
tt10369290,nm10710894
tt10369358,nm1936500
tt10369362,nm9731889
tt10369418,nm2861241
tt10369492,nm10711096
tt10369546,nm2410675
tt10369580,nm7006562
tt10369654,nm4760776
tt10369708,nm9788851
tt10369712,nm9433744
tt10369772,nm10693390
tt10369888,nm2417789
tt10369888,nm4574750
tt10369900,nm3805989
tt10369902,nm10551043
tt10369906,nm10700198
tt10369908,nm3901140
tt10369908,nm7863551
tt10370098,nm10486436
tt10370134,nm10711636
tt10370200,nm6432547
tt10370202,nm6983556
tt10370288,nm9340368
tt10370366,nm0957481
tt10370386,nm10540950
tt10370396,nm8093244
tt10370400,nm8093244
tt10370472,nm10711815
tt10370664,nm3701112
tt10370768,nm0264825
tt10370804,nm10140658
tt10370850,nm10684852
tt10370850,nm11614318
tt10370902,nm7417740
tt10370944,nm10711987
tt10371022,nm5759861
tt10371044,nm5306436
tt10371062,nm9394859
tt10371068,nm3724422
tt10371370,nm5013061
tt10371372,nm5013061
tt10371374,nm5013061
tt10371376,nm5013061
tt10371378,nm5013061
tt10371380,nm5013061
tt10371384,nm5013061
tt10371388,nm5013061
tt10371390,nm5013061
tt10371394,nm5013061
tt10371396,nm2646357
tt10371400,nm5013061
tt10371402,nm5013061
tt10371404,nm5013061
tt10371408,nm5013061
tt10371412,nm2646357
tt10371414,nm5013061
tt10371416,nm5013061
tt10371418,nm5013061
tt10371420,nm5013061
tt10371422,nm5013061
tt10371424,nm5013061
tt10371426,nm2646357
tt10371430,nm3246845
tt10371434,nm3246845
tt10371436,nm3246845
tt10371438,nm3246845
tt10371440,nm3246845
tt10371442,nm3246845
tt10371444,nm3246845
tt10371446,nm3246845
tt10371448,nm2646357
tt10371450,nm3246845
tt10371452,nm12176576
tt10371452,nm3246845
tt10371454,nm3246845
tt10371456,nm12176576
tt10371456,nm3246845
tt10371458,nm3246845
tt10371460,nm3246845
tt10371462,nm2646357
tt10371464,nm3246845
tt10371466,nm3246845
tt10371468,nm12176576
tt10371468,nm3246845
tt10371470,nm3246845
tt10371474,nm2646357
tt10371476,nm3246845
tt10371478,nm3246845
tt10371480,nm2646357
tt10371484,nm3246845
tt10371486,nm3246845
tt10371488,nm3246845
tt10371492,nm3246845
tt10371494,nm3246845
tt10371496,nm3246845
tt10371498,nm3246845
tt10371500,nm3246845
tt10371502,nm3246845
tt10371504,nm3246845
tt10371506,nm3246845
tt10371510,nm3246845
tt10371512,nm3246845
tt10371514,nm3246845
tt10371518,nm3246845
tt10371520,nm3246845
tt10371522,nm3246845
tt10371524,nm3246845
tt10371526,nm3246845
tt10371528,nm3246845
tt10371532,nm3246845
tt10371532,nm4455634
tt10371534,nm12176576
tt10371534,nm3246845
tt10371534,nm4455634
tt10371536,nm3246845
tt10371536,nm4455634
tt10371538,nm12176576
tt10371538,nm3246845
tt10371538,nm4455634
tt10371540,nm3246845
tt10371540,nm4455634
tt10371544,nm3246845
tt10371544,nm4455634
tt10371546,nm12176576
tt10371546,nm3246845
tt10371546,nm4455634
tt10371548,nm12176576
tt10371548,nm3246845
tt10371548,nm4455634
tt10371550,nm3246845
tt10371550,nm4455634
tt10371552,nm3246845
tt10371552,nm4455634
tt10371554,nm3246845
tt10371554,nm4455634
tt10371558,nm3246845
tt10371558,nm4455634
tt10371562,nm12176576
tt10371562,nm3246845
tt10371562,nm4455634
tt10371564,nm1966253
tt10371566,nm3246845
tt10371566,nm4455634
tt10371568,nm3246845
tt10371568,nm4455634
tt10371570,nm12176576
tt10371570,nm3246845
tt10371570,nm4455634
tt10371572,nm3246845
tt10371572,nm4455634
tt10371574,nm12176576
tt10371574,nm3246845
tt10371574,nm4455634
tt10371576,nm3246845
tt10371576,nm4455634
tt10371578,nm3246845
tt10371578,nm4455634
tt10371906,nm8213447
tt10371906,nm8787778
tt10371908,nm8213447
tt10371908,nm8787778
tt10371910,nm8213447
tt10371910,nm8787778
tt10371912,nm8213447
tt10371912,nm8787778
tt10371914,nm8213447
tt10371914,nm8787778
tt10371916,nm8213447
tt10371916,nm8787778
tt10371918,nm8213447
tt10371918,nm8787778
tt10371920,nm8213447
tt10371920,nm8787778
tt10371922,nm8213447
tt10371922,nm8787778
tt10371924,nm8213447
tt10371924,nm8787778
tt10371926,nm8213447
tt10371926,nm8787778
tt10371928,nm8213447
tt10371928,nm8787778
tt10371932,nm8213447
tt10371932,nm8787778
tt10371934,nm8213447
tt10371934,nm8787778
tt10371936,nm8213447
tt10371936,nm8787778
tt10371938,nm8213447
tt10371938,nm8787778
tt10371940,nm8213447
tt10371940,nm8787778
tt10371942,nm8213447
tt10371942,nm8787778
tt10371944,nm8213447
tt10371944,nm8787778
tt10371946,nm8213447
tt10371946,nm8787778
tt10371948,nm8213447
tt10371948,nm8787778
tt10371950,nm8213447
tt10371950,nm8787778
tt10371952,nm8213447
tt10371952,nm8787778
tt10371954,nm8213447
tt10371954,nm8787778
tt10371956,nm8213447
tt10371956,nm8787778
tt10371958,nm8213447
tt10371958,nm8787778
tt10371960,nm8213447
tt10371960,nm8787778
tt10371962,nm8213447
tt10371962,nm8787778
tt10371964,nm8213447
tt10371964,nm8787778
tt10371966,nm8213447
tt10371966,nm8787778
tt10371968,nm1084928
tt10371974,nm8213447
tt10371974,nm8787778
tt10371976,nm8213447
tt10371976,nm8787778
tt10371978,nm8213447
tt10371978,nm8787778
tt10371980,nm8213447
tt10371980,nm8787778
tt10371982,nm8213447
tt10371982,nm8787778
tt10371984,nm8213447
tt10371984,nm8787778
tt10371986,nm8213447
tt10371986,nm8787778
tt10371988,nm8213447
tt10371988,nm8787778
tt10372266,nm10712406
tt10372412,nm8093244
tt10372456,nm8093244
tt10372542,nm10712450
tt10372826,nm10710320
tt10373116,nm3256264
tt10373116,nm4197424
tt10373116,nm5212051
tt10373116,nm5276492
tt10373116,nm5698353
tt10373116,nm8238788
tt10373116,nm8803627
tt10373244,nm6833072
tt10373244,nm9750986
tt10373246,nm6833072
tt10373246,nm9750986
tt10373248,nm6833072
tt10373248,nm9750986
tt10373250,nm6833072
tt10373250,nm9750986
tt10373252,nm6833072
tt10373252,nm9750986
tt10373254,nm6833072
tt10373254,nm9750986
tt10373256,nm6833072
tt10373256,nm9750986
tt10373258,nm6833072
tt10373258,nm9750986
tt10373260,nm6833072
tt10373260,nm9750986
tt10373262,nm6833072
tt10373262,nm9750986
tt10373264,nm6833072
tt10373264,nm9750986
tt10373266,nm6833072
tt10373266,nm9750986
tt10373268,nm6833072
tt10373268,nm9750986
tt10373270,nm6833072
tt10373270,nm9750986
tt10373274,nm6833072
tt10373274,nm9750986
tt10373276,nm6833072
tt10373276,nm9750986
tt10373278,nm6833072
tt10373278,nm9750986
tt10373280,nm6833072
tt10373280,nm9750986
tt10373282,nm6833072
tt10373282,nm9750986
tt10373284,nm6833072
tt10373284,nm9750986
tt10373336,nm6833072
tt10373336,nm9750986
tt10373338,nm6833072
tt10373338,nm9750986
tt10373342,nm6833072
tt10373342,nm9750986
tt10373346,nm6833072
tt10373346,nm9750986
tt10373348,nm6833072
tt10373348,nm9750986
tt10373350,nm6833072
tt10373350,nm9750986
tt10373352,nm6833072
tt10373352,nm9750986
tt10373354,nm6833072
tt10373354,nm9750986
tt10373356,nm6833072
tt10373356,nm9750986
tt10373358,nm6833072
tt10373358,nm9750986
tt10373360,nm6833072
tt10373360,nm9750986
tt10373362,nm6833072
tt10373362,nm9750986
tt10373364,nm6833072
tt10373364,nm9750986
tt10373366,nm6833072
tt10373366,nm9750986
tt10373368,nm6833072
tt10373368,nm9750986
tt10373370,nm6833072
tt10373370,nm9750986
tt10373372,nm6833072
tt10373372,nm9750986
tt10373374,nm6833072
tt10373374,nm9750986
tt10373376,nm6833072
tt10373376,nm9750986
tt10373378,nm6833072
tt10373378,nm9750986
tt10373384,nm6833072
tt10373384,nm9750986
tt10373386,nm6833072
tt10373386,nm9750986
tt10373388,nm6833072
tt10373388,nm9750986
tt10373390,nm6833072
tt10373390,nm9750986
tt10373392,nm6833072
tt10373392,nm9750986
tt10373394,nm6833072
tt10373394,nm9750986
tt10373396,nm6833072
tt10373396,nm9750986
tt10373398,nm6833072
tt10373398,nm9750986
tt10373400,nm6833072
tt10373400,nm9750986
tt10373402,nm6833072
tt10373402,nm9750986
tt10373404,nm6833072
tt10373404,nm9750986
tt10373406,nm6833072
tt10373406,nm9750986
tt10373408,nm6833072
tt10373408,nm9750986
tt10373410,nm6833072
tt10373410,nm9750986
tt10373412,nm6833072
tt10373412,nm9750986
tt10373414,nm6833072
tt10373414,nm9750986
tt10373416,nm6833072
tt10373416,nm9750986
tt10373418,nm6833072
tt10373418,nm9750986
tt10373420,nm6833072
tt10373420,nm9750986
tt10373422,nm6833072
tt10373422,nm9750986
tt10373426,nm6833072
tt10373426,nm9750986
tt10373428,nm6833072
tt10373428,nm9750986
tt10373430,nm6833072
tt10373430,nm9750986
tt10373432,nm6833072
tt10373432,nm9750986
tt10373434,nm6833072
tt10373434,nm9750986
tt10373438,nm6833072
tt10373438,nm9750986
tt10373440,nm6833072
tt10373440,nm9750986
tt10373442,nm6833072
tt10373442,nm9750986
tt10373444,nm6833072
tt10373444,nm9750986
tt10373446,nm6833072
tt10373446,nm9750986
tt10373450,nm6833072
tt10373450,nm9750986
tt10373454,nm6833072
tt10373454,nm9750986
tt10373456,nm6833072
tt10373456,nm9750986
tt10373460,nm6833072
tt10373460,nm9750986
tt10373462,nm6833072
tt10373462,nm9750986
tt10373466,nm6833072
tt10373466,nm9750986
tt10373468,nm6833072
tt10373468,nm9750986
tt10373472,nm6833072
tt10373472,nm9750986
tt10373474,nm6833072
tt10373474,nm9750986
tt10373476,nm6833072
tt10373476,nm9750986
tt10373478,nm6833072
tt10373478,nm9750986
tt10373480,nm6833072
tt10373480,nm9750986
tt10373482,nm6833072
tt10373482,nm9750986
tt10373488,nm6833072
tt10373488,nm9750986
tt10373490,nm6833072
tt10373490,nm9750986
tt10373494,nm6833072
tt10373494,nm9750986
tt10373498,nm6833072
tt10373498,nm9750986
tt10373500,nm6833072
tt10373500,nm9750986
tt10373506,nm6833072
tt10373506,nm9750986
tt10373508,nm6833072
tt10373508,nm9750986
tt10373510,nm6833072
tt10373510,nm9750986
tt10373514,nm6833072
tt10373514,nm9750986
tt10373518,nm6833072
tt10373518,nm9750986
tt10373520,nm6833072
tt10373520,nm9750986
tt10373522,nm6833072
tt10373522,nm9750986
tt10373524,nm6833072
tt10373524,nm9750986
tt10373526,nm6833072
tt10373526,nm9750986
tt10373530,nm6833072
tt10373530,nm9750986
tt10373558,nm6833072
tt10373558,nm9750986
tt10373560,nm6833072
tt10373560,nm9750986
tt10373564,nm6833072
tt10373564,nm9750986
tt10373566,nm6833072
tt10373566,nm9750986
tt10373568,nm6833072
tt10373568,nm9750986
tt10373570,nm2371767
tt10373572,nm6833072
tt10373572,nm9750986
tt10373574,nm6833072
tt10373574,nm9750986
tt10373576,nm6833072
tt10373576,nm9750986
tt10373578,nm6833072
tt10373578,nm9750986
tt10373582,nm6833072
tt10373582,nm9750986
tt10373584,nm6833072
tt10373584,nm9750986
tt10373586,nm6833072
tt10373586,nm9750986
tt10373590,nm6833072
tt10373590,nm9750986
tt10373592,nm6833072
tt10373592,nm9750986
tt10373598,nm1367871
tt10373598,nm1425354
tt10373598,nm7467255
tt10373600,nm6833072
tt10373600,nm9750986
tt10373602,nm6833072
tt10373602,nm9750986
tt10373606,nm6833072
tt10373606,nm9750986
tt10373610,nm6833072
tt10373610,nm9750986
tt10373612,nm6833072
tt10373612,nm9750986
tt10373614,nm6833072
tt10373614,nm9750986
tt10373616,nm6833072
tt10373616,nm9750986
tt10373618,nm6833072
tt10373618,nm9750986
tt10373620,nm6833072
tt10373620,nm9750986
tt10373622,nm6833072
tt10373622,nm9750986
tt10373624,nm6833072
tt10373624,nm9750986
tt10373626,nm6833072
tt10373626,nm9750986
tt10373628,nm6833072
tt10373628,nm9750986
tt10373630,nm6833072
tt10373630,nm9750986
tt10373632,nm6833072
tt10373632,nm9750986
tt10373634,nm6833072
tt10373634,nm9750986
tt10373636,nm6833072
tt10373636,nm9750986
tt10373638,nm6833072
tt10373638,nm9750986
tt10373640,nm6833072
tt10373640,nm9750986
tt10373642,nm6833072
tt10373642,nm9750986
tt10373644,nm6833072
tt10373644,nm9750986
tt10373646,nm6833072
tt10373646,nm9750986
tt10373648,nm6833072
tt10373648,nm9750986
tt10373676,nm0623107
tt10373678,nm8499930
tt10373680,nm9759711
tt10373710,nm1189872
tt10373710,nm2015469
tt10373732,nm6317595
tt10373752,nm8499930
tt10373778,nm7191336
tt10373982,nm10693390
tt10373994,nm10693390
tt10373998,nm10693390
tt10374000,nm10693390
tt10374002,nm10693390
tt10374006,nm10693390
tt10374012,nm10693390
tt10374014,nm10693390
tt10374142,nm3619134
tt10374160,nm1064071
tt10374162,nm1264173
tt10374176,nm1264173
tt10374294,nm9158799
tt10374364,nm4996321
tt10374438,nm1523882
tt10374448,nm8606505
tt10374470,nm4125248
tt10374488,nm7953528
tt10374496,nm4058823
tt10374544,nm1208737
tt10374544,nm6539685
tt10374550,nm7953528
tt10374568,nm4125545
tt10374630,nm1760741
tt10374630,nm9552273
tt10374638,nm6076218
tt10374822,nm10713554
tt10374834,nm7624556
tt10374844,nm8579397
tt10374854,nm1158179
tt10374856,nm8579397
tt10374940,nm2371767
tt10374954,nm2371767
tt10374970,nm0538192
tt10375026,nm10713959
tt10375026,nm10714070
tt10375026,nm3537716
tt10375026,nm5786311
tt10375026,nm8081747
tt10375026,nm9398801
tt10375060,nm9151814
tt10375076,nm2712863
tt10375092,nm10713767
tt10375092,nm2810510
tt10375096,nm3537716
tt10375108,nm3403508
tt10375152,nm10656024
tt10375198,nm9667512
tt10375206,nm9667512
tt10375228,nm2139773
tt10375248,nm9398801
tt10375260,nm3359179
tt10375278,nm9973576
tt10375290,nm10713959
tt10375290,nm5786311
tt10375318,nm4657579
tt10375332,nm2193141
tt10375332,nm7202172
tt10375334,nm8081747
tt10375346,nm10604490
tt10375346,nm12475842
tt10375352,nm12776388
tt10375352,nm4109993
tt10375374,nm9296824
tt10375400,nm10714070
tt10375500,nm5008583
tt10375590,nm5008583
tt10375590,nm8488242
tt10375618,nm5008583
tt10375618,nm8488242
tt10375638,nm9275617
tt10375642,nm0726386
tt10375648,nm5012870
tt10375660,nm4605297
tt10375668,nm5008583
tt10375668,nm8488242
tt10375726,nm10611644
tt10375770,nm11598249
tt10375770,nm12475842
tt10375770,nm13664937
tt10375770,nm1516991
tt10375770,nm6625765
tt10375772,nm5012870
tt10375776,nm9054912
tt10375778,nm10714293
tt10375782,nm5570303
tt10375788,nm7226111
tt10375814,nm3185041
tt10375818,nm1264173
tt10375820,nm1264173
tt10375822,nm1264173
tt10375828,nm1264173
tt10375834,nm1264173
tt10375836,nm9017824
tt10375840,nm1264173
tt10375842,nm6911908
tt10375844,nm1264173
tt10375850,nm1264173
tt10375856,nm1264173
tt10375858,nm10714330
tt10375860,nm1264173
tt10375864,nm1264173
tt10375870,nm1264173
tt10375878,nm1264173
tt10375880,nm1264173
tt10375884,nm1264173
tt10375890,nm1264173
tt10375892,nm4600863
tt10375892,nm4605297
tt10375896,nm1264173
tt10375898,nm1264173
tt10375900,nm1264173
tt10375906,nm1264173
tt10375912,nm1264173
tt10375924,nm3619134
tt10375952,nm1345515
tt10375958,nm4600863
tt10375958,nm4605297
tt10375980,nm4600863
tt10375980,nm4605297
tt10376008,nm8093244
tt10376042,nm1583736
tt10376042,nm1885587
tt10376114,nm6833072
tt10376114,nm9750986
tt10376116,nm6833072
tt10376116,nm9750986
tt10376118,nm6833072
tt10376118,nm9750986
tt10376120,nm6833072
tt10376120,nm9750986
tt10376122,nm6833072
tt10376122,nm9750986
tt10376124,nm6833072
tt10376124,nm9750986
tt10376130,nm6833072
tt10376130,nm9750986
tt10376132,nm6833072
tt10376132,nm9750986
tt10376134,nm6833072
tt10376134,nm9750986
tt10376136,nm6833072
tt10376136,nm9750986
tt10376138,nm6833072
tt10376138,nm9750986
tt10376140,nm6833072
tt10376140,nm9750986
tt10376144,nm6833072
tt10376144,nm9750986
tt10376146,nm6833072
tt10376146,nm9750986
tt10376150,nm6833072
tt10376150,nm9750986
tt10376152,nm6833072
tt10376152,nm9750986
tt10376154,nm6833072
tt10376154,nm9750986
tt10376156,nm6833072
tt10376156,nm9750986
tt10376158,nm6833072
tt10376158,nm9750986
tt10376160,nm6833072
tt10376160,nm9750986
tt10376176,nm6833072
tt10376176,nm9750986
tt10376178,nm6833072
tt10376178,nm9750986
tt10376180,nm6833072
tt10376180,nm9750986
tt10376182,nm6833072
tt10376182,nm9750986
tt10376184,nm6833072
tt10376184,nm9750986
tt10376186,nm6833072
tt10376186,nm9750986
tt10376188,nm6833072
tt10376188,nm9750986
tt10376190,nm6833072
tt10376190,nm9750986
tt10376192,nm6833072
tt10376192,nm9750986
tt10376196,nm6833072
tt10376196,nm9750986
tt10376198,nm6833072
tt10376198,nm9750986
tt10376200,nm6833072
tt10376200,nm9750986
tt10376202,nm6833072
tt10376202,nm9750986
tt10376204,nm6833072
tt10376204,nm9750986
tt10376206,nm6833072
tt10376206,nm9750986
tt10376208,nm6833072
tt10376208,nm9750986
tt10376210,nm6833072
tt10376210,nm9750986
tt10376212,nm6833072
tt10376212,nm9750986
tt10376214,nm6833072
tt10376214,nm9750986
tt10376216,nm6833072
tt10376216,nm9750986
tt10376218,nm6833072
tt10376218,nm9750986
tt10376222,nm6833072
tt10376222,nm9750986
tt10376224,nm6833072
tt10376224,nm9750986
tt10376228,nm6833072
tt10376228,nm9750986
tt10376230,nm6833072
tt10376230,nm9750986
tt10376232,nm6833072
tt10376232,nm9750986
tt10376236,nm6833072
tt10376236,nm9750986
tt10376240,nm6833072
tt10376240,nm9750986
tt10376242,nm6833072
tt10376242,nm9750986
tt10376244,nm6833072
tt10376244,nm9750986
tt10376246,nm6833072
tt10376246,nm9750986
tt10376248,nm6833072
tt10376248,nm9750986
tt10376252,nm6833072
tt10376252,nm9750986
tt10376254,nm6833072
tt10376254,nm9750986
tt10376260,nm6833072
tt10376260,nm9750986
tt10376262,nm6833072
tt10376262,nm9750986
tt10376264,nm6833072
tt10376264,nm9750986
tt10376268,nm6833072
tt10376268,nm9750986
tt10376270,nm6833072
tt10376270,nm9750986
tt10376272,nm6833072
tt10376272,nm9750986
tt10376276,nm6833072
tt10376276,nm9750986
tt10376292,nm6833072
tt10376292,nm9750986
tt10376294,nm6833072
tt10376294,nm9750986
tt10376298,nm6833072
tt10376298,nm9750986
tt10376300,nm6833072
tt10376300,nm9750986
tt10376302,nm6833072
tt10376302,nm9750986
tt10376306,nm6833072
tt10376306,nm9750986
tt10376308,nm6833072
tt10376308,nm9750986
tt10376310,nm6833072
tt10376310,nm9750986
tt10376316,nm6833072
tt10376316,nm9750986
tt10376320,nm6833072
tt10376320,nm9750986
tt10376322,nm6833072
tt10376322,nm9750986
tt10376324,nm6833072
tt10376324,nm9750986
tt10376326,nm6833072
tt10376326,nm9750986
tt10376328,nm6833072
tt10376328,nm9750986
tt10376330,nm6833072
tt10376330,nm9750986
tt10376334,nm6833072
tt10376334,nm9750986
tt10376336,nm6833072
tt10376336,nm9750986
tt10376338,nm6833072
tt10376338,nm9750986
tt10376340,nm6833072
tt10376340,nm9750986
tt10376346,nm6833072
tt10376346,nm9750986
tt10376350,nm6833072
tt10376350,nm9750986
tt10376352,nm6833072
tt10376352,nm9750986
tt10376354,nm6833072
tt10376354,nm9750986
tt10376356,nm6833072
tt10376356,nm9750986
tt10376358,nm6833072
tt10376358,nm9750986
tt10376360,nm6833072
tt10376360,nm9750986
tt10376362,nm6833072
tt10376362,nm9750986
tt10376364,nm6833072
tt10376364,nm9750986
tt10376366,nm6833072
tt10376366,nm9750986
tt10376368,nm6833072
tt10376368,nm9750986
tt10376370,nm6833072
tt10376370,nm9750986
tt10376372,nm6833072
tt10376372,nm9750986
tt10376374,nm6833072
tt10376374,nm9750986
tt10376378,nm6833072
tt10376378,nm9750986
tt10376380,nm6833072
tt10376380,nm9750986
tt10376382,nm6833072
tt10376382,nm9750986
tt10376388,nm6833072
tt10376388,nm9750986
tt10376390,nm6833072
tt10376390,nm9750986
tt10376392,nm6833072
tt10376392,nm9750986
tt10376396,nm6833072
tt10376396,nm9750986
tt10376398,nm6833072
tt10376398,nm9750986
tt10376400,nm6833072
tt10376400,nm9750986
tt10376402,nm6833072
tt10376402,nm9750986
tt10376404,nm6833072
tt10376404,nm9750986
tt10376406,nm6833072
tt10376406,nm9750986
tt10376410,nm6833072
tt10376410,nm9750986
tt10376412,nm6833072
tt10376412,nm9750986
tt10376414,nm6833072
tt10376414,nm9750986
tt10376416,nm6833072
tt10376416,nm9750986
tt10376418,nm6833072
tt10376418,nm9750986
tt10376420,nm6833072
tt10376420,nm9750986
tt10376422,nm6833072
tt10376422,nm9750986
tt10376424,nm6833072
tt10376424,nm9750986
tt10376426,nm6833072
tt10376426,nm9750986
tt10376428,nm6833072
tt10376428,nm9750986
tt10376432,nm6833072
tt10376432,nm9750986
tt10376434,nm6833072
tt10376434,nm9750986
tt10376436,nm6833072
tt10376436,nm9750986
tt1037644,nm10010723
tt1037644,nm10572562
tt1037644,nm11931733
tt1037644,nm12375808
tt1037644,nm13972794
tt1037644,nm14319066
tt1037644,nm5055685
tt1037644,nm5443848
tt1037644,nm6065311
tt1037644,nm8510073
tt10376446,nm6833072
tt10376446,nm9750986
tt10376448,nm6833072
tt10376448,nm9750986
tt1037645,nm10188554
tt1037645,nm10328741
tt1037645,nm10752469
tt1037645,nm10905529
tt1037645,nm1130125
tt1037645,nm2658631
tt1037645,nm7588057
tt10376450,nm6833072
tt10376450,nm9750986
tt10376452,nm6833072
tt10376452,nm9750986
tt10376454,nm6833072
tt10376454,nm9750986
tt10376456,nm6833072
tt10376456,nm9750986
tt10376458,nm6833072
tt10376458,nm9750986
tt10376460,nm6833072
tt10376460,nm9750986
tt10376466,nm6833072
tt10376466,nm9750986
tt10376468,nm6833072
tt10376468,nm9750986
tt10376470,nm6833072
tt10376470,nm9750986
tt10376472,nm6833072
tt10376472,nm9750986
tt10376474,nm6833072
tt10376474,nm9750986
tt10376476,nm6833072
tt10376476,nm9750986
tt10376478,nm6729163
tt10376492,nm6833072
tt10376492,nm9750986
tt10376498,nm6833072
tt10376498,nm9750986
tt10376500,nm6833072
tt10376500,nm9750986
tt10376502,nm6833072
tt10376502,nm9750986
tt10376504,nm6833072
tt10376504,nm9750986
tt10376506,nm6833072
tt10376506,nm9750986
tt10376704,nm2371767
tt10377262,nm9667512
tt10377320,nm8213447
tt10377320,nm8787778
tt10377322,nm8213447
tt10377322,nm8787778
tt10377324,nm8213447
tt10377324,nm8787778
tt10377326,nm8213447
tt10377326,nm8787778
tt10377328,nm8213447
tt10377328,nm8787778
tt10377330,nm8213447
tt10377330,nm8787778
tt10377334,nm8213447
tt10377334,nm8787778
tt10377336,nm8213447
tt10377336,nm8787778
tt10377338,nm8213447
tt10377338,nm8787778
tt10377340,nm8213447
tt10377340,nm8787778
tt10377342,nm8213447
tt10377342,nm8787778
tt10377344,nm8213447
tt10377344,nm8787778
tt10377346,nm8213447
tt10377346,nm8787778
tt10377350,nm8213447
tt10377350,nm8787778
tt10377352,nm8213447
tt10377352,nm8787778
tt10377354,nm8213447
tt10377354,nm8787778
tt10377356,nm8213447
tt10377356,nm8787778
tt10377358,nm8213447
tt10377358,nm8787778
tt10377360,nm8213447
tt10377360,nm8787778
tt10377362,nm8213447
tt10377362,nm8787778
tt10377690,nm3246845
tt10377690,nm4455634
tt10377692,nm3246845
tt10377692,nm4455634
tt10377694,nm12176576
tt10377694,nm3246845
tt10377694,nm4455634
tt10377696,nm3246845
tt10377696,nm4455634
tt10377698,nm12176576
tt10377698,nm3246845
tt10377698,nm4455634
tt10377700,nm12176576
tt10377700,nm3246845
tt10377700,nm4455634
tt10377702,nm3246845
tt10377702,nm4455634
tt10377704,nm3246845
tt10377704,nm4455634
tt10377708,nm3246845
tt10377708,nm4455634
tt10377710,nm3246845
tt10377710,nm4455634
tt10377712,nm3246845
tt10377712,nm4455634
tt10377714,nm3246845
tt10377714,nm4455634
tt10377716,nm3246845
tt10377716,nm4455634
tt10377718,nm12176576
tt10377718,nm3246845
tt10377718,nm4455634
tt10377720,nm12176576
tt10377720,nm3246845
tt10377720,nm4455634
tt10377722,nm12176576
tt10377722,nm3246845
tt10377722,nm4455634
tt10377724,nm3246845
tt10377724,nm4455634
tt10377726,nm12176576
tt10377726,nm3246845
tt10377726,nm4455634
tt10377728,nm3246845
tt10377728,nm4455634
tt10377732,nm3246845
tt10377734,nm3246845
tt10377736,nm3246845
tt10377738,nm3246845
tt10377740,nm3246845
tt10377742,nm3246845
tt10377744,nm3246845
tt10377746,nm3246845
tt10377748,nm3246845
tt10377750,nm3246845
tt10377752,nm3246845
tt10377754,nm3246845
tt10377756,nm3246845
tt10377758,nm3246845
tt10377760,nm3246845
tt10377762,nm3246845
tt10377764,nm3246845
tt10377766,nm3246845
tt10377768,nm3246845
tt10377770,nm3246845
tt10377772,nm12176576
tt10377772,nm3246845
tt10377774,nm3246845
tt10377776,nm12176576
tt10377776,nm3246845
tt10377778,nm3246845
tt10377780,nm3246845
tt10377782,nm3246845
tt10377784,nm3246845
tt10377786,nm3246845
tt10377788,nm12176576
tt10377788,nm3246845
tt10377790,nm3246845
tt10377792,nm3246845
tt10377794,nm3246845
tt10377796,nm12176576
tt10377796,nm3246845
tt10377798,nm12176576
tt10377798,nm3246845
tt10377800,nm3246845
tt10377802,nm12176576
tt10377802,nm3246845
tt10377804,nm3246845
tt10377806,nm12176576
tt10377806,nm3246845
tt10377808,nm12176576
tt10377808,nm3246845
tt10377810,nm3246845
tt10377812,nm3246845
tt10377818,nm5013061
tt10377820,nm5013061
tt10377822,nm5013061
tt10377824,nm5013061
tt10377826,nm5013061
tt10377828,nm5013061
tt10377832,nm5013061
tt10377834,nm5013061
tt10377836,nm5013061
tt10377838,nm5013061
tt10377840,nm5013061
tt10377842,nm5013061
tt10377844,nm5013061
tt10377846,nm5013061
tt10377848,nm5013061
tt10377850,nm5013061
tt10377854,nm5013061
tt10377856,nm5013061
tt10377858,nm5013061
tt10377860,nm5013061
tt10377946,nm0134536
tt10378068,nm4125545
tt10378068,nm6484454
tt10378156,nm3513211
tt10378184,nm4214371
tt10378184,nm7870411
tt10378186,nm7870411
tt10378188,nm4214371
tt10378188,nm7870411
tt10378190,nm4214371
tt10378190,nm7870411
tt10378192,nm4214371
tt10378192,nm7870411
tt10378194,nm4214371
tt10378194,nm7870411
tt10378196,nm4214371
tt10378196,nm7870411
tt10378200,nm7870411
tt10378202,nm7870411
tt10378204,nm7870411
tt10378206,nm7870411
tt10378210,nm7870411
tt10378212,nm7870411
tt10378214,nm7870411
tt10378216,nm7870411
tt10378218,nm7870411
tt10378220,nm7870411
tt10378222,nm7870411
tt10378224,nm7870411
tt10378228,nm7870411
tt10378256,nm8980478
tt10378258,nm2788669
tt10378258,nm3131807
tt10378258,nm6855655
tt10378266,nm2788669
tt10378266,nm3131807
tt10378266,nm6855655
tt10378268,nm2788669
tt10378268,nm3131807
tt10378268,nm6855655
tt10378270,nm2788669
tt10378270,nm3131807
tt10378270,nm6855655
tt10378272,nm2788669
tt10378272,nm3131807
tt10378272,nm6855655
tt10378276,nm2788669
tt10378276,nm3131807
tt10378276,nm6855655
tt10378278,nm2788669
tt10378278,nm3131807
tt10378278,nm6855655
tt10378280,nm2788669
tt10378280,nm3131807
tt10378280,nm6855655
tt10378282,nm2788669
tt10378282,nm3131807
tt10378282,nm6855655
tt10378286,nm2788669
tt10378286,nm3131807
tt10378286,nm6855655
tt10378288,nm2788669
tt10378288,nm3131807
tt10378288,nm6855655
tt10378290,nm2788669
tt10378290,nm3131807
tt10378290,nm6855655
tt10378296,nm2788669
tt10378296,nm3131807
tt10378296,nm6855655
tt10378298,nm2788669
tt10378298,nm3131807
tt10378298,nm6855655
tt10378304,nm2788669
tt10378304,nm3131807
tt10378304,nm6855655
tt10378306,nm2788669
tt10378306,nm3131807
tt10378306,nm6855655
tt10378308,nm2788669
tt10378308,nm3131807
tt10378308,nm6855655
tt10378310,nm2788669
tt10378310,nm3131807
tt10378310,nm6855655
tt10378312,nm2788669
tt10378312,nm3131807
tt10378312,nm6855655
tt10378314,nm2788669
tt10378314,nm3131807
tt10378314,nm6855655
tt10378318,nm2788669
tt10378318,nm3131807
tt10378318,nm6855655
tt10378320,nm2788669
tt10378320,nm3131807
tt10378320,nm6855655
tt10378322,nm2788669
tt10378322,nm3131807
tt10378322,nm6855655
tt10378324,nm2788669
tt10378324,nm3131807
tt10378324,nm6855655
tt10378326,nm2788669
tt10378326,nm3131807
tt10378326,nm6855655
tt10378332,nm2788669
tt10378332,nm3131807
tt10378332,nm6855655
tt10378334,nm2788669
tt10378334,nm3131807
tt10378334,nm6855655
tt10378336,nm2788669
tt10378336,nm3131807
tt10378336,nm6855655
tt10378338,nm2788669
tt10378338,nm3131807
tt10378338,nm6855655
tt10378340,nm2788669
tt10378340,nm3131807
tt10378340,nm6855655
tt10378342,nm2788669
tt10378342,nm3131807
tt10378342,nm6855655
tt10378348,nm2788669
tt10378348,nm3131807
tt10378348,nm6855655
tt10378350,nm2788669
tt10378350,nm3131807
tt10378350,nm6855655
tt10378354,nm2788669
tt10378354,nm3131807
tt10378354,nm6855655
tt10378356,nm2788669
tt10378356,nm3131807
tt10378356,nm6855655
tt10378358,nm2788669
tt10378358,nm3131807
tt10378358,nm6855655
tt10378360,nm2788669
tt10378360,nm3131807
tt10378360,nm6855655
tt10378362,nm2788669
tt10378362,nm3131807
tt10378362,nm6855655
tt10378364,nm2788669
tt10378364,nm3131807
tt10378364,nm6855655
tt10378366,nm2788669
tt10378366,nm3131807
tt10378366,nm6855655
tt10378368,nm2788669
tt10378368,nm3131807
tt10378368,nm6855655
tt10378370,nm2788669
tt10378370,nm3131807
tt10378370,nm6855655
tt10378374,nm2788669
tt10378374,nm3131807
tt10378374,nm6855655
tt10378376,nm2788669
tt10378376,nm3131807
tt10378376,nm6855655
tt10378378,nm2788669
tt10378378,nm3131807
tt10378378,nm6855655
tt10378380,nm2788669
tt10378380,nm3131807
tt10378380,nm6855655
tt10378382,nm2788669
tt10378382,nm3131807
tt10378382,nm6855655
tt10378384,nm2788669
tt10378384,nm3131807
tt10378384,nm6855655
tt10378386,nm2788669
tt10378386,nm3131807
tt10378386,nm6855655
tt10378388,nm2788669
tt10378388,nm3131807
tt10378388,nm6855655
tt10378390,nm2788669
tt10378390,nm3131807
tt10378390,nm6855655
tt10378392,nm2788669
tt10378392,nm3131807
tt10378392,nm6855655
tt10378394,nm2788669
tt10378394,nm3131807
tt10378394,nm6855655
tt10378412,nm9389970
tt10378438,nm1656365
tt10378532,nm2094313
tt10378538,nm2029799
tt10378616,nm8213392
tt10378626,nm6279713
tt10378640,nm0751294
tt10378644,nm2633415
tt10378660,nm10768814
tt10378708,nm2029799
tt10378742,nm3805989
tt10378742,nm9268416
tt10378800,nm0175077
tt10378800,nm6936010
tt10378834,nm1936500
tt10378848,nm1936500
tt10378882,nm9708655
tt10378884,nm8999792
tt10378916,nm7783734
tt10378920,nm6105307
tt10378946,nm9250694
tt10378988,nm10715424
tt10379070,nm6858847
tt10379072,nm2788669
tt10379072,nm3131807
tt10379072,nm6855655
tt10379074,nm2788669
tt10379074,nm3131807
tt10379074,nm6855655
tt10379076,nm2788669
tt10379076,nm3131807
tt10379076,nm6855655
tt10379078,nm2788669
tt10379078,nm3131807
tt10379078,nm6855655
tt10379080,nm2788669
tt10379080,nm3131807
tt10379080,nm6855655
tt10379084,nm2788669
tt10379084,nm3131807
tt10379084,nm6855655
tt10379086,nm2788669
tt10379086,nm3131807
tt10379086,nm6855655
tt10379088,nm2788669
tt10379088,nm3131807
tt10379088,nm6855655
tt10379090,nm2788669
tt10379090,nm3131807
tt10379090,nm6855655
tt10379092,nm2788669
tt10379092,nm3131807
tt10379092,nm6855655
tt10379094,nm2788669
tt10379094,nm3131807
tt10379094,nm6855655
tt10379096,nm2788669
tt10379096,nm3131807
tt10379096,nm6855655
tt10379098,nm2788669
tt10379098,nm3131807
tt10379098,nm6855655
tt10379100,nm2788669
tt10379100,nm3131807
tt10379100,nm6855655
tt10379102,nm2788669
tt10379102,nm3131807
tt10379102,nm6855655
tt10379104,nm2788669
tt10379104,nm3131807
tt10379104,nm6855655
tt10379106,nm2788669
tt10379106,nm3131807
tt10379106,nm6855655
tt10379108,nm2788669
tt10379108,nm3131807
tt10379108,nm6855655
tt10379110,nm2788669
tt10379110,nm3131807
tt10379110,nm6855655
tt10379114,nm2788669
tt10379114,nm3131807
tt10379114,nm6855655
tt10379122,nm10612476
tt10379154,nm6105307
tt10379216,nm10715654
tt10379248,nm8986218
tt10379368,nm2788669
tt10379368,nm3131807
tt10379368,nm6855655
tt10379370,nm2788669
tt10379370,nm3131807
tt10379370,nm6855655
tt10379372,nm2788669
tt10379372,nm3131807
tt10379372,nm6855655
tt10379374,nm2788669
tt10379374,nm3131807
tt10379374,nm6855655
tt10379376,nm2788669
tt10379376,nm3131807
tt10379376,nm6855655
tt10379378,nm2788669
tt10379378,nm3131807
tt10379378,nm6855655
tt10379380,nm2788669
tt10379380,nm3131807
tt10379380,nm6855655
tt10379382,nm2788669
tt10379382,nm3131807
tt10379382,nm6855655
tt10379384,nm2788669
tt10379384,nm3131807
tt10379384,nm6855655
tt10379386,nm2788669
tt10379386,nm3131807
tt10379386,nm6855655
tt10379388,nm2788669
tt10379388,nm3131807
tt10379388,nm6855655
tt10379390,nm2788669
tt10379390,nm3131807
tt10379390,nm6855655
tt10379392,nm2788669
tt10379392,nm3131807
tt10379392,nm6855655
tt10379398,nm2788669
tt10379398,nm3131807
tt10379398,nm6855655
tt10379400,nm2788669
tt10379400,nm3131807
tt10379400,nm6855655
tt10379402,nm2788669
tt10379402,nm3131807
tt10379402,nm6855655
tt10379404,nm2788669
tt10379404,nm3131807
tt10379404,nm6855655
tt10379406,nm2788669
tt10379406,nm3131807
tt10379406,nm6855655
tt10379408,nm2788669
tt10379408,nm3131807
tt10379408,nm6855655
tt10379410,nm2788669
tt10379410,nm3131807
tt10379410,nm6855655
tt10379412,nm2788669
tt10379412,nm3131807
tt10379412,nm6855655
tt10379414,nm2788669
tt10379414,nm3131807
tt10379414,nm6855655
tt10379416,nm2788669
tt10379416,nm3131807
tt10379416,nm6855655
tt10379418,nm2788669
tt10379418,nm3131807
tt10379418,nm6855655
tt10379420,nm2788669
tt10379420,nm3131807
tt10379420,nm6855655
tt10379422,nm2788669
tt10379422,nm3131807
tt10379422,nm6855655
tt10379424,nm2788669
tt10379424,nm3131807
tt10379424,nm6855655
tt10379430,nm2788669
tt10379430,nm3131807
tt10379430,nm6855655
tt10379432,nm2788669
tt10379432,nm3131807
tt10379432,nm6855655
tt10379444,nm4256407
tt10379446,nm7870411
tt10379450,nm7870411
tt10379452,nm7870411
tt10379454,nm7870411
tt10379456,nm7870411
tt10379460,nm7870411
tt10379462,nm7870411
tt10379464,nm7870411
tt10379468,nm7870411
tt10379470,nm7870411
tt10379472,nm7870411
tt10379474,nm7870411
tt10379476,nm7870411
tt10379478,nm7870411
tt10379480,nm7870411
tt10379482,nm7870411
tt10379484,nm7870411
tt10379486,nm7870411
tt10379488,nm7870411
tt10379490,nm7870411
tt10379574,nm1186857
tt10379602,nm9306666
tt10379630,nm5013061
tt10379632,nm5013061
tt10379634,nm5013061
tt10379636,nm5013061
tt10379638,nm5013061
tt10379640,nm5013061
tt10379642,nm5013061
tt10379644,nm5013061
tt10379646,nm5013061
tt10379648,nm5013061
tt10379650,nm5013061
tt10379652,nm5013061
tt10379654,nm5013061
tt10379656,nm5013061
tt10379658,nm5013061
tt10379660,nm5013061
tt10379662,nm5013061
tt10379664,nm5013061
tt10379666,nm5013061
tt10379668,nm5013061
tt10379680,nm3246845
tt10379682,nm3246845
tt10379684,nm12176576
tt10379684,nm3246845
tt10379686,nm3246845
tt10379688,nm3246845
tt10379690,nm3246845
tt10379692,nm3246845
tt10379694,nm3246845
tt10379696,nm10715759
tt10379698,nm3246845
tt10379702,nm3246845
tt10379704,nm3246845
tt10379706,nm3246845
tt10379710,nm3246845
tt10379712,nm3246845
tt10379714,nm3246845
tt10379716,nm3246845
tt10379718,nm3246845
tt10379720,nm3246845
tt10379722,nm3246845
tt10379812,nm12176576
tt10379812,nm3246845
tt10379812,nm4455634
tt10379814,nm3246845
tt10379814,nm4455634
tt10379816,nm3246845
tt10379816,nm4455634
tt10379818,nm3246845
tt10379818,nm4455634
tt10379820,nm12176576
tt10379820,nm3246845
tt10379820,nm4455634
tt10379822,nm3246845
tt10379822,nm4455634
tt10379824,nm12176576
tt10379824,nm3246845
tt10379824,nm4455634
tt10379826,nm3246845
tt10379826,nm4455634
tt10379828,nm3246845
tt10379828,nm4455634
tt10379830,nm3246845
tt10379830,nm4455634
tt10379832,nm3246845
tt10379832,nm4455634
tt10379834,nm12176576
tt10379834,nm3246845
tt10379834,nm4455634
tt10379836,nm12176576
tt10379836,nm3246845
tt10379836,nm4455634
tt10379838,nm12176576
tt10379838,nm3246845
tt10379838,nm4455634
tt10379840,nm3246845
tt10379840,nm4455634
tt10379842,nm3246845
tt10379842,nm4455634
tt10379844,nm3246845
tt10379844,nm4455634
tt10379846,nm3246845
tt10379846,nm4455634
tt10379848,nm3246845
tt10379848,nm4455634
tt10379850,nm12176576
tt10379850,nm3246845
tt10379850,nm4455634
tt10379854,nm10693941
tt10379868,nm1158179
tt10379896,nm5455751
tt10379914,nm7518657
tt10379914,nm8139688
tt10379940,nm3805989
tt10379948,nm8661663
tt10379954,nm3805989
tt10380010,nm3752435
tt10380072,nm5382989
tt10380080,nm7524931
tt10380192,nm6484031
tt10380248,nm9151814
tt10380256,nm8821257
tt10380258,nm9151814
tt10380270,nm9151814
tt10380280,nm9151814
tt10380292,nm8903255
tt10380308,nm6113114
tt10380320,nm10716165
tt10380330,nm9040470
tt10380336,nm6916257
tt10380340,nm10716176
tt10380354,nm10715654
tt10380358,nm5967443
tt10380390,nm1756732
tt10380390,nm3097622
tt10380390,nm5012547
tt10380390,nm5975296
tt10380400,nm3872023
tt10380416,nm9906696
tt10380420,nm5447285
tt10380512,nm5447285
tt10380514,nm9326766
tt10380532,nm0653165
tt10380532,nm10312616
tt10380544,nm5447285
tt10380594,nm0270606
tt10380632,nm2098781
tt10380686,nm10716412
tt10380718,nm10716428
tt10380718,nm10716429
tt10380718,nm11321223
tt10380812,nm10716517
tt10380840,nm10716529
tt10380844,nm3537716
tt10380844,nm5786311
tt10380844,nm6453323
tt10380844,nm8081747
tt10380844,nm8150484
tt10380844,nm9975789
tt10380858,nm8832846
tt10380868,nm2481770
tt10380880,nm10433568
tt10380894,nm5473796
tt10380912,nm10549175
tt10380962,nm4161712
tt10380966,nm7329048
tt10380978,nm10716689
tt10380978,nm9878329
tt10381046,nm5318721
tt10381108,nm9405918
tt10381150,nm10711671
tt10381168,nm11923287
tt10381168,nm5262002
tt10381168,nm6414176
tt10381240,nm1298152
tt10381246,nm3671401
tt10381344,nm4766441
tt10381608,nm8213447
tt10381608,nm8787778
tt10381610,nm8213447
tt10381610,nm8787778
tt10381612,nm8213447
tt10381612,nm8787778
tt10381616,nm8213447
tt10381616,nm8787778
tt10381618,nm8213447
tt10381618,nm8787778
tt10381620,nm8213447
tt10381620,nm8787778
tt10381622,nm8213447
tt10381622,nm8787778
tt10381624,nm8213447
tt10381624,nm8787778
tt10381626,nm8213447
tt10381626,nm8787778
tt10381628,nm8213447
tt10381628,nm8787778
tt10381630,nm8213447
tt10381630,nm8787778
tt10381632,nm8213447
tt10381632,nm8787778
tt10381634,nm8213447
tt10381634,nm8787778
tt10381636,nm8213447
tt10381636,nm8787778
tt10381638,nm8213447
tt10381638,nm8787778
tt10381640,nm8213447
tt10381640,nm8787778
tt10381642,nm8213447
tt10381642,nm8787778
tt10381644,nm8213447
tt10381644,nm8787778
tt10381646,nm8213447
tt10381646,nm8787778
tt10381648,nm8213447
tt10381648,nm8787778
tt10381650,nm8213447
tt10381650,nm8787778
tt10381652,nm8213447
tt10381652,nm8787778
tt10381654,nm8213447
tt10381654,nm8787778
tt10381656,nm8213447
tt10381656,nm8787778
tt10381658,nm8213447
tt10381658,nm8787778
tt10381664,nm8213447
tt10381664,nm8787778
tt10381666,nm8213447
tt10381666,nm8787778
tt10381668,nm8213447
tt10381668,nm8787778
tt10381670,nm8213447
tt10381670,nm8787778
tt10381672,nm8213447
tt10381672,nm8787778
tt10381674,nm8213447
tt10381674,nm8787778
tt10381676,nm8213447
tt10381676,nm8787778
tt10381678,nm8213447
tt10381678,nm8787778
tt10381680,nm8213447
tt10381680,nm8787778
tt10381682,nm8213447
tt10381682,nm8787778
tt10381684,nm8213447
tt10381684,nm8787778
tt10381686,nm8213447
tt10381686,nm8787778
tt10381688,nm8213447
tt10381688,nm8787778
tt10381690,nm8213447
tt10381690,nm8787778
tt10381692,nm8213447
tt10381692,nm8787778
tt10381760,nm7859584
tt10381760,nm7859591
tt10381796,nm7668240
tt10381796,nm7759989
tt10381924,nm3498152
tt10382210,nm2357165
tt10382268,nm10716838
tt10382322,nm6833072
tt10382322,nm9750986
tt10382324,nm6833072
tt10382324,nm9750986
tt10382326,nm6833072
tt10382326,nm9750986
tt10382328,nm6833072
tt10382328,nm9750986
tt10382332,nm6833072
tt10382332,nm9750986
tt10382334,nm6833072
tt10382334,nm9750986
tt10382336,nm6833072
tt10382336,nm9750986
tt10382340,nm6833072
tt10382340,nm9750986
tt10382342,nm6833072
tt10382342,nm9750986
tt10382344,nm6833072
tt10382344,nm9750986
tt10382346,nm6833072
tt10382346,nm9750986
tt10382348,nm6833072
tt10382348,nm9750986
tt10382350,nm6833072
tt10382350,nm9750986
tt10382352,nm6833072
tt10382352,nm9750986
tt10382354,nm6833072
tt10382354,nm9750986
tt10382356,nm6833072
tt10382356,nm9750986
tt10382360,nm6833072
tt10382360,nm9750986
tt10382362,nm6833072
tt10382362,nm9750986
tt10382364,nm6833072
tt10382364,nm9750986
tt10382366,nm6833072
tt10382366,nm9750986
tt10382368,nm6833072
tt10382368,nm9750986
tt10382370,nm6833072
tt10382370,nm9750986
tt10382372,nm6833072
tt10382372,nm9750986
tt10382374,nm6833072
tt10382374,nm9750986
tt10382376,nm6833072
tt10382376,nm9750986
tt10382378,nm6833072
tt10382378,nm9750986
tt10382380,nm6833072
tt10382380,nm9750986
tt10382382,nm6833072
tt10382382,nm9750986
tt10382384,nm6833072
tt10382384,nm9750986
tt10382386,nm6833072
tt10382386,nm9750986
tt10382388,nm6833072
tt10382388,nm9750986
tt10382390,nm6833072
tt10382390,nm9750986
tt10382392,nm6833072
tt10382392,nm9750986
tt10382394,nm6833072
tt10382394,nm9750986
tt10382396,nm6833072
tt10382396,nm9750986
tt10382400,nm6833072
tt10382400,nm9750986
tt10382402,nm6833072
tt10382402,nm9750986
tt10382406,nm6833072
tt10382406,nm9750986
tt10382408,nm6833072
tt10382408,nm9750986
tt10382410,nm6833072
tt10382410,nm9750986
tt10382416,nm6833072
tt10382416,nm9750986
tt10382418,nm6833072
tt10382418,nm9750986
tt10382420,nm6833072
tt10382420,nm9750986
tt10382422,nm6833072
tt10382422,nm9750986
tt10382424,nm6833072
tt10382424,nm9750986
tt10382426,nm6833072
tt10382426,nm9750986
tt10382428,nm6833072
tt10382428,nm9750986
tt10382430,nm6833072
tt10382430,nm9750986
tt10382432,nm6833072
tt10382432,nm9750986
tt10382434,nm6833072
tt10382434,nm9750986
tt10382438,nm6833072
tt10382438,nm9750986
tt10382440,nm6833072
tt10382440,nm9750986
tt10382442,nm6833072
tt10382442,nm9750986
tt10382444,nm6833072
tt10382444,nm9750986
tt10382446,nm6833072
tt10382446,nm9750986
tt10382448,nm6833072
tt10382448,nm9750986
tt10382452,nm6833072
tt10382452,nm9750986
tt10382454,nm6833072
tt10382454,nm9750986
tt10382456,nm6833072
tt10382456,nm9750986
tt10382458,nm6833072
tt10382458,nm9750986
tt10382462,nm6833072
tt10382462,nm9750986
tt10382464,nm6833072
tt10382464,nm9750986
tt10382466,nm6833072
tt10382466,nm9750986
tt10382468,nm6833072
tt10382468,nm9750986
tt10382470,nm6833072
tt10382470,nm9750986
tt10382472,nm6833072
tt10382472,nm9750986
tt10382474,nm6833072
tt10382474,nm9750986
tt10382476,nm6833072
tt10382476,nm9750986
tt10382478,nm6833072
tt10382478,nm9750986
tt10382480,nm6833072
tt10382480,nm9750986
tt10382482,nm6833072
tt10382482,nm9750986
tt10382484,nm6833072
tt10382484,nm9750986
tt10382486,nm6833072
tt10382486,nm9750986
tt10382488,nm6833072
tt10382488,nm9750986
tt10382490,nm6833072
tt10382490,nm9750986
tt10382492,nm6833072
tt10382492,nm9750986
tt10382494,nm6833072
tt10382494,nm9750986
tt10382496,nm6833072
tt10382496,nm9750986
tt10382498,nm6833072
tt10382498,nm9750986
tt10382500,nm6833072
tt10382500,nm9750986
tt10382502,nm6833072
tt10382502,nm9750986
tt10382504,nm6833072
tt10382504,nm9750986
tt10382506,nm6833072
tt10382506,nm9750986
tt10382508,nm6833072
tt10382508,nm9750986
tt10382510,nm6833072
tt10382510,nm9750986
tt10382512,nm6833072
tt10382512,nm9750986
tt10382514,nm6833072
tt10382514,nm9750986
tt10382516,nm6833072
tt10382516,nm9750986
tt10382518,nm6833072
tt10382518,nm9750986
tt10382520,nm6833072
tt10382520,nm9750986
tt10382522,nm6833072
tt10382522,nm9750986
tt10382524,nm6833072
tt10382524,nm9750986
tt10382526,nm6833072
tt10382526,nm9750986
tt10382528,nm6833072
tt10382528,nm9750986
tt10382530,nm6833072
tt10382530,nm9750986
tt10382532,nm6833072
tt10382532,nm9750986
tt10382534,nm6833072
tt10382534,nm9750986
tt10382536,nm6833072
tt10382536,nm9750986
tt10382538,nm6833072
tt10382538,nm9750986
tt10382540,nm6833072
tt10382540,nm9750986
tt10382542,nm6833072
tt10382542,nm9750986
tt10382544,nm6833072
tt10382544,nm9750986
tt10382546,nm6833072
tt10382546,nm9750986
tt10382548,nm6833072
tt10382548,nm9750986
tt10382550,nm6833072
tt10382550,nm9750986
tt10382552,nm6833072
tt10382552,nm9750986
tt10382554,nm6833072
tt10382554,nm9750986
tt10382558,nm6833072
tt10382558,nm9750986
tt10382560,nm6833072
tt10382560,nm9750986
tt10382562,nm6833072
tt10382562,nm9750986
tt10382564,nm6833072
tt10382564,nm9750986
tt10382570,nm6833072
tt10382570,nm9750986
tt10382572,nm6833072
tt10382572,nm9750986
tt10382574,nm6833072
tt10382574,nm9750986
tt10382576,nm6833072
tt10382576,nm9750986
tt10382578,nm6833072
tt10382578,nm9750986
tt10382580,nm6833072
tt10382580,nm9750986
tt10382582,nm6833072
tt10382582,nm9750986
tt10382584,nm6833072
tt10382584,nm9750986
tt10382586,nm6833072
tt10382586,nm9750986
tt10382722,nm10717204
tt10382812,nm1506033
tt10382870,nm7226770
tt10382910,nm5288308
tt10383078,nm10717335
tt10383096,nm8706068
tt10383146,nm6500274
tt10383220,nm8772200
tt10383266,nm10717402
tt10383284,nm6560852
tt10383304,nm3687037
tt10383348,nm3687037
tt10383356,nm1069607
tt10383356,nm2848369
tt10383356,nm6537221
tt10383522,nm10717524
tt10383542,nm9822506
tt10383686,nm10717614
tt10383714,nm5492964
tt10383726,nm11254176
tt10383798,nm7518657
tt10383798,nm8139688
tt10383932,nm7394985
tt10384044,nm3962471
tt10384056,nm6530511
tt10384130,nm11046790
tt10384202,nm4793043
tt10384258,nm13010528
tt10384320,nm10473592
tt10384342,nm7917183
tt10384438,nm10718108
tt10384452,nm10718115
tt10384452,nm3750531
tt10384460,nm9389970
tt10384468,nm10657837
tt10384470,nm6819053
tt10384476,nm3498152
tt10384484,nm10718152
tt10384484,nm8412166
tt10384490,nm0955340
tt10384516,nm0270507
tt10384516,nm1299690
tt10384522,nm0128292
tt10384556,nm0334399
tt10384572,nm9573611
tt10384582,nm8973479
tt10384592,nm10473592
tt10384610,nm10718235
tt10384614,nm1794856
tt10384634,nm1529175
tt10384646,nm6590609
tt10384658,nm6590609
tt10384666,nm6590609
tt10384696,nm7751545
tt10384706,nm9573611
tt10384714,nm9573611
tt10384726,nm9573611
tt10384788,nm7751545
tt10384920,nm1053991
tt10384920,nm2307653
tt10384934,nm13187947
tt10384934,nm5990161
tt10384950,nm9656791
tt10385106,nm1646316
tt10385122,nm4916592
tt10385148,nm11178712
tt10385162,nm6143410
tt10385206,nm5655992
tt10385240,nm2998100
tt10385242,nm9403217
tt10385278,nm12393554
tt10385430,nm1298152
tt10385466,nm10718893
tt10385482,nm10718911
tt10385486,nm4596196
tt10385520,nm5862200
tt10385686,nm2342348
tt10385702,nm10656809
tt10385702,nm8688181
tt10385716,nm9519795
tt10385936,nm9519795
tt10385970,nm6833072
tt10385970,nm9750986
tt10385972,nm6833072
tt10385972,nm9750986
tt10385974,nm6833072
tt10385974,nm9750986
tt10385976,nm6833072
tt10385976,nm9750986
tt10385980,nm6833072
tt10385980,nm9750986
tt10385982,nm6833072
tt10385982,nm9750986
tt10385984,nm6833072
tt10385984,nm9750986
tt10385986,nm6833072
tt10385986,nm9750986
tt10385988,nm6833072
tt10385988,nm9750986
tt10385990,nm6833072
tt10385990,nm9750986
tt10385992,nm6833072
tt10385992,nm9750986
tt10385994,nm6833072
tt10385994,nm9750986
tt10385996,nm6833072
tt10385996,nm9750986
tt10386000,nm6833072
tt10386000,nm9750986
tt10386002,nm6833072
tt10386002,nm9750986
tt10386004,nm6833072
tt10386004,nm9750986
tt10386006,nm6833072
tt10386006,nm9750986
tt10386008,nm6833072
tt10386008,nm9750986
tt10386010,nm6833072
tt10386010,nm9750986
tt10386012,nm6833072
tt10386012,nm9750986
tt10386016,nm6833072
tt10386016,nm9750986
tt10386018,nm6833072
tt10386018,nm9750986
tt10386020,nm6833072
tt10386020,nm9750986
tt10386022,nm6833072
tt10386022,nm9750986
tt10386026,nm6833072
tt10386026,nm9750986
tt10386028,nm6833072
tt10386028,nm9750986
tt10386032,nm6833072
tt10386032,nm9750986
tt10386034,nm6833072
tt10386034,nm9750986
tt10386036,nm6833072
tt10386036,nm9750986
tt10386038,nm6833072
tt10386038,nm9750986
tt10386042,nm6833072
tt10386042,nm9750986
tt10386044,nm6833072
tt10386044,nm9750986
tt10386046,nm6833072
tt10386046,nm9750986
tt10386048,nm6833072
tt10386048,nm9750986
tt10386050,nm6833072
tt10386050,nm9750986
tt10386052,nm6833072
tt10386052,nm9750986
tt10386058,nm6833072
tt10386058,nm9750986
tt10386060,nm6833072
tt10386060,nm9750986
tt10386064,nm6833072
tt10386064,nm9750986
tt10386066,nm6833072
tt10386066,nm9750986
tt10386074,nm6833072
tt10386074,nm9750986
tt10386076,nm6833072
tt10386076,nm9750986
tt10386078,nm6833072
tt10386078,nm9750986
tt10386082,nm6833072
tt10386082,nm9750986
tt10386084,nm6833072
tt10386084,nm9750986
tt10386086,nm6833072
tt10386086,nm9750986
tt10386090,nm6833072
tt10386090,nm9750986
tt10386092,nm6833072
tt10386092,nm9750986
tt10386094,nm6833072
tt10386094,nm9750986
tt10386098,nm6833072
tt10386098,nm9750986
tt10386100,nm6833072
tt10386100,nm9750986
tt10386102,nm6833072
tt10386102,nm9750986
tt10386106,nm6833072
tt10386106,nm9750986
tt10386108,nm6833072
tt10386108,nm9750986
tt10386110,nm6833072
tt10386110,nm9750986
tt10386112,nm6833072
tt10386112,nm9750986
tt10386114,nm6833072
tt10386114,nm9750986
tt10386116,nm6833072
tt10386116,nm9750986
tt10386120,nm6833072
tt10386120,nm9750986
tt10386122,nm6833072
tt10386122,nm9750986
tt10386126,nm6833072
tt10386126,nm9750986
tt10386128,nm6833072
tt10386128,nm9750986
tt10386130,nm6833072
tt10386130,nm9750986
tt10386134,nm6833072
tt10386134,nm9750986
tt10386136,nm6833072
tt10386136,nm9750986
tt10386138,nm6833072
tt10386138,nm9750986
tt10386144,nm6833072
tt10386144,nm9750986
tt10386148,nm6833072
tt10386148,nm9750986
tt10386150,nm6833072
tt10386150,nm9750986
tt10386152,nm6833072
tt10386152,nm9750986
tt10386154,nm6833072
tt10386154,nm9750986
tt10386156,nm6833072
tt10386156,nm9750986
tt10386160,nm6833072
tt10386160,nm9750986
tt10386162,nm6833072
tt10386162,nm9750986
tt10386164,nm6833072
tt10386164,nm9750986
tt10386166,nm6833072
tt10386166,nm9750986
tt10386168,nm6833072
tt10386168,nm9750986
tt10386170,nm6833072
tt10386170,nm9750986
tt10386172,nm6833072
tt10386172,nm9750986
tt10386174,nm6833072
tt10386174,nm9750986
tt10386196,nm9587596
tt10386228,nm6833072
tt10386228,nm9750986
tt10386230,nm6833072
tt10386230,nm9750986
tt10386234,nm6833072
tt10386234,nm9750986
tt10386236,nm6833072
tt10386236,nm9750986
tt10386238,nm6833072
tt10386238,nm9750986
tt10386240,nm6833072
tt10386240,nm9750986
tt10386242,nm6833072
tt10386242,nm9750986
tt10386244,nm6833072
tt10386244,nm9750986
tt10386246,nm6833072
tt10386246,nm9750986
tt10386248,nm6833072
tt10386248,nm9750986
tt10386250,nm6833072
tt10386250,nm9750986
tt10386252,nm6833072
tt10386252,nm9750986
tt10386254,nm6833072
tt10386254,nm9750986
tt10386256,nm6833072
tt10386256,nm9750986
tt10386258,nm6833072
tt10386258,nm9750986
tt10386260,nm6833072
tt10386260,nm9750986
tt10386262,nm6833072
tt10386262,nm9750986
tt10386266,nm6833072
tt10386266,nm9750986
tt10386268,nm6833072
tt10386268,nm9750986
tt10386272,nm6833072
tt10386272,nm9750986
tt10386278,nm6833072
tt10386278,nm9750986
tt10386280,nm6833072
tt10386280,nm9750986
tt10386282,nm6833072
tt10386282,nm9750986
tt10386288,nm6833072
tt10386288,nm9750986
tt10386292,nm6833072
tt10386292,nm9750986
tt10386294,nm6833072
tt10386294,nm9750986
tt10386298,nm6833072
tt10386298,nm9750986
tt10386300,nm6833072
tt10386300,nm9750986
tt10386302,nm6833072
tt10386302,nm9750986
tt10386304,nm6833072
tt10386304,nm9750986
tt10386308,nm6833072
tt10386308,nm9750986
tt10386310,nm6833072
tt10386310,nm9750986
tt10386312,nm6833072
tt10386312,nm9750986
tt10386316,nm6833072
tt10386316,nm9750986
tt10386318,nm13010528
tt10386320,nm6833072
tt10386320,nm9750986
tt10386324,nm6833072
tt10386324,nm9750986
tt10386326,nm6833072
tt10386326,nm9750986
tt10386328,nm6833072
tt10386328,nm9750986
tt10386330,nm6833072
tt10386330,nm9750986
tt10386332,nm6833072
tt10386332,nm9750986
tt10386336,nm6833072
tt10386336,nm9750986
tt10386338,nm6833072
tt10386338,nm9750986
tt10386340,nm6833072
tt10386340,nm9750986
tt10386342,nm6833072
tt10386342,nm9750986
tt10386346,nm6833072
tt10386346,nm9750986
tt10386348,nm6833072
tt10386348,nm9750986
tt10386352,nm6833072
tt10386352,nm9750986
tt10386356,nm6833072
tt10386356,nm9750986
tt10386358,nm6833072
tt10386358,nm9750986
tt10386360,nm6833072
tt10386360,nm9750986
tt10386364,nm6833072
tt10386364,nm9750986
tt10386368,nm6833072
tt10386368,nm9750986
tt10386370,nm6833072
tt10386370,nm9750986
tt10386372,nm6833072
tt10386372,nm9750986
tt10386374,nm6833072
tt10386374,nm9750986
tt10386380,nm6833072
tt10386380,nm9750986
tt10386382,nm6833072
tt10386382,nm9750986
tt10386386,nm6833072
tt10386386,nm9750986
tt10386388,nm6833072
tt10386388,nm9750986
tt10386392,nm6833072
tt10386392,nm9750986
tt10386396,nm13010528
tt10386398,nm6833072
tt10386398,nm9750986
tt10386400,nm6833072
tt10386400,nm9750986
tt10386404,nm6833072
tt10386404,nm9750986
tt10386406,nm6833072
tt10386406,nm9750986
tt10386408,nm6833072
tt10386408,nm9750986
tt10386410,nm6833072
tt10386410,nm9750986
tt10386412,nm6833072
tt10386412,nm9750986
tt10386414,nm6833072
tt10386414,nm9750986
tt10386416,nm6833072
tt10386416,nm9750986
tt10386418,nm6833072
tt10386418,nm9750986
tt10386420,nm6833072
tt10386420,nm9750986
tt10386428,nm6833072
tt10386428,nm9750986
tt10386430,nm6833072
tt10386430,nm9750986
tt10386432,nm6833072
tt10386432,nm9750986
tt10386434,nm6833072
tt10386434,nm9750986
tt10386436,nm6833072
tt10386436,nm9750986
tt10386438,nm6833072
tt10386438,nm9750986
tt10386440,nm6833072
tt10386440,nm9750986
tt10386442,nm6833072
tt10386442,nm9750986
tt10386448,nm6833072
tt10386448,nm9750986
tt10386966,nm8213447
tt10386966,nm8787778
tt10386968,nm8213447
tt10386968,nm8787778
tt10386970,nm8213447
tt10386970,nm8787778
tt10386972,nm8213447
tt10386972,nm8787778
tt10386974,nm8213447
tt10386974,nm8787778
tt10386976,nm8213447
tt10386976,nm8787778
tt10386978,nm8213447
tt10386978,nm8787778
tt10386982,nm8213447
tt10386982,nm8787778
tt10386984,nm8213447
tt10386984,nm8787778
tt10386986,nm8213447
tt10386986,nm8787778
tt10386988,nm8213447
tt10386988,nm8787778
tt10386990,nm8213447
tt10386990,nm8787778
tt10386992,nm8213447
tt10386992,nm8787778
tt10386994,nm8213447
tt10386994,nm8787778
tt10386996,nm8213447
tt10386996,nm8787778
tt10386998,nm8213447
tt10386998,nm8787778
tt10387000,nm8213447
tt10387000,nm8787778
tt10387002,nm8213447
tt10387002,nm8787778
tt10387006,nm8213447
tt10387006,nm8787778
tt10387008,nm8213447
tt10387008,nm8787778
tt10387296,nm3246845
tt10387296,nm4455634
tt10387298,nm3246845
tt10387298,nm4455634
tt10387300,nm3246845
tt10387300,nm4455634
tt10387304,nm12176576
tt10387304,nm3246845
tt10387304,nm4455634
tt10387306,nm3246845
tt10387306,nm4455634
tt10387308,nm3246845
tt10387308,nm4455634
tt10387310,nm3246845
tt10387310,nm4455634
tt10387312,nm3246845
tt10387312,nm4455634
tt10387316,nm3246845
tt10387316,nm4455634
tt10387320,nm3246845
tt10387320,nm4455634
tt10387322,nm3246845
tt10387322,nm4455634
tt10387324,nm3246845
tt10387324,nm4455634
tt10387326,nm12176576
tt10387326,nm3246845
tt10387326,nm4455634
tt10387328,nm12176576
tt10387328,nm3246845
tt10387328,nm4455634
tt10387330,nm3246845
tt10387330,nm4455634
tt10387332,nm3246845
tt10387332,nm4455634
tt10387334,nm3246845
tt10387334,nm4455634
tt10387338,nm3246845
tt10387338,nm4455634
tt10387340,nm12176576
tt10387340,nm3246845
tt10387340,nm4455634
tt10387348,nm3246845
tt10387350,nm3246845
tt10387352,nm3246845
tt10387354,nm3246845
tt10387356,nm3246845
tt10387358,nm3246845
tt10387362,nm3246845
tt10387366,nm3246845
tt10387368,nm3246845
tt10387372,nm3246845
tt10387374,nm3246845
tt10387376,nm3246845
tt10387378,nm3246845
tt10387380,nm3246845
tt10387384,nm3246845
tt10387386,nm3246845
tt10387388,nm3246845
tt10387390,nm3246845
tt10387392,nm3246845
tt10387394,nm3246845
tt10387400,nm3246845
tt10387402,nm3246845
tt10387404,nm3246845
tt10387406,nm3246845
tt10387408,nm3246845
tt10387410,nm3246845
tt10387412,nm3246845
tt10387416,nm3246845
tt10387418,nm3246845
tt10387420,nm3246845
tt10387422,nm3246845
tt10387424,nm3246845
tt10387428,nm3246845
tt10387430,nm3246845
tt10387432,nm3246845
tt10387434,nm12176576
tt10387434,nm3246845
tt10387436,nm3246845
tt10387438,nm3246845
tt10387442,nm12176576
tt10387442,nm3246845
tt10387444,nm3246845
tt10387448,nm5013061
tt10387454,nm5013061
tt10387456,nm5013061
tt10387458,nm5013061
tt10387460,nm5013061
tt10387464,nm5013061
tt10387466,nm5013061
tt10387468,nm5013061
tt10387470,nm5013061
tt10387472,nm5013061
tt10387474,nm5013061
tt10387478,nm5013061
tt10387480,nm5013061
tt10387482,nm5013061
tt10387484,nm5013061
tt10387486,nm5013061
tt10387488,nm5013061
tt10387492,nm5013061
tt10387494,nm5013061
tt10387498,nm5013061
tt10387556,nm1762123
tt10387556,nm2034534
tt10387604,nm7870411
tt10387606,nm7870411
tt10387608,nm7870411
tt10387610,nm7870411
tt10387612,nm7870411
tt10387614,nm7870411
tt10387616,nm7870411
tt10387618,nm7870411
tt10387620,nm7870411
tt10387622,nm7870411
tt10387624,nm7870411
tt10387626,nm7870411
tt10387628,nm7870411
tt10387630,nm7870411
tt10387634,nm7870411
tt10387636,nm7870411
tt10387638,nm7870411
tt10387640,nm7870411
tt10387644,nm7870411
tt10387646,nm7870411
tt10387648,nm7870411
tt10387650,nm7870411
tt10387652,nm7870411
tt10387654,nm7870411
tt10387660,nm2788669
tt10387660,nm3131807
tt10387660,nm6855655
tt10387662,nm2788669
tt10387662,nm3131807
tt10387662,nm6855655
tt10387664,nm2788669
tt10387664,nm3131807
tt10387664,nm6855655
tt10387666,nm2788669
tt10387666,nm3131807
tt10387666,nm6855655
tt10387668,nm2788669
tt10387668,nm3131807
tt10387668,nm6855655
tt10387670,nm2788669
tt10387670,nm3131807
tt10387670,nm6855655
tt10387672,nm2788669
tt10387672,nm3131807
tt10387672,nm6855655
tt10387674,nm2788669
tt10387674,nm3131807
tt10387674,nm6855655
tt10387676,nm2788669
tt10387676,nm3131807
tt10387676,nm6855655
tt10387678,nm2788669
tt10387678,nm3131807
tt10387678,nm6855655
tt10387680,nm2788669
tt10387680,nm3131807
tt10387680,nm6855655
tt10387684,nm2788669
tt10387684,nm3131807
tt10387684,nm6855655
tt10387686,nm2788669
tt10387686,nm3131807
tt10387686,nm6855655
tt10387688,nm2788669
tt10387688,nm3131807
tt10387688,nm6855655
tt10387690,nm2788669
tt10387690,nm3131807
tt10387690,nm6855655
tt10387692,nm2788669
tt10387692,nm3131807
tt10387692,nm6855655
tt10387694,nm2788669
tt10387694,nm3131807
tt10387694,nm6855655
tt10387696,nm2788669
tt10387696,nm3131807
tt10387696,nm6855655
tt10387700,nm2788669
tt10387700,nm3131807
tt10387700,nm6855655
tt10387702,nm2788669
tt10387702,nm3131807
tt10387702,nm6855655
tt10387704,nm2788669
tt10387704,nm3131807
tt10387704,nm6855655
tt10387708,nm2788669
tt10387708,nm3131807
tt10387708,nm6855655
tt10387710,nm2788669
tt10387710,nm3131807
tt10387710,nm6855655
tt10387712,nm2788669
tt10387712,nm3131807
tt10387712,nm6855655
tt10387714,nm2788669
tt10387714,nm3131807
tt10387714,nm6855655
tt10387716,nm2788669
tt10387716,nm3131807
tt10387716,nm6855655
tt10387718,nm2788669
tt10387718,nm3131807
tt10387718,nm6855655
tt10387720,nm2788669
tt10387720,nm3131807
tt10387720,nm6855655
tt10387722,nm2788669
tt10387722,nm3131807
tt10387722,nm6855655
tt10387724,nm2788669
tt10387724,nm3131807
tt10387724,nm6855655
tt10387726,nm2788669
tt10387726,nm3131807
tt10387726,nm6855655
tt10387728,nm2788669
tt10387728,nm3131807
tt10387728,nm6855655
tt10387730,nm2788669
tt10387730,nm3131807
tt10387730,nm6855655
tt10387732,nm2788669
tt10387732,nm3131807
tt10387732,nm6855655
tt10387736,nm2788669
tt10387736,nm3131807
tt10387736,nm6855655
tt10387738,nm2788669
tt10387738,nm3131807
tt10387738,nm6855655
tt10387740,nm2788669
tt10387740,nm3131807
tt10387740,nm6855655
tt10387742,nm2788669
tt10387742,nm3131807
tt10387742,nm6855655
tt10387744,nm2788669
tt10387744,nm3131807
tt10387744,nm6855655
tt10387746,nm2788669
tt10387746,nm3131807
tt10387746,nm6855655
tt10387750,nm2788669
tt10387750,nm3131807
tt10387750,nm6855655
tt10387752,nm2788669
tt10387752,nm3131807
tt10387752,nm6855655
tt10387754,nm2788669
tt10387754,nm3131807
tt10387754,nm6855655
tt10387756,nm2788669
tt10387756,nm3131807
tt10387756,nm6855655
tt10387758,nm2788669
tt10387758,nm3131807
tt10387758,nm6855655
tt10387760,nm2788669
tt10387760,nm3131807
tt10387760,nm6855655
tt10387762,nm2788669
tt10387762,nm3131807
tt10387762,nm6855655
tt10387764,nm2788669
tt10387764,nm3131807
tt10387764,nm6855655
tt10387766,nm2788669
tt10387766,nm3131807
tt10387766,nm6855655
tt10387768,nm2788669
tt10387768,nm3131807
tt10387768,nm6855655
tt10387770,nm2788669
tt10387770,nm3131807
tt10387770,nm6855655
tt10387772,nm2788669
tt10387772,nm3131807
tt10387772,nm6855655
tt10387774,nm2788669
tt10387774,nm3131807
tt10387774,nm6855655
tt10387776,nm2788669
tt10387776,nm3131807
tt10387776,nm6855655
tt10387778,nm2788669
tt10387778,nm3131807
tt10387778,nm6855655
tt10387780,nm2788669
tt10387780,nm3131807
tt10387780,nm6855655
tt10387782,nm2788669
tt10387782,nm3131807
tt10387782,nm6855655
tt10387784,nm2788669
tt10387784,nm3131807
tt10387784,nm6855655
tt10387786,nm2788669
tt10387786,nm3131807
tt10387786,nm6855655
tt10387790,nm2788669
tt10387790,nm3131807
tt10387790,nm6855655
tt10387798,nm5502061
tt10387804,nm1298152
tt10387850,nm1469157
tt10387850,nm4589995
tt10387860,nm10719299
tt10387860,nm2044176
tt10387866,nm6590609
tt10387874,nm3050609
tt10387896,nm9438297
tt10388024,nm10703795
tt10388046,nm10718338
tt10388052,nm2789185
tt10388062,nm10190799
tt10388262,nm10719555
tt10388272,nm5165671
tt10388352,nm3277715
tt10388378,nm4266572
tt10388432,nm10719637
tt10388440,nm10719643
tt10388440,nm10719644
tt10388440,nm10719646
tt10388458,nm6183862
tt10388480,nm5597425
tt10388488,nm5597425
tt10388670,nm3023909
tt10388714,nm10719977
tt10388790,nm10720060
tt10388790,nm1279789
tt10388802,nm3668878
tt10388816,nm9145399
tt10388832,nm10720106
tt10388878,nm9573611
tt10388894,nm9573611
tt10388914,nm9573611
tt10388924,nm9573611
tt10388938,nm4877111
tt10388948,nm10278599
tt10388952,nm9403217
tt10388972,nm4877111
tt10389002,nm1097091
tt10389002,nm13790183
tt10389018,nm9587596
tt10389038,nm3452604
tt10389044,nm10720281
tt10389102,nm9587596
tt10389142,nm0348735
tt10389144,nm10686645
tt10389186,nm2970292
tt10389188,nm10702783
tt10389188,nm10704368
tt10389188,nm9315941
tt10389188,nm9888079
tt10389220,nm9217104
tt10389276,nm10720495
tt10389290,nm2263941
tt10389464,nm2802968
tt10389464,nm9594250
tt10389518,nm2802968
tt10389522,nm9594250
tt10389562,nm10720553
tt10389682,nm10720566
tt10389710,nm2315992
tt10389722,nm10219414
tt10389864,nm7024329
tt10389890,nm1068981
tt10389890,nm10720596
tt10389890,nm8506410
tt10389894,nm1298152
tt10389898,nm2581601
tt10389914,nm3203063
tt10389928,nm10720628
tt10389936,nm10720640
tt10389948,nm8417567
tt10389952,nm3203063
tt10389956,nm10720648
tt10389958,nm10720651
tt10389966,nm10199514
tt10389992,nm10720682
tt10390014,nm10720701
tt10390032,nm10720710
tt10390084,nm9816909
tt10390110,nm9848484
tt10390128,nm10720766
tt10390204,nm7675414
tt10390210,nm9848484
tt10390228,nm7675414
tt10390232,nm7675414
tt10390260,nm10720794
tt10390368,nm10713460
tt10390438,nm7675414
tt10390502,nm7675414
tt10390604,nm10720821
tt10390626,nm2788669
tt10390626,nm3131807
tt10390626,nm6855655
tt10390628,nm2788669
tt10390628,nm3131807
tt10390628,nm6855655
tt10390630,nm2788669
tt10390630,nm3131807
tt10390630,nm6855655
tt10390632,nm2788669
tt10390632,nm3131807
tt10390632,nm6855655
tt10390634,nm2788669
tt10390634,nm3131807
tt10390634,nm6855655
tt10390636,nm2788669
tt10390636,nm3131807
tt10390636,nm6855655
tt10390638,nm2788669
tt10390638,nm3131807
tt10390638,nm6855655
tt10390640,nm2788669
tt10390640,nm3131807
tt10390640,nm6855655
tt10390642,nm2788669
tt10390642,nm3131807
tt10390642,nm6855655
tt10390644,nm2788669
tt10390644,nm3131807
tt10390644,nm6855655
tt10390646,nm2788669
tt10390646,nm3131807
tt10390646,nm6855655
tt10390648,nm2788669
tt10390648,nm3131807
tt10390648,nm6855655
tt10390650,nm2788669
tt10390650,nm3131807
tt10390650,nm6855655
tt10390652,nm2788669
tt10390652,nm3131807
tt10390652,nm6855655
tt10390654,nm2788669
tt10390654,nm3131807
tt10390654,nm6855655
tt10390656,nm2788669
tt10390656,nm3131807
tt10390656,nm6855655
tt10390658,nm2788669
tt10390658,nm3131807
tt10390658,nm6855655
tt10390660,nm2788669
tt10390660,nm3131807
tt10390660,nm6855655
tt10390662,nm7459846
tt10390664,nm2788669
tt10390664,nm3131807
tt10390664,nm6855655
tt10390670,nm2788669
tt10390670,nm3131807
tt10390670,nm6855655
tt10390672,nm2788669
tt10390672,nm3131807
tt10390672,nm6855655
tt10390674,nm2788669
tt10390674,nm3131807
tt10390674,nm6855655
tt10390676,nm2788669
tt10390676,nm3131807
tt10390676,nm6855655
tt10390678,nm2788669
tt10390678,nm3131807
tt10390678,nm6855655
tt10390680,nm2788669
tt10390680,nm3131807
tt10390680,nm6855655
tt10390682,nm2788669
tt10390682,nm3131807
tt10390682,nm6855655
tt10390684,nm2788669
tt10390684,nm3131807
tt10390684,nm6855655
tt10390686,nm2788669
tt10390686,nm3131807
tt10390686,nm6855655
tt10390688,nm2788669
tt10390688,nm3131807
tt10390688,nm6855655
tt10390690,nm2788669
tt10390690,nm3131807
tt10390690,nm6855655
tt10390692,nm2788669
tt10390692,nm3131807
tt10390692,nm6855655
tt10390694,nm2788669
tt10390694,nm3131807
tt10390694,nm6855655
tt10390696,nm2788669
tt10390696,nm3131807
tt10390696,nm6855655
tt10390698,nm2788669
tt10390698,nm3131807
tt10390698,nm6855655
tt10390700,nm2788669
tt10390700,nm3131807
tt10390700,nm6855655
tt10390702,nm2788669
tt10390702,nm3131807
tt10390702,nm6855655
tt10390704,nm2788669
tt10390704,nm3131807
tt10390704,nm6855655
tt10390706,nm2788669
tt10390706,nm3131807
tt10390706,nm6855655
tt10390708,nm2788669
tt10390708,nm3131807
tt10390708,nm6855655
tt10390710,nm2283682
tt10390710,nm4606060
tt10390714,nm2788669
tt10390714,nm3131807
tt10390714,nm6855655
tt10390716,nm2788669
tt10390716,nm3131807
tt10390716,nm6855655
tt10390720,nm2788669
tt10390720,nm3131807
tt10390720,nm6855655
tt10390724,nm2788669
tt10390724,nm3131807
tt10390724,nm6855655
tt10390726,nm2788669
tt10390726,nm3131807
tt10390726,nm6855655
tt10390728,nm2788669
tt10390728,nm3131807
tt10390728,nm6855655
tt10390730,nm2788669
tt10390730,nm3131807
tt10390730,nm6855655
tt10390732,nm2788669
tt10390732,nm3131807
tt10390732,nm6855655
tt10390734,nm2788669
tt10390734,nm3131807
tt10390734,nm6855655
tt10390736,nm2788669
tt10390736,nm3131807
tt10390736,nm6855655
tt10390738,nm2788669
tt10390738,nm3131807
tt10390738,nm6855655
tt10390740,nm2788669
tt10390740,nm3131807
tt10390740,nm6855655
tt10390742,nm2788669
tt10390742,nm3131807
tt10390742,nm6855655
tt10390744,nm2788669
tt10390744,nm3131807
tt10390744,nm6855655
tt10390746,nm2788669
tt10390746,nm3131807
tt10390746,nm6855655
tt10390748,nm2788669
tt10390748,nm3131807
tt10390748,nm6855655
tt10390750,nm2788669
tt10390750,nm3131807
tt10390750,nm6855655
tt10390752,nm2788669
tt10390752,nm3131807
tt10390752,nm6855655
tt10390754,nm2788669
tt10390754,nm3131807
tt10390754,nm6855655
tt10390756,nm7870411
tt10390758,nm7870411
tt10390760,nm7870411
tt10390762,nm7870411
tt10390764,nm7870411
tt10390766,nm7024329
tt10390768,nm7870411
tt10390770,nm7870411
tt10390772,nm7870411
tt10390774,nm7870411
tt10390776,nm7870411
tt10390778,nm7870411
tt10390780,nm7870411
tt10390782,nm7870411
tt10390784,nm7870411
tt10390786,nm7870411
tt10390862,nm3391725
tt10390884,nm9298256
tt10390896,nm10219414
tt10390906,nm5013061
tt10390908,nm5013061
tt10390910,nm5013061
tt10390912,nm5013061
tt10390914,nm5013061
tt10390916,nm5013061
tt10390918,nm5013061
tt10390920,nm5013061
tt10390924,nm5013061
tt10390926,nm5013061
tt10390928,nm5013061
tt10390930,nm5013061
tt10390932,nm5013061
tt10390934,nm5013061
tt10390936,nm5013061
tt10390938,nm5013061
tt10390940,nm5013061
tt10390942,nm5013061
tt10390944,nm5013061
tt10390946,nm5013061
tt10390950,nm3246845
tt10390952,nm3246845
tt10390954,nm3246845
tt10390956,nm7622044
tt10390958,nm3246845
tt10390960,nm3246845
tt10390962,nm3246845
tt10390964,nm3246845
tt10390966,nm3246845
tt10390968,nm3246845
tt10390970,nm3246845
tt10390972,nm3246845
tt10390976,nm3246845
tt10390978,nm3246845
tt10390980,nm3246845
tt10390982,nm12176576
tt10390982,nm3246845
tt10390984,nm3246845
tt10390986,nm3246845
tt10390988,nm3246845
tt10390992,nm3246845
tt10390994,nm3246845
tt10390996,nm3246845
tt10390998,nm3246845
tt10391006,nm3246845
tt10391008,nm3246845
tt10391010,nm12176576
tt10391010,nm3246845
tt10391012,nm3246845
tt10391014,nm3246845
tt10391016,nm12176576
tt10391016,nm3246845
tt10391018,nm3246845
tt10391020,nm3246845
tt10391022,nm3246845
tt10391024,nm3246845
tt10391026,nm3246845
tt10391028,nm3246845
tt10391030,nm3246845
tt10391032,nm3246845
tt10391034,nm3246845
tt10391036,nm3246845
tt10391038,nm3246845
tt10391042,nm3246845
tt10391044,nm3246845
tt10391046,nm3246845
tt10391048,nm3246845
tt10391050,nm3246845
tt10391052,nm3246845
tt10391054,nm3246845
tt10391058,nm3246845
tt10391062,nm0702965
tt10391064,nm3246845
tt10391066,nm3246845
tt10391070,nm3246845
tt10391076,nm12176576
tt10391076,nm3246845
tt10391076,nm4455634
tt10391082,nm3246845
tt10391082,nm4455634
tt10391084,nm3246845
tt10391084,nm4455634
tt10391086,nm3246845
tt10391086,nm4455634
tt10391088,nm3246845
tt10391088,nm4455634
tt10391090,nm3246845
tt10391090,nm4455634
tt10391092,nm3246845
tt10391092,nm4455634
tt10391094,nm3246845
tt10391094,nm4455634
tt10391100,nm3246845
tt10391100,nm4455634
tt10391102,nm3246845
tt10391102,nm4455634
tt10391104,nm3246845
tt10391104,nm4455634
tt10391134,nm2361898
tt10391216,nm8213447
tt10391216,nm8787778
tt10391218,nm8213447
tt10391218,nm8787778
tt10391220,nm8213447
tt10391220,nm8787778
tt10391222,nm8213447
tt10391222,nm8787778
tt10391224,nm8213447
tt10391224,nm8787778
tt10391226,nm8213447
tt10391226,nm8787778
tt10391228,nm8213447
tt10391228,nm8787778
tt10391230,nm8213447
tt10391230,nm8787778
tt10391232,nm8213447
tt10391232,nm8787778
tt10391238,nm8213447
tt10391238,nm8787778
tt10391240,nm8213447
tt10391240,nm8787778
tt10391242,nm8213447
tt10391242,nm8787778
tt10391244,nm8213447
tt10391244,nm8787778
tt10391246,nm8213447
tt10391246,nm8787778
tt10391248,nm8213447
tt10391248,nm8787778
tt10391250,nm8213447
tt10391250,nm8787778
tt10391252,nm8213447
tt10391252,nm8787778
tt10391254,nm8213447
tt10391254,nm8787778
tt10391256,nm8213447
tt10391256,nm8787778
tt10391258,nm10720920
tt10391260,nm8213447
tt10391260,nm8787778
tt10391552,nm6833072
tt10391552,nm9750986
tt10391554,nm6833072
tt10391554,nm9750986
tt10391558,nm6833072
tt10391558,nm9750986
tt10391560,nm6833072
tt10391560,nm9750986
tt10391562,nm6833072
tt10391562,nm9750986
tt10391564,nm6833072
tt10391564,nm9750986
tt10391566,nm6833072
tt10391566,nm9750986
tt10391568,nm6833072
tt10391568,nm9750986
tt10391570,nm6833072
tt10391570,nm9750986
tt10391572,nm6833072
tt10391572,nm9750986
tt10391574,nm6833072
tt10391574,nm9750986
tt10391580,nm6833072
tt10391580,nm9750986
tt10391582,nm6833072
tt10391582,nm9750986
tt10391584,nm6833072
tt10391584,nm9750986
tt10391586,nm6833072
tt10391586,nm9750986
tt10391588,nm6833072
tt10391588,nm9750986
tt10391590,nm6833072
tt10391590,nm9750986
tt10391594,nm6833072
tt10391594,nm9750986
tt10391596,nm6833072
tt10391596,nm9750986
tt10391598,nm6833072
tt10391598,nm9750986
tt10391602,nm6833072
tt10391602,nm9750986
tt10391604,nm6833072
tt10391604,nm9750986
tt10391606,nm6833072
tt10391606,nm9750986
tt10391608,nm6833072
tt10391608,nm9750986
tt10391612,nm6833072
tt10391612,nm9750986
tt10391614,nm6833072
tt10391614,nm9750986
tt10391616,nm6833072
tt10391616,nm9750986
tt10391618,nm6833072
tt10391618,nm9750986
tt10391620,nm6833072
tt10391620,nm9750986
tt10391622,nm6833072
tt10391622,nm9750986
tt10391624,nm6833072
tt10391624,nm9750986
tt10391626,nm6833072
tt10391626,nm9750986
tt10391628,nm6833072
tt10391628,nm9750986
tt10391630,nm6833072
tt10391630,nm9750986
tt10391632,nm6833072
tt10391632,nm9750986
tt10391634,nm6833072
tt10391634,nm9750986
tt10391638,nm6833072
tt10391638,nm9750986
tt10391640,nm6833072
tt10391640,nm9750986
tt10391642,nm6833072
tt10391642,nm9750986
tt10391644,nm6833072
tt10391644,nm9750986
tt10391646,nm6833072
tt10391646,nm9750986
tt10391648,nm6833072
tt10391648,nm9750986
tt10391650,nm6833072
tt10391650,nm9750986
tt10391652,nm6833072
tt10391652,nm9750986
tt10391654,nm6833072
tt10391654,nm9750986
tt10391656,nm6833072
tt10391656,nm9750986
tt10391658,nm6833072
tt10391658,nm9750986
tt10391662,nm6833072
tt10391662,nm9750986
tt10391664,nm6833072
tt10391664,nm9750986
tt10391666,nm6833072
tt10391666,nm9750986
tt10391668,nm6833072
tt10391668,nm9750986
tt10391670,nm6833072
tt10391670,nm9750986
tt10391672,nm6833072
tt10391672,nm9750986
tt10391674,nm6833072
tt10391674,nm9750986
tt10391676,nm6833072
tt10391676,nm9750986
tt10391678,nm6833072
tt10391678,nm9750986
tt10391680,nm6833072
tt10391680,nm9750986
tt10391682,nm6833072
tt10391682,nm9750986
tt10391684,nm6833072
tt10391684,nm9750986
tt10391688,nm6833072
tt10391688,nm9750986
tt10391690,nm6833072
tt10391690,nm9750986
tt10391694,nm6833072
tt10391694,nm9750986
tt10391696,nm6833072
tt10391696,nm9750986
tt10391698,nm6833072
tt10391698,nm9750986
tt10391700,nm6833072
tt10391700,nm9750986
tt10391702,nm6833072
tt10391702,nm9750986
tt10391706,nm6833072
tt10391706,nm9750986
tt10391710,nm6833072
tt10391710,nm9750986
tt10391712,nm6833072
tt10391712,nm9750986
tt10391714,nm6833072
tt10391714,nm9750986
tt10391716,nm6833072
tt10391716,nm9750986
tt10391718,nm6833072
tt10391718,nm9750986
tt10391720,nm6833072
tt10391720,nm9750986
tt10391722,nm6833072
tt10391722,nm9750986
tt10391724,nm6833072
tt10391724,nm9750986
tt10391726,nm6833072
tt10391726,nm9750986
tt10391728,nm6833072
tt10391728,nm9750986
tt10391730,nm6833072
tt10391730,nm9750986
tt10391732,nm6833072
tt10391732,nm9750986
tt10391734,nm6833072
tt10391734,nm9750986
tt10391736,nm6833072
tt10391736,nm9750986
tt10391738,nm6833072
tt10391738,nm9750986
tt10391740,nm6833072
tt10391740,nm9750986
tt10391742,nm6833072
tt10391742,nm9750986
tt10391744,nm6833072
tt10391744,nm9750986
tt10391746,nm6833072
tt10391746,nm9750986
tt10391748,nm6833072
tt10391748,nm9750986
tt10391752,nm6833072
tt10391752,nm9750986
tt10391754,nm6833072
tt10391754,nm9750986
tt10391756,nm6833072
tt10391756,nm9750986
tt10391758,nm6833072
tt10391758,nm9750986
tt10391760,nm6833072
tt10391760,nm9750986
tt10391762,nm6833072
tt10391762,nm9750986
tt10391764,nm6833072
tt10391764,nm9750986
tt10391766,nm6833072
tt10391766,nm9750986
tt10391768,nm6833072
tt10391768,nm9750986
tt10391770,nm6833072
tt10391770,nm9750986
tt10391772,nm6833072
tt10391772,nm9750986
tt10391774,nm6833072
tt10391774,nm9750986
tt10391776,nm6833072
tt10391776,nm9750986
tt10391778,nm6833072
tt10391778,nm9750986
tt10391780,nm6833072
tt10391780,nm9750986
tt10391784,nm6833072
tt10391784,nm9750986
tt10391786,nm6833072
tt10391786,nm9750986
tt10391788,nm6833072
tt10391788,nm9750986
tt10391790,nm6833072
tt10391790,nm9750986
tt10391792,nm6833072
tt10391792,nm9750986
tt10391796,nm6833072
tt10391796,nm9750986
tt10391798,nm6833072
tt10391798,nm9750986
tt10391800,nm6833072
tt10391800,nm9750986
tt10391802,nm6833072
tt10391802,nm9750986
tt10391804,nm6833072
tt10391804,nm9750986
tt10391806,nm6833072
tt10391806,nm9750986
tt10391808,nm6833072
tt10391808,nm9750986
tt10391810,nm6833072
tt10391810,nm9750986
tt10391812,nm6833072
tt10391812,nm9750986
tt10391814,nm6833072
tt10391814,nm9750986
tt10391816,nm6833072
tt10391816,nm9750986
tt10391818,nm6833072
tt10391818,nm9750986
tt10391820,nm6833072
tt10391820,nm9750986
tt10391822,nm6833072
tt10391822,nm9750986
tt10391824,nm6833072
tt10391824,nm9750986
tt10391826,nm6833072
tt10391826,nm9750986
tt10391828,nm6833072
tt10391828,nm9750986
tt10391830,nm6833072
tt10391830,nm9750986
tt10391834,nm6833072
tt10391834,nm9750986
tt10391836,nm6833072
tt10391836,nm9750986
tt10391844,nm6833072
tt10391844,nm9750986
tt10391846,nm6833072
tt10391846,nm9750986
tt10391848,nm6833072
tt10391848,nm9750986
tt10391850,nm6833072
tt10391850,nm9750986
tt10391852,nm6833072
tt10391852,nm9750986
tt10391854,nm6833072
tt10391854,nm9750986
tt10391856,nm6833072
tt10391856,nm9750986
tt10391860,nm6833072
tt10391860,nm9750986
tt10391864,nm6833072
tt10391864,nm9750986
tt10391866,nm6833072
tt10391866,nm9750986
tt10391868,nm6833072
tt10391868,nm9750986
tt10391870,nm6833072
tt10391870,nm9750986
tt10391872,nm6833072
tt10391872,nm9750986
tt10391874,nm6833072
tt10391874,nm9750986
tt10391876,nm6833072
tt10391876,nm9750986
tt10391880,nm6833072
tt10391880,nm9750986
tt10391882,nm6833072
tt10391882,nm9750986
tt10391884,nm6833072
tt10391884,nm9750986
tt10391886,nm6833072
tt10391886,nm9750986
tt10391888,nm6833072
tt10391888,nm9750986
tt10391980,nm7024329
tt10392048,nm10721012
tt10392068,nm10612265
tt10392138,nm10612265
tt10392160,nm10612265
tt10392162,nm0400686
tt10392218,nm10612265
tt10392222,nm10111863
tt10392234,nm10612265
tt10392248,nm10140658
tt10392250,nm10612265
tt10392280,nm10612265
tt10392350,nm7494728
tt10392356,nm10721137
tt10392384,nm10720436
tt10392388,nm10720553
tt10392460,nm9722056
tt10392488,nm4445925
tt10392490,nm1773796
tt10392494,nm1192857
tt10392542,nm10721216
tt10392556,nm9832081
tt10392566,nm10721228
tt10392590,nm7059833
tt10392606,nm10721242
tt10392636,nm9607013
tt10392636,nm9607014
tt10392640,nm10721252
tt10392644,nm9603806
tt10392648,nm6551884
tt10392658,nm10711828
tt10392666,nm7059833
tt10392704,nm3471640
tt10392720,nm1368149
tt10392724,nm1310874
tt10392740,nm8964123
tt10392742,nm8964123
tt10392744,nm8964123
tt10392746,nm8964123
tt10392748,nm8964123
tt10392750,nm8964123
tt10392752,nm8964123
tt10392756,nm8964123
tt10392764,nm10721380
tt10392800,nm10667756
tt10392804,nm10720506
tt10392844,nm9822512
tt10392886,nm10721461
tt10393004,nm10657837
tt10393006,nm9615744
tt10393028,nm3802165
tt10393128,nm9615744
tt10393184,nm5928283
tt10393268,nm10374390
tt10393268,nm6168641
tt10393268,nm6168642
tt10393278,nm10473592
tt10393310,nm7544131
tt10393316,nm10721739
tt10393328,nm6342217
tt10393336,nm10262694
tt10393336,nm8820028
tt10393356,nm10721784
tt10393390,nm5609600
tt10393406,nm5609600
tt10393408,nm5609600
tt10393412,nm3199951
tt10393416,nm5609600
tt10393436,nm9615744
tt10393494,nm10721853
tt10393656,nm5447285
tt10393658,nm1066313
tt10393660,nm5447285
tt10393662,nm9615744
tt10393670,nm9615744
tt10393692,nm10721977
tt10393694,nm9615744
tt10393696,nm5447285
tt10393698,nm9615744
tt10393702,nm6961399
tt10393706,nm6961399
tt10393708,nm6961399
tt10393710,nm6961399
tt10393712,nm6961399
tt10393714,nm6961399
tt10393716,nm6961399
tt10393718,nm6961399
tt10393720,nm6961399
tt10393722,nm6961399
tt10393754,nm1023473
tt10393754,nm3619134
tt10393758,nm10716428
tt10393768,nm10716428
tt10393776,nm10716428
tt10393790,nm10716428
tt10393798,nm10716428
tt10393802,nm5082751
tt10393810,nm2326842
tt10393822,nm7751545
tt10393844,nm10722052
tt10393846,nm0659380
tt10394030,nm8870590
tt10394104,nm4706247
tt10394144,nm9369167
tt10394198,nm10716517
tt10394212,nm4657579
tt10394222,nm4657579
tt10394258,nm4445925
tt10394262,nm5674845
tt10394278,nm10722229
tt10394312,nm10096779
tt10394318,nm10716517
tt10394330,nm10716517
tt10394334,nm8581321
tt10394340,nm10716517
tt10394348,nm10716517
tt10394450,nm10096779
tt10394498,nm1333040
tt10394504,nm6643261
tt10394510,nm1333040
tt10394518,nm6882478
tt10394520,nm1333040
tt10394540,nm10722412
tt10394554,nm10722439
tt10394572,nm10267433
tt10394610,nm10299727
tt10394614,nm3421204
tt10394630,nm5457637
tt10394650,nm1936500
tt10394662,nm0449323
tt10394764,nm1936500
tt10394776,nm10722548
tt10394784,nm7649970
tt10394854,nm3333242
tt10394868,nm10722607
tt10394870,nm4710574
tt10394880,nm4789251
tt10394910,nm9268416
tt10394930,nm3333242
tt10394974,nm10661808
tt10395010,nm10722691
tt10395046,nm6164555
tt10395052,nm10715308
tt10395056,nm10661808
tt10395124,nm10610774
tt10395294,nm10715308
tt10395648,nm6833072
tt10395648,nm9750986
tt10395650,nm6833072
tt10395650,nm9750986
tt10395652,nm6833072
tt10395652,nm9750986
tt10395654,nm6833072
tt10395654,nm9750986
tt10395656,nm6833072
tt10395656,nm9750986
tt10395658,nm6833072
tt10395658,nm9750986
tt10395660,nm6833072
tt10395660,nm9750986
tt10395662,nm6833072
tt10395662,nm9750986
tt10395664,nm6833072
tt10395664,nm9750986
tt10395666,nm6833072
tt10395666,nm9750986
tt10395668,nm6833072
tt10395668,nm9750986
tt10395670,nm6833072
tt10395670,nm9750986
tt10395672,nm9511885
tt10395674,nm6833072
tt10395674,nm9750986
tt10395676,nm6833072
tt10395676,nm9750986
tt10395680,nm6833072
tt10395680,nm9750986
tt10395682,nm6833072
tt10395682,nm9750986
tt10395686,nm6833072
tt10395686,nm9750986
tt10395688,nm6833072
tt10395688,nm9750986
tt10395690,nm6833072
tt10395690,nm9750986
tt10395692,nm6833072
tt10395692,nm9750986
tt10395694,nm10715308
tt10395698,nm6833072
tt10395698,nm9750986
tt10395700,nm6833072
tt10395700,nm9750986
tt10395702,nm6833072
tt10395702,nm9750986
tt10395704,nm6833072
tt10395704,nm9750986
tt10395708,nm6833072
tt10395708,nm9750986
tt10395712,nm6833072
tt10395712,nm9750986
tt10395716,nm6833072
tt10395716,nm9750986
tt10395720,nm6833072
tt10395720,nm9750986
tt10395722,nm6833072
tt10395722,nm9750986
tt10395724,nm6833072
tt10395724,nm9750986
tt10395726,nm6833072
tt10395726,nm9750986
tt10395728,nm6833072
tt10395728,nm9750986
tt10395730,nm6833072
tt10395730,nm9750986
tt10395732,nm6833072
tt10395732,nm9750986
tt10395734,nm6833072
tt10395734,nm9750986
tt10395736,nm6833072
tt10395736,nm9750986
tt10395738,nm6833072
tt10395738,nm9750986
tt10395740,nm6833072
tt10395740,nm9750986
tt10395742,nm6833072
tt10395742,nm9750986
tt10395744,nm6833072
tt10395744,nm9750986
tt10395746,nm6833072
tt10395746,nm9750986
tt10395750,nm6833072
tt10395750,nm9750986
tt10395752,nm6833072
tt10395752,nm9750986
tt10395754,nm6833072
tt10395754,nm9750986
tt10395756,nm6833072
tt10395756,nm9750986
tt10395758,nm6833072
tt10395758,nm9750986
tt10395760,nm6833072
tt10395760,nm9750986
tt10395762,nm6833072
tt10395762,nm9750986
tt10395764,nm6833072
tt10395764,nm9750986
tt10395766,nm6833072
tt10395766,nm9750986
tt10395770,nm6833072
tt10395770,nm9750986
tt10395772,nm6833072
tt10395772,nm9750986
tt10395774,nm6833072
tt10395774,nm9750986
tt10395776,nm6833072
tt10395776,nm9750986
tt10395778,nm6833072
tt10395778,nm9750986
tt10395780,nm6833072
tt10395780,nm9750986
tt10395782,nm6833072
tt10395782,nm9750986
tt10395784,nm6833072
tt10395784,nm9750986
tt10395786,nm6833072
tt10395786,nm9750986
tt10395788,nm6833072
tt10395788,nm9750986
tt10395792,nm6833072
tt10395792,nm9750986
tt10395794,nm6833072
tt10395794,nm9750986
tt10395796,nm6833072
tt10395796,nm9750986
tt10395798,nm6833072
tt10395798,nm9750986
tt10395800,nm6833072
tt10395800,nm9750986
tt10395802,nm6833072
tt10395802,nm9750986
tt10395804,nm6833072
tt10395804,nm9750986
tt10395806,nm6833072
tt10395806,nm9750986
tt10395808,nm6833072
tt10395808,nm9750986
tt10395810,nm6833072
tt10395810,nm9750986
tt10395812,nm6833072
tt10395812,nm9750986
tt10395814,nm6833072
tt10395814,nm9750986
tt10395816,nm6833072
tt10395816,nm9750986
tt10395820,nm6833072
tt10395820,nm9750986
tt10395822,nm6833072
tt10395822,nm9750986
tt10395824,nm6833072
tt10395824,nm9750986
tt10395828,nm6833072
tt10395828,nm9750986
tt10395830,nm6833072
tt10395830,nm9750986
tt10395832,nm6833072
tt10395832,nm9750986
tt10395834,nm6833072
tt10395834,nm9750986
tt10395836,nm6833072
tt10395836,nm9750986
tt10395838,nm6833072
tt10395838,nm9750986
tt10395840,nm6833072
tt10395840,nm9750986
tt10395842,nm6833072
tt10395842,nm9750986
tt10395844,nm6833072
tt10395844,nm9750986
tt10395846,nm6833072
tt10395846,nm9750986
tt10395848,nm6833072
tt10395848,nm9750986
tt10395850,nm6833072
tt10395850,nm9750986
tt10395856,nm6833072
tt10395856,nm9750986
tt10395858,nm6833072
tt10395858,nm9750986
tt10395860,nm6833072
tt10395860,nm9750986
tt10395862,nm6833072
tt10395862,nm9750986
tt10395864,nm6833072
tt10395864,nm9750986
tt10395868,nm6833072
tt10395868,nm9750986
tt10395870,nm6833072
tt10395870,nm9750986
tt10395872,nm6833072
tt10395872,nm9750986
tt10395874,nm6833072
tt10395874,nm9750986
tt10395876,nm6833072
tt10395876,nm9750986
tt10395878,nm6833072
tt10395878,nm9750986
tt10395880,nm6833072
tt10395880,nm9750986
tt10395882,nm6833072
tt10395882,nm9750986
tt10395884,nm6833072
tt10395884,nm9750986
tt10395886,nm6833072
tt10395886,nm9750986
tt10395888,nm6833072
tt10395888,nm9750986
tt10395890,nm6833072
tt10395890,nm9750986
tt10395892,nm6833072
tt10395892,nm9750986
tt10395896,nm6833072
tt10395896,nm9750986
tt10395898,nm6833072
tt10395898,nm9750986
tt10395900,nm6833072
tt10395900,nm9750986
tt10395902,nm6833072
tt10395902,nm9750986
tt10395904,nm6833072
tt10395904,nm9750986
tt10395906,nm6833072
tt10395906,nm9750986
tt10395910,nm6833072
tt10395910,nm9750986
tt10395912,nm6833072
tt10395912,nm9750986
tt10395916,nm8368022
tt10395934,nm8718255
tt10396048,nm9344034
tt10396048,nm9344583
tt10396114,nm9344034
tt10396240,nm8213447
tt10396240,nm8787778
tt10396242,nm8213447
tt10396242,nm8787778
tt10396244,nm8213447
tt10396244,nm8787778
tt10396248,nm8213447
tt10396248,nm8787778
tt10396250,nm8213447
tt10396250,nm8787778
tt10396254,nm8213447
tt10396254,nm8787778
tt10396256,nm8213447
tt10396256,nm8787778
tt10396258,nm8213447
tt10396258,nm8787778
tt10396262,nm8213447
tt10396262,nm8787778
tt10396264,nm8213447
tt10396264,nm8787778
tt10396266,nm8213447
tt10396266,nm8787778
tt10396270,nm8213447
tt10396270,nm8787778
tt10396272,nm8213447
tt10396272,nm8787778
tt10396274,nm8213447
tt10396274,nm8787778
tt10396276,nm8213447
tt10396276,nm8787778
tt10396278,nm8213447
tt10396278,nm8787778
tt10396280,nm8213447
tt10396280,nm8787778
tt10396282,nm8213447
tt10396282,nm8787778
tt10396284,nm8213447
tt10396284,nm8787778
tt10396286,nm8213447
tt10396286,nm8787778
tt10396406,nm3246845
tt10396408,nm3246845
tt10396410,nm3246845
tt10396412,nm3246845
tt10396414,nm3246845
tt10396416,nm3246845
tt10396418,nm3246845
tt10396420,nm3246845
tt10396422,nm3246845
tt10396426,nm3246845
tt10396428,nm3246845
tt10396430,nm3246845
tt10396432,nm3246845
tt10396434,nm3246845
tt10396436,nm3246845
tt10396440,nm3246845
tt10396442,nm3246845
tt10396444,nm3246845
tt10396446,nm3246845
tt10396452,nm3246845
tt10396456,nm3246845
tt10396458,nm3246845
tt10396460,nm3246845
tt10396462,nm3246845
tt10396466,nm3246845
tt10396468,nm12176576
tt10396468,nm3246845
tt10396470,nm3246845
tt10396472,nm3246845
tt10396474,nm3246845
tt10396478,nm3246845
tt10396482,nm5013061
tt10396484,nm5013061
tt10396488,nm5013061
tt10396492,nm5013061
tt10396494,nm5013061
tt10396496,nm5013061
tt10396498,nm5013061
tt10396500,nm5013061
tt10396502,nm5013061
tt10396504,nm5013061
tt10396506,nm5013061
tt10396508,nm5013061
tt10396510,nm5013061
tt10396512,nm5013061
tt10396516,nm4818426
tt10396520,nm5013061
tt10396522,nm5013061
tt10396524,nm5013061
tt10396528,nm5013061
tt10396530,nm5013061
tt10396532,nm5013061
tt10396672,nm7870411
tt10396674,nm7870411
tt10396676,nm7870411
tt10396682,nm7870411
tt10396686,nm7870411
tt10396688,nm7870411
tt10396690,nm7870411
tt10396692,nm7870411
tt10396694,nm7870411
tt10396696,nm7870411
tt10396700,nm7870411
tt10396704,nm7870411
tt10396706,nm7870411
tt10396710,nm7870411
tt10396712,nm7870411
tt10396716,nm7870411
tt10396718,nm7870411
tt10396722,nm7870411
tt10396728,nm7870411
tt10396734,nm7870411
tt10396744,nm2788669
tt10396744,nm3131807
tt10396744,nm6855655
tt10396746,nm2788669
tt10396746,nm3131807
tt10396746,nm6855655
tt10396748,nm2788669
tt10396748,nm3131807
tt10396748,nm6855655
tt10396750,nm2788669
tt10396750,nm3131807
tt10396750,nm6855655
tt10396752,nm2788669
tt10396752,nm3131807
tt10396752,nm6855655
tt10396758,nm2788669
tt10396758,nm3131807
tt10396758,nm6855655
tt10396760,nm2788669
tt10396760,nm3131807
tt10396760,nm6855655
tt10396762,nm2788669
tt10396762,nm3131807
tt10396762,nm6855655
tt10396766,nm2788669
tt10396766,nm3131807
tt10396766,nm6855655
tt10396772,nm2788669
tt10396772,nm3131807
tt10396772,nm6855655
tt10396774,nm2788669
tt10396774,nm3131807
tt10396774,nm6855655
tt10396778,nm2788669
tt10396778,nm3131807
tt10396778,nm6855655
tt10396782,nm2788669
tt10396782,nm3131807
tt10396782,nm6855655
tt10396786,nm2788669
tt10396786,nm3131807
tt10396786,nm6855655
tt10396790,nm2788669
tt10396790,nm3131807
tt10396790,nm6855655
tt10396794,nm2788669
tt10396794,nm3131807
tt10396794,nm6855655
tt10396796,nm2788669
tt10396796,nm3131807
tt10396796,nm6855655
tt10396798,nm2788669
tt10396798,nm3131807
tt10396798,nm6855655
tt10396802,nm2788669
tt10396802,nm3131807
tt10396802,nm6855655
tt10396804,nm2788669
tt10396804,nm3131807
tt10396804,nm6855655
tt10396840,nm9385702
tt10396900,nm10277031
tt10396900,nm10277032
tt10396936,nm10277031
tt10396936,nm10277032
tt10396986,nm10277031
tt10396986,nm10277032
tt10397028,nm10277031
tt10397028,nm10277032
tt10397056,nm10277031
tt10397056,nm10277032
tt10397084,nm10277031
tt10397084,nm10277032
tt10397472,nm10689265
tt10397616,nm10610774
tt10397680,nm10466382
tt10397680,nm3070533
tt10397690,nm10466382
tt10397690,nm3070533
tt10397694,nm10466382
tt10397694,nm3070533
tt10397698,nm10466382
tt10397698,nm3070533
tt10397708,nm5126917
tt10397710,nm10466382
tt10397710,nm3070533
tt10397714,nm10466382
tt10397714,nm3070533
tt10397718,nm10466382
tt10397718,nm3070533
tt10397722,nm10466382
tt10397722,nm3070533
tt10397724,nm10466382
tt10397724,nm3070533
tt10397726,nm10466382
tt10397726,nm3070533
tt10397730,nm10466382
tt10397730,nm3070533
tt10397732,nm10466382
tt10397732,nm3070533
tt10397738,nm10466382
tt10397738,nm3070533
tt10397742,nm10466382
tt10397742,nm3070533
tt10397748,nm5126917
tt10397754,nm10466382
tt10397754,nm3070533
tt10397756,nm10466382
tt10397756,nm3070533
tt10397758,nm10466382
tt10397758,nm3070533
tt10397830,nm2610241
tt10397850,nm10723539
tt10397850,nm2190681
tt10397906,nm3457090
tt10397938,nm0535743
tt10397952,nm10723654
tt10397958,nm10723690
tt10397962,nm10723697
tt10397966,nm5451255
tt10397970,nm10723728
tt10397976,nm10723730
tt10397998,nm10692192
tt10398026,nm0229221
tt10398030,nm10692192
tt10398062,nm10692192
tt10398128,nm10692192
tt10398140,nm1957010
tt10398154,nm10692192
tt10398174,nm10692192
tt10398186,nm10692192
tt10398190,nm10692192
tt10398196,nm5785582
tt10398202,nm10692192
tt10398208,nm10692192
tt10398210,nm1135863
tt10398236,nm5198036
tt10398242,nm10723892
tt10398244,nm7677455
tt10398248,nm0234196
tt10398254,nm0234196
tt10398258,nm0234196
tt10398260,nm0234196
tt10398264,nm10721395
tt10398266,nm0234196
tt10398270,nm0234196
tt10398272,nm0234196
tt10398286,nm4683793
tt10398356,nm2317803
tt10398388,nm10724042
tt10398418,nm9751463
tt10398444,nm0417370
tt10398460,nm0762773
tt10398482,nm1337374
tt10398492,nm1672085
tt10398512,nm1291828
tt10398516,nm7677455
tt10398532,nm8278029
tt10398540,nm0301515
tt10398542,nm6016074
tt10398570,nm9760246
tt10398582,nm0532702
tt10398630,nm2583024
tt10398648,nm10724131
tt10398654,nm1827621
tt10398662,nm2310852
tt10398676,nm1337374
tt10398684,nm1827621
tt10398686,nm0843844
tt10398708,nm2776753
tt10398710,nm9332147
tt10398716,nm1498358
tt10398720,nm0257563
tt10398764,nm0721351
tt10398796,nm6514684
tt10398884,nm3668614
tt10398888,nm3668614
tt10398894,nm3668614
tt10398902,nm3668614
tt10398906,nm3668614
tt10398908,nm3668614
tt10398918,nm8832846
tt10398932,nm10692218
tt10398936,nm0002677
tt10399000,nm0002677
tt10399002,nm10724364
tt10399210,nm10579510
tt10399324,nm2581334
tt10399326,nm6453323
tt10399356,nm10722056
tt10399388,nm10724621
tt10399474,nm6761986
tt10399500,nm8081747
tt10399502,nm1733028
tt10399512,nm9710540
tt10399526,nm1955542
tt10399594,nm3160523
tt10399696,nm2132347
tt10399736,nm8668808
tt10399754,nm5982417
tt10399794,nm7869994
tt10399824,nm9899817
tt10399830,nm3203063
tt10399872,nm10725060
tt10399884,nm3203063
tt10399896,nm10692192
tt10399908,nm10725084
tt10399930,nm10692192
tt10399944,nm1298152
tt10399946,nm5291201
tt10399974,nm6104316
tt10400144,nm1319499
tt10400164,nm1048559
tt10400212,nm5245081
tt10400330,nm5160867
tt10400364,nm0677892
tt10400666,nm2788669
tt10400666,nm3131807
tt10400666,nm6855655
tt10400668,nm2788669
tt10400668,nm3131807
tt10400668,nm6855655
tt10400670,nm2788669
tt10400670,nm3131807
tt10400670,nm6855655
tt10400672,nm2788669
tt10400672,nm3131807
tt10400672,nm6855655
tt10400674,nm2788669
tt10400674,nm3131807
tt10400674,nm6855655
tt10400676,nm2788669
tt10400676,nm3131807
tt10400676,nm6855655
tt10400680,nm2788669
tt10400680,nm3131807
tt10400680,nm6855655
tt10400682,nm2788669
tt10400682,nm3131807
tt10400682,nm6855655
tt10400684,nm2788669
tt10400684,nm3131807
tt10400684,nm6855655
tt10400686,nm2788669
tt10400686,nm3131807
tt10400686,nm6855655
tt10400690,nm2788669
tt10400690,nm3131807
tt10400690,nm6855655
tt10400692,nm2788669
tt10400692,nm3131807
tt10400692,nm6855655
tt10400694,nm2788669
tt10400694,nm3131807
tt10400694,nm6855655
tt10400696,nm2788669
tt10400696,nm3131807
tt10400696,nm6855655
tt10400698,nm2788669
tt10400698,nm3131807
tt10400698,nm6855655
tt10400700,nm2788669
tt10400700,nm3131807
tt10400700,nm6855655
tt10400702,nm2788669
tt10400702,nm3131807
tt10400702,nm6855655
tt10400704,nm2788669
tt10400704,nm3131807
tt10400704,nm6855655
tt10400706,nm2788669
tt10400706,nm3131807
tt10400706,nm6855655
tt10400708,nm2788669
tt10400708,nm3131807
tt10400708,nm6855655
tt10400710,nm7870411
tt10400712,nm7870411
tt10400714,nm7870411
tt10400716,nm7870411
tt10400718,nm7870411
tt10400720,nm7870411
tt10400722,nm7870411
tt10400724,nm7870411
tt10400726,nm7870411
tt10400728,nm7870411
tt10400730,nm7870411
tt10400732,nm7870411
tt10400734,nm7870411
tt10400736,nm7870411
tt10400738,nm7870411
tt10400740,nm7870411
tt10400742,nm7870411
tt10400744,nm7870411
tt10400746,nm7870411
tt10400748,nm7870411
tt10400818,nm5013061
tt10400820,nm5013061
tt10400824,nm5013061
tt10400826,nm5013061
tt10400830,nm5013061
tt10400832,nm5013061
tt10400834,nm5013061
tt10400836,nm5013061
tt10400838,nm5013061
tt10400840,nm5013061
tt10400842,nm5013061
tt10400844,nm5013061
tt10400846,nm5013061
tt10400848,nm5013061
tt10400850,nm5013061
tt10400852,nm5013061
tt10400854,nm5013061
tt10400856,nm5013061
tt10400858,nm5013061
tt10400860,nm5013061
tt10400868,nm3246845
tt10400872,nm3246845
tt10400874,nm3246845
tt10400876,nm3246845
tt10400878,nm3246845
tt10400884,nm3246845
tt10400890,nm3246845
tt10400892,nm3246845
tt10400894,nm3246845
tt10400898,nm3246845
tt10400900,nm3246845
tt10400902,nm3246845
tt10400904,nm3246845
tt10400906,nm3246845
tt10400908,nm3246845
tt10400912,nm3246845
tt10400916,nm3246845
tt10400918,nm3246845
tt10400922,nm3246845
tt10400924,nm3246845
tt10400926,nm3246845
tt10400928,nm3246845
tt10400932,nm3246845
tt10400936,nm3246845
tt10400938,nm3246845
tt10400940,nm3246845
tt10400942,nm3246845
tt10400948,nm3246845
tt10400962,nm3246845
tt10400964,nm3246845
tt10400966,nm3246845
tt10400968,nm3246845
tt10400970,nm3246845
tt10400972,nm3246845
tt10400974,nm3246845
tt10400976,nm3246845
tt10400980,nm3246845
tt10400984,nm3246845
tt10400986,nm3246845
tt10400988,nm3246845
tt10400992,nm3246845
tt10400994,nm3246845
tt10400996,nm3246845
tt10401000,nm3246845
tt10401006,nm3246845
tt10401010,nm3246845
tt10401012,nm3246845
tt10401014,nm3246845
tt10401040,nm6732021
tt10401168,nm8213447
tt10401168,nm8787778
tt10401170,nm8213447
tt10401170,nm8787778
tt10401174,nm8213447
tt10401174,nm8787778
tt10401176,nm8213447
tt10401176,nm8787778
tt10401178,nm8213447
tt10401178,nm8787778
tt10401180,nm8213447
tt10401180,nm8787778
tt10401182,nm8213447
tt10401182,nm8787778
tt10401186,nm8213447
tt10401186,nm8787778
tt10401190,nm8213447
tt10401190,nm8787778
tt10401196,nm8213447
tt10401196,nm8787778
tt10401198,nm8213447
tt10401198,nm8787778
tt10401200,nm8213447
tt10401200,nm8787778
tt10401204,nm8213447
tt10401204,nm8787778
tt10401206,nm8213447
tt10401206,nm8787778
tt10401208,nm8213447
tt10401208,nm8787778
tt10401210,nm8213447
tt10401210,nm8787778
tt10401212,nm8213447
tt10401212,nm8787778
tt10401214,nm8213447
tt10401214,nm8787778
tt10401216,nm8213447
tt10401216,nm8787778
tt10401218,nm8213447
tt10401218,nm8787778
tt10401222,nm8213447
tt10401222,nm8787778
tt10401224,nm8213447
tt10401224,nm8787778
tt10401226,nm8213447
tt10401226,nm8787778
tt10401228,nm8213447
tt10401228,nm8787778
tt10401236,nm3682728
tt10401296,nm10724473
tt10401300,nm1135795
tt10401304,nm3682728
tt10401326,nm6526939
tt10401346,nm8783950
tt10401392,nm1135795
tt10401402,nm6833072
tt10401402,nm9750986
tt10401404,nm6833072
tt10401404,nm9750986
tt10401406,nm6833072
tt10401406,nm9750986
tt10401412,nm6833072
tt10401412,nm9750986
tt10401414,nm6833072
tt10401414,nm9750986
tt10401418,nm6833072
tt10401418,nm9750986
tt10401420,nm6833072
tt10401420,nm9750986
tt10401422,nm6833072
tt10401422,nm9750986
tt10401424,nm6833072
tt10401424,nm9750986
tt10401426,nm6833072
tt10401426,nm9750986
tt10401428,nm6833072
tt10401428,nm9750986
tt10401430,nm6833072
tt10401430,nm9750986
tt10401432,nm6833072
tt10401432,nm9750986
tt10401434,nm6833072
tt10401434,nm9750986
tt10401436,nm6833072
tt10401436,nm9750986
tt10401438,nm6833072
tt10401438,nm9750986
tt10401440,nm6833072
tt10401440,nm9750986
tt10401444,nm6833072
tt10401444,nm9750986
tt10401446,nm6833072
tt10401446,nm9750986
tt10401450,nm6833072
tt10401450,nm9750986
tt10401452,nm6833072
tt10401452,nm9750986
tt10401454,nm6833072
tt10401454,nm9750986
tt10401458,nm6833072
tt10401458,nm9750986
tt10401460,nm6833072
tt10401460,nm9750986
tt10401462,nm6833072
tt10401462,nm9750986
tt10401464,nm6833072
tt10401464,nm9750986
tt10401470,nm6833072
tt10401470,nm9750986
tt10401472,nm6833072
tt10401472,nm9750986
tt10401474,nm6833072
tt10401474,nm9750986
tt10401476,nm6833072
tt10401476,nm9750986
tt10401480,nm6833072
tt10401480,nm9750986
tt10401482,nm6833072
tt10401482,nm9750986
tt10401484,nm6833072
tt10401484,nm9750986
tt10401486,nm6833072
tt10401486,nm9750986
tt10401488,nm6833072
tt10401488,nm9750986
tt10401490,nm6833072
tt10401490,nm9750986
tt10401492,nm6833072
tt10401492,nm9750986
tt10401494,nm6833072
tt10401494,nm9750986
tt10401496,nm6833072
tt10401496,nm9750986
tt10401500,nm6833072
tt10401500,nm9750986
tt10401504,nm6833072
tt10401504,nm9750986
tt10401506,nm0315535
tt10401508,nm6833072
tt10401508,nm9750986
tt10401512,nm6833072
tt10401512,nm9750986
tt10401514,nm6833072
tt10401514,nm9750986
tt10401516,nm6833072
tt10401516,nm9750986
tt10401518,nm1135795
tt10401520,nm6833072
tt10401520,nm9750986
tt10401522,nm6833072
tt10401522,nm9750986
tt10401524,nm6833072
tt10401524,nm9750986
tt10401526,nm6833072
tt10401526,nm9750986
tt10401528,nm6833072
tt10401528,nm9750986
tt10401530,nm6833072
tt10401530,nm9750986
tt10401532,nm6833072
tt10401532,nm9750986
tt10401534,nm6833072
tt10401534,nm9750986
tt10401536,nm6833072
tt10401536,nm9750986
tt10401538,nm6833072
tt10401538,nm9750986
tt10401540,nm6833072
tt10401540,nm9750986
tt10401542,nm6833072
tt10401542,nm9750986
tt10401544,nm6833072
tt10401544,nm9750986
tt10401546,nm6833072
tt10401546,nm9750986
tt10401548,nm6833072
tt10401548,nm9750986
tt10401550,nm6833072
tt10401550,nm9750986
tt10401554,nm6833072
tt10401554,nm9750986
tt10401558,nm6833072
tt10401558,nm9750986
tt10401560,nm6833072
tt10401560,nm9750986
tt10401562,nm6833072
tt10401562,nm9750986
tt10401564,nm6833072
tt10401564,nm9750986
tt10401566,nm6833072
tt10401566,nm9750986
tt10401568,nm6833072
tt10401568,nm9750986
tt10401570,nm6833072
tt10401570,nm9750986
tt10401574,nm6833072
tt10401574,nm9750986
tt10401576,nm6833072
tt10401576,nm9750986
tt10401578,nm6833072
tt10401578,nm9750986
tt10401580,nm6833072
tt10401580,nm9750986
tt10401582,nm6833072
tt10401582,nm9750986
tt10401584,nm6833072
tt10401584,nm9750986
tt10401588,nm6833072
tt10401588,nm9750986
tt10401590,nm6833072
tt10401590,nm9750986
tt10401592,nm6833072
tt10401592,nm9750986
tt10401594,nm6833072
tt10401594,nm9750986
tt10401596,nm6833072
tt10401596,nm9750986
tt10401598,nm6833072
tt10401598,nm9750986
tt10401602,nm6833072
tt10401602,nm9750986
tt10401606,nm6833072
tt10401606,nm9750986
tt10401608,nm6833072
tt10401608,nm9750986
tt10401610,nm6833072
tt10401610,nm9750986
tt10401612,nm6833072
tt10401612,nm9750986
tt10401614,nm6833072
tt10401614,nm9750986
tt10401616,nm6833072
tt10401616,nm9750986
tt10401618,nm6833072
tt10401618,nm9750986
tt10401626,nm6833072
tt10401626,nm9750986
tt10401628,nm6833072
tt10401628,nm9750986
tt10401630,nm6833072
tt10401630,nm9750986
tt10401632,nm6833072
tt10401632,nm9750986
tt10401634,nm6833072
tt10401634,nm9750986
tt10401636,nm6833072
tt10401636,nm9750986
tt10401640,nm6833072
tt10401640,nm9750986
tt10401642,nm6833072
tt10401642,nm9750986
tt10401644,nm6833072
tt10401644,nm9750986
tt10401646,nm6833072
tt10401646,nm9750986
tt10401648,nm6833072
tt10401648,nm9750986
tt10401650,nm6833072
tt10401650,nm9750986
tt10401652,nm6833072
tt10401652,nm9750986
tt10401782,nm1135795
tt10401840,nm1135795
tt10401880,nm1135795
tt10401908,nm1135795
tt10401912,nm1135795
tt10401920,nm5980324
tt10402216,nm1135795
tt10402242,nm9465822
tt10402248,nm1463531
tt10402248,nm3143001
tt10402248,nm6131577
tt10402248,nm7414892
tt10402318,nm5160867
tt10402320,nm6126949
tt10402352,nm5160867
tt10402374,nm5160867
tt10402392,nm5160867
tt10402484,nm5160867
tt10402490,nm5160867
tt10402560,nm10098361
tt10402572,nm10725766
tt10402648,nm2342442
tt10402736,nm5743322
tt10402738,nm7241954
tt10402766,nm1298267
tt10402856,nm10725970
tt10402876,nm10725983
tt10402878,nm1136398
tt10402898,nm8318101
tt10402940,nm8741635
tt10402940,nm8745421
tt10402940,nm8745422
tt10402940,nm8747066
tt10402940,nm8869324
tt10402972,nm10726026
tt10403002,nm8745422
tt10403002,nm8747065
tt10403070,nm8745421
tt10403070,nm8747066
tt10403092,nm2420471
tt10403112,nm6451384
tt10403168,nm10726126
tt10403168,nm3868446
tt10403186,nm10726139
tt10403212,nm10726149
tt10403212,nm2278559
tt10403218,nm7725038
tt10403396,nm10726284
tt10403442,nm10726309
tt10403452,nm4368568
tt10403464,nm2633415
tt10403466,nm8747065
tt10403474,nm6900318
tt10403476,nm2193710
tt10403490,nm8044470
tt10403492,nm3980226
tt10403508,nm10726392
tt10403508,nm4283867
tt10403596,nm2633415
tt10403650,nm2633415
tt10403676,nm3980226
tt10403762,nm7200037
tt10403762,nm8559061
tt10403836,nm10583634
tt10403876,nm10726511
tt10403886,nm10726538
tt10403902,nm2073875
tt10403918,nm2617770
tt10403932,nm1175767
tt10403938,nm2633415
tt10404030,nm8832846
tt10404040,nm8832846
tt10404072,nm8832846
tt10404096,nm8832846
tt10404126,nm2132347
tt10404164,nm9126200
tt10404180,nm6587580
tt10404208,nm10726864
tt10404208,nm10726867
tt10404228,nm0772905
tt10404258,nm2662166
tt10404286,nm3929819
tt10404298,nm10726955
tt10404300,nm2830843
tt10404306,nm0861014
tt10404306,nm1069179
tt10404310,nm10815244
tt10404356,nm7668240
tt10404356,nm7759989
tt10404374,nm3929819
tt10404386,nm4962632
tt10404388,nm4128683
tt10404392,nm9281295
tt10404422,nm9281295
tt10404434,nm10436793
tt10404434,nm10436800
tt10404434,nm10438680
tt10404434,nm10689964
tt10404434,nm10689969
tt10404434,nm10717520
tt10404434,nm10725163
tt10404434,nm10983290
tt10404434,nm11151046
tt10404434,nm11151047
tt10404434,nm11156918
tt10404434,nm11694501
tt10404434,nm11694623
tt10404434,nm11696777
tt10404434,nm11698175
tt10404458,nm3929819
tt10404528,nm1048559
tt10404558,nm10722056
tt10404576,nm3929819
tt10404580,nm7024329
tt10404598,nm3929819
tt10404604,nm3929819
tt10404608,nm3929819
tt10404612,nm3929819
tt10404614,nm3929819
tt10404616,nm3929819
tt10404618,nm3929819
tt10404620,nm3929819
tt10404622,nm3929819
tt10404624,nm3929819
tt10404626,nm10709452
tt10404628,nm3929819
tt10404634,nm3929819
tt10404642,nm3929819
tt10404646,nm3929819
tt10404648,nm3929819
tt10404650,nm3929819
tt10404654,nm3929819
tt10404662,nm3929819
tt10404666,nm3929819
tt10404670,nm3929819
tt10404674,nm3929819
tt10404676,nm3929819
tt10404678,nm1931306
tt10404680,nm3929819
tt10404684,nm3929819
tt10404686,nm3929819
tt10404688,nm11694501
tt10404692,nm3929819
tt10404696,nm3929819
tt10404702,nm4826957
tt10404704,nm3929819
tt10404708,nm3929819
tt10404716,nm3929819
tt10404718,nm3929819
tt10404720,nm3929819
tt10404722,nm3929819
tt10404730,nm3929819
tt10404734,nm3929819
tt10404738,nm3929819
tt10404744,nm3929819
tt10404748,nm11175277
tt10404754,nm3929819
tt10404756,nm11698175
tt10404758,nm3929819
tt10404786,nm10436793
tt10404798,nm0772905
tt10404804,nm6175053
tt10404916,nm0772905
tt10404918,nm1048559
tt10404934,nm0772905
tt10404942,nm0772905
tt10404966,nm6808332
tt10404974,nm1298152
tt10404996,nm9587596
tt10405008,nm0772905
tt10405028,nm0772905
tt10405032,nm10436793
tt10405054,nm10689964
tt10405056,nm0772905
tt10405068,nm1298152
tt10405106,nm12507172
tt10405132,nm1298152
tt10405158,nm10315814
tt10405158,nm10720342
tt10405158,nm10720343
tt10405158,nm9587596
tt10405168,nm12507172
tt10405172,nm0700167
tt10405174,nm6407490
tt10405214,nm6407490
tt10405226,nm7024329
tt10405272,nm6407490
tt10405288,nm4522362
tt10405346,nm4817756
tt10405374,nm2322952
tt10405374,nm4103188
tt10405642,nm2246660
tt10405680,nm10727646
tt10405696,nm0915739
tt10405736,nm2422587
tt10405778,nm10727672
tt10405826,nm4906548
tt10405892,nm8432817
tt10405908,nm10727693
tt10405954,nm2246660
tt10406008,nm2246660
tt10406010,nm0685289
tt10406042,nm2246660
tt10406086,nm0244617
tt10406094,nm2246660
tt10406132,nm2246660
tt10406136,nm1109731
tt10406148,nm1317917
tt10406284,nm4260051
tt10406290,nm6833072
tt10406290,nm9750986
tt10406292,nm6833072
tt10406292,nm9750986
tt10406294,nm6833072
tt10406294,nm9750986
tt10406296,nm6833072
tt10406296,nm9750986
tt10406298,nm6833072
tt10406298,nm9750986
tt10406300,nm6833072
tt10406300,nm9750986
tt10406302,nm6833072
tt10406302,nm9750986
tt10406304,nm6833072
tt10406304,nm9750986
tt10406306,nm6833072
tt10406306,nm9750986
tt10406310,nm6833072
tt10406310,nm9750986
tt10406314,nm6833072
tt10406314,nm9750986
tt10406316,nm6833072
tt10406316,nm9750986
tt10406318,nm6833072
tt10406318,nm9750986
tt10406320,nm6833072
tt10406320,nm9750986
tt10406322,nm6833072
tt10406322,nm9750986
tt10406324,nm6833072
tt10406324,nm9750986
tt10406328,nm6833072
tt10406328,nm9750986
tt10406330,nm6833072
tt10406330,nm9750986
tt10406332,nm6833072
tt10406332,nm9750986
tt10406334,nm6833072
tt10406334,nm9750986
tt10406338,nm6833072
tt10406338,nm9750986
tt10406340,nm6833072
tt10406340,nm9750986
tt10406342,nm6833072
tt10406342,nm9750986
tt10406344,nm6833072
tt10406344,nm9750986
tt10406348,nm6833072
tt10406348,nm9750986
tt10406350,nm6833072
tt10406350,nm9750986
tt10406352,nm6833072
tt10406352,nm9750986
tt10406354,nm6833072
tt10406354,nm9750986
tt10406356,nm6833072
tt10406356,nm9750986
tt10406358,nm6833072
tt10406358,nm9750986
tt10406362,nm6833072
tt10406362,nm9750986
tt10406364,nm6833072
tt10406364,nm9750986
tt10406366,nm6833072
tt10406366,nm9750986
tt10406368,nm6833072
tt10406368,nm9750986
tt10406370,nm6833072
tt10406370,nm9750986
tt10406372,nm6833072
tt10406372,nm9750986
tt10406376,nm6833072
tt10406376,nm9750986
tt10406378,nm6833072
tt10406378,nm9750986
tt10406380,nm6833072
tt10406380,nm9750986
tt10406382,nm6833072
tt10406382,nm9750986
tt10406384,nm10727843
tt10406390,nm0330722
tt10406404,nm6833072
tt10406404,nm9750986
tt10406406,nm6833072
tt10406406,nm9750986
tt10406408,nm6833072
tt10406408,nm9750986
tt10406412,nm6833072
tt10406412,nm9750986
tt10406414,nm6833072
tt10406414,nm9750986
tt10406418,nm6833072
tt10406418,nm9750986
tt10406430,nm6833072
tt10406430,nm9750986
tt10406432,nm6833072
tt10406432,nm9750986
tt10406434,nm6833072
tt10406434,nm9750986
tt10406436,nm6833072
tt10406436,nm9750986
tt10406438,nm6833072
tt10406438,nm9750986
tt10406442,nm6833072
tt10406442,nm9750986
tt10406444,nm6833072
tt10406444,nm9750986
tt10406446,nm6833072
tt10406446,nm9750986
tt10406448,nm6833072
tt10406448,nm9750986
tt10406450,nm6833072
tt10406450,nm9750986
tt10406452,nm6833072
tt10406452,nm9750986
tt10406454,nm6833072
tt10406454,nm9750986
tt10406460,nm10727858
tt10406462,nm6833072
tt10406462,nm9750986
tt10406464,nm6833072
tt10406464,nm9750986
tt10406468,nm6833072
tt10406468,nm9750986
tt10406470,nm6833072
tt10406470,nm9750986
tt10406472,nm6833072
tt10406472,nm9750986
tt10406474,nm6833072
tt10406474,nm9750986
tt10406478,nm6833072
tt10406478,nm9750986
tt10406480,nm6833072
tt10406480,nm9750986
tt10406482,nm6833072
tt10406482,nm9750986
tt10406486,nm6833072
tt10406486,nm9750986
tt10406488,nm6833072
tt10406488,nm9750986
tt10406490,nm6833072
tt10406490,nm9750986
tt10406492,nm6833072
tt10406492,nm9750986
tt10406494,nm6833072
tt10406494,nm9750986
tt10406496,nm6833072
tt10406496,nm9750986
tt10406498,nm6833072
tt10406498,nm9750986
tt10406500,nm6833072
tt10406500,nm9750986
tt10406502,nm6833072
tt10406502,nm9750986
tt10406504,nm6833072
tt10406504,nm9750986
tt10406510,nm10436264
tt10406518,nm0915739
tt10406554,nm1453473
tt10406782,nm5013061
tt10406784,nm5013061
tt10406786,nm5013061
tt10406788,nm5013061
tt10406794,nm5013061
tt10406796,nm5013061
tt10406800,nm5013061
tt10406802,nm5013061
tt10406806,nm5013061
tt10406810,nm5013061
tt10406812,nm5013061
tt10406814,nm5013061
tt10406816,nm5013061
tt10406818,nm5013061
tt10406820,nm5013061
tt10406822,nm5013061
tt10406828,nm5013061
tt10406830,nm5013061
tt10406832,nm5013061
tt10406834,nm5013061
tt10406858,nm7870411
tt10406862,nm7870411
tt10406866,nm7870411
tt10406868,nm7870411
tt10406872,nm7870411
tt10406874,nm7870411
tt10406878,nm7870411
tt10406880,nm7870411
tt10406884,nm7870411
tt10406886,nm7870411
tt10406888,nm7870411
tt10406890,nm7870411
tt10406894,nm7870411
tt10406896,nm7870411
tt10406898,nm7870411
tt10406900,nm7870411
tt10406902,nm7870411
tt10406904,nm7870411
tt10406906,nm7870411
tt10406910,nm7870411
tt10406916,nm2788669
tt10406916,nm3131807
tt10406916,nm6855655
tt10406920,nm2788669
tt10406920,nm3131807
tt10406920,nm6855655
tt10406922,nm2788669
tt10406922,nm3131807
tt10406922,nm6855655
tt10406924,nm2788669
tt10406924,nm3131807
tt10406924,nm6855655
tt10406926,nm2788669
tt10406926,nm3131807
tt10406926,nm6855655
tt10406928,nm2788669
tt10406928,nm3131807
tt10406928,nm6855655
tt10406930,nm2788669
tt10406930,nm3131807
tt10406930,nm6855655
tt10406936,nm2788669
tt10406936,nm3131807
tt10406936,nm6855655
tt10406938,nm2788669
tt10406938,nm3131807
tt10406938,nm6855655
tt10406942,nm2788669
tt10406942,nm3131807
tt10406942,nm6855655
tt10406944,nm2788669
tt10406944,nm3131807
tt10406944,nm6855655
tt10406946,nm2788669
tt10406946,nm3131807
tt10406946,nm6855655
tt10406950,nm2788669
tt10406950,nm3131807
tt10406950,nm6855655
tt10406952,nm2788669
tt10406952,nm3131807
tt10406952,nm6855655
tt10406954,nm2788669
tt10406954,nm3131807
tt10406954,nm6855655
tt10406956,nm2788669
tt10406956,nm3131807
tt10406956,nm6855655
tt10406958,nm2788669
tt10406958,nm3131807
tt10406958,nm6855655
tt10406960,nm2788669
tt10406960,nm3131807
tt10406960,nm6855655
tt10406964,nm2788669
tt10406964,nm3131807
tt10406964,nm6855655
tt10406972,nm7024329
tt10407388,nm1999077
tt10407416,nm10726622
tt10407502,nm10728021
tt10407502,nm10728022
tt10407502,nm10728023
tt10407502,nm10728024
tt10407502,nm10728025
tt10407502,nm5109944
tt10407592,nm1202980
tt10407592,nm5921291
tt10407592,nm8669327
tt10407596,nm0673135
tt10407604,nm1202980
tt10407604,nm5921291
tt10407604,nm8669327
tt10407608,nm1202980
tt10407608,nm5921291
tt10407608,nm8669327
tt10407612,nm8669327
tt10407616,nm8669327
tt10407618,nm8669327
tt10407620,nm8669327
tt10407622,nm8669327
tt10407624,nm8669327
tt10407626,nm8669327
tt10407694,nm2633415
tt10407734,nm2633415
tt10407776,nm4176058
tt10407784,nm2633415
tt10407824,nm3109349
tt10407824,nm6002369
tt10407880,nm10728268
tt10407886,nm4673303
tt10407898,nm0838564
tt10407920,nm2633415
tt10407944,nm2633415
tt10407984,nm2633415
tt10408016,nm5751507
tt10408026,nm7226770
tt10408044,nm10726392
tt10408086,nm7067676
tt10408132,nm10704805
tt10408164,nm10726622
tt10408182,nm2670093
tt10408208,nm2796891
tt10408220,nm4138471
tt10408220,nm7694931
tt10408238,nm10704805
tt10408244,nm10728488
tt10408278,nm6917192
tt10408298,nm5692422
tt10408300,nm10704805
tt10408346,nm0041790
tt10408380,nm10102770
tt10408400,nm10728610
tt10408410,nm10102770
tt10408416,nm10102770
tt10408424,nm1875205
tt10408438,nm10728655
tt10408452,nm10102766
tt10408482,nm10116588
tt10408536,nm10102766
tt10408580,nm10102766
tt10408626,nm10102766
tt10408656,nm10728740
tt10408704,nm0450294
tt10408704,nm6266219
tt10408756,nm1180915
tt10408756,nm2849107
tt10408756,nm4282022
tt10408756,nm7260861
tt10408806,nm5319906
tt10408810,nm10499895
tt10408810,nm11909982
tt10408840,nm10609893
tt10409004,nm7518657
tt10409004,nm8139688
tt10409054,nm7518657
tt10409054,nm8139688
tt10409096,nm10274670
tt10409096,nm10289890
tt10409098,nm10274670
tt10409098,nm10289890
tt10409206,nm10727993
tt10409214,nm3707638
tt10409220,nm1999077
tt10409224,nm9279451
tt10409228,nm7906338
tt10409240,nm0253628
tt10409244,nm7906338
tt10409250,nm6420639
tt10409252,nm10727993
tt10409260,nm10727993
tt10409274,nm1529175
tt10409304,nm10686198
tt10409316,nm7688801
tt10409348,nm10816171
tt10409348,nm4029254
tt10409362,nm7626229
tt10409446,nm9240102
tt10409502,nm9240102
tt10409508,nm9240102
tt10409512,nm9873948
tt10409514,nm9240102
tt10409520,nm9240102
tt10409524,nm9240102
tt10409526,nm9240102
tt10409530,nm9240102
tt10409532,nm9240102
tt10409534,nm9240102
tt10409562,nm9499287
tt10409610,nm10729412
tt10409628,nm2332369
tt10409656,nm1918974
tt10409686,nm10748171
tt10409708,nm7439309
tt10409720,nm9385702
tt10409742,nm0493948
tt10409744,nm6898138
tt10409784,nm10729570
tt10409796,nm10729578
tt10409826,nm2068121
tt10409882,nm6580949
tt10409884,nm10729626
tt10409922,nm10729647
tt10409922,nm10729648
tt10409994,nm6881120
tt10410022,nm2704460
tt10410022,nm2968847
tt10410022,nm5930540
tt10410046,nm10725591
tt10410084,nm8054970
tt10410124,nm3203063
tt10410204,nm7024329
tt10410210,nm7024329
tt10410216,nm7024329
tt10410232,nm3203063
tt10410242,nm10696475
tt10410294,nm3203063
tt10410322,nm2085571
tt10410322,nm3662506
tt10410326,nm0594158
tt10410330,nm10729930
tt10410340,nm8747064
tt10410342,nm3203063
tt10410344,nm10717520
tt10410350,nm8097832
tt10410356,nm11151046
tt10410400,nm3159202
tt10410400,nm6437724
tt10410400,nm7002869
tt10410404,nm1048559
tt10410410,nm10729626
tt10410462,nm10730042
tt10410462,nm6437724
tt10410518,nm10730083
tt10410566,nm1465047
tt10410574,nm1465047
tt10410618,nm1465047
tt10410654,nm1465047
tt10410670,nm8669327
tt10410672,nm8669327
tt10410674,nm8669327
tt10410678,nm8669327
tt10410680,nm8669327
tt10410682,nm8669327
tt10410684,nm8669327
tt10410692,nm8669327
tt10410694,nm8669327
tt10410696,nm8669327
tt10410700,nm8669327
tt10410702,nm8669327
tt10410704,nm8669327
tt10410706,nm8669327
tt10410708,nm8669327
tt10410712,nm8669327
tt10410714,nm8669327
tt10410716,nm8669327
tt10410720,nm1465047
tt10410724,nm1465047
tt10410726,nm1202980
tt10410726,nm5921291
tt10410726,nm8669327
tt10410728,nm1202980
tt10410728,nm5921291
tt10410728,nm8669327
tt10410730,nm1202980
tt10410730,nm5921291
tt10410730,nm8669327
tt10410732,nm1202980
tt10410732,nm5921291
tt10410732,nm8669327
tt10410736,nm1202980
tt10410736,nm5921291
tt10410736,nm8669327
tt10410740,nm1202980
tt10410740,nm5921291
tt10410740,nm8669327
tt10410742,nm1202980
tt10410742,nm5921291
tt10410742,nm8669327
tt10410744,nm1202980
tt10410744,nm5921291
tt10410744,nm8669327
tt10410746,nm1465047
tt10410750,nm1202980
tt10410750,nm5921291
tt10410750,nm8669327
tt10410754,nm1202980
tt10410754,nm5921291
tt10410754,nm8669327
tt10410756,nm1202980
tt10410756,nm5921291
tt10410756,nm8669327
tt10410758,nm1202980
tt10410758,nm5921291
tt10410758,nm8669327
tt10410760,nm1202980
tt10410760,nm5921291
tt10410760,nm8669327
tt10410764,nm1202980
tt10410764,nm5921291
tt10410764,nm8669327
tt10410766,nm1202980
tt10410766,nm5921291
tt10410766,nm8669327
tt10410768,nm1202980
tt10410768,nm5921291
tt10410768,nm8669327
tt10410770,nm1202980
tt10410770,nm5921291
tt10410770,nm8669327
tt10410772,nm1202980
tt10410772,nm5921291
tt10410772,nm8669327
tt10410774,nm1202980
tt10410774,nm5921291
tt10410774,nm8669327
tt10410776,nm1202980
tt10410776,nm5921291
tt10410776,nm8669327
tt10410844,nm7678451
tt10410850,nm4050105
tt10410850,nm5642906
tt10410856,nm10730181
tt10411034,nm9713694
tt10411040,nm5863990
tt10411260,nm10730271
tt10411334,nm0762741
tt10411348,nm1858453
tt10411418,nm7870411
tt10411422,nm7870411
tt10411424,nm7870411
tt10411426,nm7870411
tt10411428,nm7870411
tt10411430,nm7870411
tt10411432,nm7870411
tt10411434,nm7870411
tt10411436,nm7870411
tt10411440,nm7870411
tt10411442,nm7870411
tt10411444,nm7870411
tt10411446,nm7870411
tt10411448,nm7870411
tt10411452,nm7870411
tt10411454,nm7870411
tt10411456,nm7870411
tt10411458,nm7870411
tt10411460,nm7870411
tt10411472,nm5013061
tt10411474,nm5013061
tt10411476,nm5013061
tt10411478,nm5013061
tt10411480,nm5013061
tt10411482,nm5013061
tt10411486,nm5013061
tt10411488,nm5013061
tt10411494,nm5013061
tt10411496,nm1858453
tt10411498,nm5013061
tt10411500,nm5013061
tt10411502,nm5013061
tt10411506,nm5013061
tt10411508,nm5013061
tt10411510,nm5013061
tt10411512,nm5013061
tt10411664,nm2332369
tt10411702,nm1473883
tt10411708,nm0602370
tt10411710,nm10748171
tt10411712,nm5807018
tt10411724,nm6833072
tt10411724,nm9750986
tt10411726,nm6833072
tt10411726,nm9750986
tt10411728,nm6833072
tt10411728,nm9750986
tt10411730,nm6833072
tt10411730,nm9750986
tt10411732,nm6833072
tt10411732,nm9750986
tt10411734,nm6833072
tt10411734,nm9750986
tt10411736,nm6833072
tt10411736,nm9750986
tt10411740,nm6833072
tt10411740,nm9750986
tt10411742,nm6833072
tt10411742,nm9750986
tt10411744,nm6833072
tt10411744,nm9750986
tt10411746,nm6833072
tt10411746,nm9750986
tt10411748,nm6833072
tt10411748,nm9750986
tt10411750,nm6833072
tt10411750,nm9750986
tt10411752,nm6833072
tt10411752,nm9750986
tt10411754,nm6833072
tt10411754,nm9750986
tt10411756,nm6833072
tt10411756,nm9750986
tt10411758,nm6833072
tt10411758,nm9750986
tt10411760,nm6833072
tt10411760,nm9750986
tt10411762,nm6833072
tt10411762,nm9750986
tt10411764,nm6833072
tt10411764,nm9750986
tt10411768,nm6833072
tt10411768,nm9750986
tt10411770,nm6833072
tt10411770,nm9750986
tt10411774,nm6833072
tt10411774,nm9750986
tt10411776,nm6833072
tt10411776,nm9750986
tt10411800,nm6833072
tt10411800,nm9750986
tt10411802,nm6833072
tt10411802,nm9750986
tt10411804,nm6833072
tt10411804,nm9750986
tt10411806,nm6833072
tt10411806,nm9750986
tt10411808,nm6833072
tt10411808,nm9750986
tt10411812,nm6833072
tt10411812,nm9750986
tt10411816,nm6833072
tt10411816,nm9750986
tt10411818,nm6833072
tt10411818,nm9750986
tt10411824,nm6833072
tt10411824,nm9750986
tt10411826,nm6833072
tt10411826,nm9750986
tt10411828,nm6833072
tt10411828,nm9750986
tt10411830,nm6833072
tt10411830,nm9750986
tt10411832,nm6833072
tt10411832,nm9750986
tt10411834,nm6833072
tt10411834,nm9750986
tt10411836,nm6833072
tt10411836,nm9750986
tt10411838,nm6833072
tt10411838,nm9750986
tt10411840,nm6833072
tt10411840,nm9750986
tt10411842,nm6833072
tt10411842,nm9750986
tt10411844,nm6833072
tt10411844,nm9750986
tt10411846,nm6833072
tt10411846,nm9750986
tt10411852,nm10730493
tt10411878,nm10730505
tt10411954,nm0362799
tt10412060,nm0320015
tt10412082,nm0320015
tt10412130,nm0320015
tt10412638,nm10725591
tt10412726,nm8589019
tt10412850,nm8589019
tt10412874,nm10730659
tt10412916,nm0320015
tt10412922,nm0320015
tt10412924,nm0320015
tt10412930,nm0320015
tt10412932,nm0320015
tt10412934,nm0320015
tt10412944,nm9243808
tt10412946,nm0320015
tt10412948,nm3159202
tt10412948,nm6437724
tt10412948,nm7002869
tt10412954,nm9243808
tt10412960,nm9243808
tt10412966,nm9243808
tt10412970,nm9243808
tt10412976,nm9243808
tt10412980,nm10730703
tt10412982,nm9243808
tt10412988,nm9243808
tt10413038,nm4895516
tt10413072,nm3159202
tt10413072,nm6437724
tt10413072,nm7002869
tt10413074,nm2109108
tt10413078,nm3159202
tt10413078,nm6437724
tt10413078,nm7002869
tt10413082,nm3159202
tt10413082,nm6437724
tt10413082,nm7002869
tt10413086,nm2109108
tt10413088,nm3159202
tt10413088,nm6437724
tt10413088,nm7002869
tt10413090,nm3159202
tt10413090,nm6437724
tt10413090,nm7002869
tt10413100,nm2109108
tt10413112,nm2109108
tt10413116,nm2109108
tt10413122,nm2109108
tt10413132,nm2109108
tt10413134,nm10730847
tt10413144,nm9055922
tt10413164,nm9314750
tt10413166,nm1870695
tt10413176,nm6798392
tt10413186,nm7518657
tt10413186,nm8139688
tt10413222,nm5147417
tt10413246,nm5324064
tt10413268,nm10049535
tt10413282,nm7414892
tt10413294,nm7082511
tt10413392,nm5648154
tt10413412,nm5696161
tt10413436,nm2332233
tt10413440,nm2332233
tt10413466,nm10731067
tt10413474,nm10726538
tt10413496,nm5147417
tt10413518,nm4142187
tt10413540,nm9837809
tt10413612,nm10137892
tt10413612,nm10220931
tt10413612,nm10731184
tt10413612,nm10731185
tt10413612,nm10731186
tt10413612,nm10731187
tt10413612,nm10731188
tt10413612,nm10731189
tt10413612,nm10731190
tt10413612,nm6557956
tt10413638,nm9837819
tt10413642,nm9499287
tt10413704,nm10731296
tt10413704,nm10731298
tt10413708,nm10731296
tt10413708,nm10731298
tt10413774,nm10731391
tt10413778,nm8762309
tt10413806,nm3228807
tt10413842,nm10731439
tt10413874,nm8492410
tt10413898,nm9840545
tt10413918,nm10731597
tt10413930,nm2767472
tt10413930,nm9689285
tt10414010,nm4489994
tt10414036,nm10731637
tt10414058,nm9779278
tt10414114,nm7518657
tt10414114,nm8139688
tt10414182,nm7518657
tt10414182,nm8139688
tt10414284,nm8435878
tt10414468,nm10731711
tt10414468,nm9402744
tt10414526,nm7518657
tt10414526,nm8139688
tt10414532,nm0444271
tt10414598,nm6650506
tt10414606,nm6208424
tt10414606,nm8470448
tt10414674,nm0996767
tt10414682,nm8435878
tt10414734,nm5043358
tt10414736,nm9136068
tt10414742,nm10727060
tt10414812,nm2878167
tt10414836,nm10731975
tt10414888,nm5924059
tt10414890,nm0861014
tt10414894,nm1069179
tt10414896,nm10262549
tt10414896,nm1080646
tt10414910,nm4157384
tt10414910,nm4402629
tt10414912,nm10732056
tt10414918,nm10732061
tt10414930,nm10262549
tt10414930,nm1080646
tt10415016,nm10262549
tt10415016,nm1080646
tt10415064,nm10262549
tt10415064,nm1080646
tt10415072,nm8435878
tt10415106,nm10262549
tt10415106,nm1080646
tt10415170,nm1048559
tt10415200,nm6755835
tt10415200,nm7287145
tt10415204,nm6755835
tt10415204,nm7287145
tt10415206,nm6755835
tt10415206,nm7287145
tt10415210,nm6755835
tt10415210,nm7287145
tt10415214,nm6755835
tt10415214,nm7287145
tt10415216,nm6755835
tt10415216,nm7287145
tt10415218,nm6755835
tt10415218,nm7287145
tt10415222,nm6755835
tt10415222,nm7287145
tt10415226,nm6755835
tt10415226,nm7287145
tt10415228,nm6755835
tt10415228,nm7287145
tt10415230,nm6755835
tt10415230,nm7287145
tt10415232,nm6755835
tt10415232,nm7287145
tt10415234,nm6755835
tt10415234,nm7287145
tt10415238,nm6755835
tt10415238,nm7287145
tt10415246,nm10732174
tt10415248,nm2332369
tt10415278,nm7199379
tt10415294,nm2332369
tt10415296,nm10656809
tt10415298,nm5069997
tt10415310,nm5605726
tt10415334,nm2450132
tt10415342,nm4808632
tt10415344,nm10656809
tt10415366,nm10732313
tt10415366,nm10732314
tt10415366,nm8666457
tt10415370,nm0608289
tt10415372,nm10732322
tt10415382,nm1441982
tt10415400,nm1247706
tt10415404,nm7199379
tt10415406,nm2115567
tt10415456,nm0343233
tt10415486,nm8153936
tt10415502,nm10732175
tt10415506,nm10731975
tt10415508,nm10732434
tt10415512,nm10732436
tt10415526,nm10732482
tt10415570,nm10315814
tt10415578,nm10315814
tt10415586,nm7765381
tt10415586,nm9060868
tt10415612,nm10315814
tt10415662,nm10315814
tt10415662,nm10720342
tt10415662,nm10720343
tt10415702,nm10730505
tt10415714,nm10732610
tt10415732,nm1048559
tt10415842,nm3290645
tt10416076,nm0854922
tt10416220,nm10732710
tt10416308,nm6833072
tt10416308,nm9750986
tt10416310,nm6833072
tt10416310,nm9750986
tt10416312,nm6833072
tt10416312,nm9750986
tt10416314,nm6833072
tt10416314,nm9750986
tt10416316,nm6833072
tt10416316,nm9750986
tt10416318,nm6833072
tt10416318,nm9750986
tt10416320,nm6833072
tt10416320,nm9750986
tt10416322,nm6833072
tt10416322,nm9750986
tt10416328,nm6833072
tt10416328,nm9750986
tt10416330,nm6833072
tt10416330,nm9750986
tt10416332,nm6833072
tt10416332,nm9750986
tt10416334,nm6833072
tt10416334,nm9750986
tt10416336,nm6833072
tt10416336,nm9750986
tt10416338,nm6833072
tt10416338,nm9750986
tt10416340,nm6833072
tt10416340,nm9750986
tt10416342,nm6833072
tt10416342,nm9750986
tt10416344,nm6833072
tt10416344,nm9750986
tt10416346,nm6833072
tt10416346,nm9750986
tt10416348,nm6833072
tt10416348,nm9750986
tt10416352,nm6833072
tt10416352,nm9750986
tt10416368,nm10730703
tt10416412,nm10732727
tt10416660,nm10730271
tt10416808,nm10730271
tt10416946,nm10018677
tt10416954,nm1202980
tt10416954,nm5921291
tt10416954,nm8669327
tt10416956,nm1202980
tt10416956,nm5921291
tt10416956,nm8669327
tt10416958,nm1202980
tt10416958,nm5921291
tt10416958,nm8669327
tt10416960,nm1202980
tt10416960,nm5921291
tt10416960,nm8669327
tt10416964,nm1202980
tt10416964,nm5921291
tt10416964,nm8669327
tt10416968,nm1202980
tt10416968,nm5921291
tt10416968,nm8669327
tt10416970,nm1202980
tt10416970,nm5921291
tt10416970,nm8669327
tt10416974,nm1202980
tt10416974,nm5921291
tt10416974,nm8669327
tt10416976,nm1202980
tt10416976,nm5921291
tt10416976,nm8669327
tt10416978,nm1202980
tt10416978,nm5921291
tt10416978,nm8669327
tt10416980,nm1202980
tt10416980,nm5921291
tt10416980,nm8669327
tt10416982,nm1202980
tt10416982,nm5921291
tt10416982,nm8669327
tt10416984,nm1202980
tt10416984,nm5921291
tt10416984,nm8669327
tt10416986,nm1202980
tt10416986,nm5921291
tt10416986,nm8669327
tt10416988,nm1202980
tt10416988,nm5921291
tt10416988,nm8669327
tt10416990,nm1202980
tt10416990,nm5921291
tt10416990,nm8669327
tt10416992,nm1202980
tt10416992,nm5921291
tt10416992,nm8669327
tt10416994,nm1202980
tt10416994,nm5921291
tt10416994,nm8669327
tt10416996,nm1202980
tt10416996,nm5921291
tt10416996,nm8669327
tt10416998,nm1202980
tt10416998,nm5921291
tt10416998,nm8669327
tt10417000,nm8669327
tt10417002,nm8669327
tt10417004,nm8669327
tt10417008,nm8669327
tt10417012,nm8669327
tt10417014,nm8669327
tt10417016,nm8669327
tt10417018,nm8669327
tt10417020,nm8669327
tt10417022,nm8669327
tt10417024,nm8669327
tt10417026,nm8669327
tt10417028,nm8669327
tt10417030,nm8669327
tt10417032,nm8669327
tt10417034,nm8669327
tt10417036,nm8669327
tt10417038,nm8669327
tt10417042,nm8669327
tt10417046,nm8669327
tt10417072,nm8849609
tt10417100,nm6553794
tt10417304,nm10732904
tt10417424,nm5199144
tt10417428,nm10729570
tt10417452,nm2163219
tt10417468,nm10732996
tt10417476,nm2163219
tt10417480,nm8847914
tt10417508,nm10730703
tt10417518,nm4299707
tt10417522,nm2163219
tt10417546,nm2163219
tt10417546,nm4299707
tt10417550,nm2163219
tt10417550,nm4299707
tt10417574,nm4299707
tt10417576,nm2163219
tt10417584,nm4254419
tt10417588,nm4299707
tt10417594,nm4299707
tt10417602,nm4254419
tt10417608,nm10656024
tt10417624,nm2749074
tt10417644,nm4254419
tt10417646,nm2163219
tt10417656,nm4254419
tt10417666,nm10733182
tt10417678,nm10733186
tt10417708,nm3171782
tt10417718,nm5874064
tt10417728,nm5874064
tt10417736,nm1745936
tt10417758,nm10731975
tt10417824,nm7649424
tt10417832,nm2163219
tt10417838,nm4299707
tt10417848,nm0905343
tt10417850,nm10473592
tt10417852,nm2163219
tt10417854,nm10733330
tt10417862,nm4299707
tt10417898,nm5017352
tt10417922,nm3932383
tt10417946,nm1139742
tt10417948,nm10733476
tt10418012,nm10733575
tt10418024,nm10726392
tt10418032,nm4201458
tt10418034,nm3256264
tt10418046,nm8238788
tt10418050,nm5212051
tt10418176,nm7721393
tt10418242,nm10733728
tt10418294,nm9844291
tt10418336,nm10698281
tt10418386,nm2534923
tt10418432,nm3687037
tt10418560,nm10733938
tt10418622,nm10733938
tt10418668,nm3234776
tt10418700,nm10733938
tt10418706,nm10733938
tt10418712,nm10733938
tt10418714,nm10734047
tt10418718,nm10733938
tt10418720,nm10733938
tt10418722,nm10733938
tt10418726,nm10733938
tt10418728,nm10315814
tt10418730,nm10315814
tt10418732,nm10315814
tt10418732,nm10720342
tt10418742,nm3234776
tt10418756,nm1963164
tt10418762,nm1947502
tt10418774,nm9587596
tt10418778,nm10720342
tt10418790,nm10733938
tt10418792,nm10733938
tt10418794,nm10720342
tt10418796,nm10733938
tt10418798,nm10733938
tt10418800,nm10315814
tt10418802,nm10733938
tt10418804,nm9587596
tt10418806,nm10733938
tt10418810,nm10733938
tt10418812,nm10733938
tt10418814,nm9587596
tt10418820,nm10733938
tt10418822,nm10733938
tt10418824,nm9587596
tt10418826,nm10733938
tt10418828,nm10733938
tt10418860,nm10734382
tt10418870,nm9587596
tt10418876,nm9587596
tt10418902,nm9587596
tt10418910,nm9587596
tt10418918,nm9587596
tt10418922,nm9587596
tt10418950,nm9587596
tt10418962,nm9587596
tt10418964,nm0905343
tt10418964,nm1189869
tt10418968,nm0905343
tt10418970,nm1189869
tt10419004,nm10734210
tt10419060,nm10734156
tt10419086,nm10734219
tt10419090,nm2837743
tt10419220,nm8162611
tt10419230,nm3258280
tt10419238,nm4191750
tt10419238,nm8251794
tt10419240,nm7791684
tt10419372,nm7890310
tt10419382,nm7890310
tt10419394,nm7890310
tt10419398,nm10734406
tt10419402,nm4700336
tt10419408,nm7890310
tt10419412,nm10734406
tt10419416,nm7890310
tt10419428,nm7890310
tt10419432,nm7199643
tt10419434,nm7890310
tt10419440,nm7890310
tt10419454,nm7890310
tt10419492,nm7890310
tt10419494,nm7199643
tt10419496,nm7890310
tt10419512,nm7890310
tt10419516,nm4442246
tt10419526,nm6455599
tt10419528,nm7890310
tt10419538,nm4442246
tt10419568,nm10734623
tt10419600,nm10734230
tt10419654,nm10734696
tt10419700,nm10734753
tt10419720,nm10734786
tt10419974,nm10734824
tt10420072,nm8669327
tt10420076,nm8669327
tt10420078,nm8669327
tt10420080,nm8669327
tt10420082,nm8669327
tt10420084,nm8669327
tt10420086,nm8669327
tt10420088,nm8669327
tt10420090,nm8669327
tt10420092,nm8669327
tt10420094,nm8669327
tt10420096,nm8669327
tt10420098,nm8669327
tt10420100,nm8669327
tt10420102,nm8669327
tt10420104,nm8669327
tt10420106,nm8669327
tt10420108,nm8669327
tt10420110,nm8669327
tt10420112,nm8669327
tt10420114,nm1202980
tt10420114,nm5921291
tt10420114,nm8669327
tt10420116,nm1202980
tt10420116,nm5921291
tt10420116,nm8669327
tt10420118,nm1202980
tt10420118,nm5921291
tt10420118,nm8669327
tt10420120,nm1202980
tt10420120,nm5921291
tt10420120,nm8669327
tt10420122,nm1202980
tt10420122,nm5921291
tt10420122,nm8669327
tt10420124,nm1202980
tt10420124,nm5921291
tt10420124,nm8669327
tt10420126,nm1202980
tt10420126,nm5921291
tt10420126,nm8669327
tt10420128,nm1202980
tt10420128,nm5921291
tt10420128,nm8669327
tt10420130,nm1202980
tt10420130,nm5921291
tt10420130,nm8669327
tt10420132,nm1202980
tt10420132,nm5921291
tt10420132,nm8669327
tt10420134,nm1202980
tt10420134,nm5921291
tt10420134,nm8669327
tt10420136,nm1202980
tt10420136,nm5921291
tt10420136,nm8669327
tt10420138,nm1202980
tt10420138,nm5921291
tt10420138,nm8669327
tt10420140,nm1202980
tt10420140,nm5921291
tt10420140,nm8669327
tt10420142,nm1202980
tt10420142,nm5921291
tt10420142,nm8669327
tt10420144,nm1202980
tt10420144,nm5921291
tt10420144,nm8669327
tt10420146,nm1202980
tt10420146,nm5921291
tt10420146,nm8669327
tt10420148,nm1202980
tt10420148,nm5921291
tt10420148,nm8669327
tt10420150,nm1202980
tt10420150,nm5921291
tt10420150,nm8669327
tt10420152,nm1202980
tt10420152,nm5921291
tt10420152,nm8669327
tt10420184,nm4499090
tt10420246,nm10734861
tt10420608,nm10734231
tt10420608,nm1191581
tt10420650,nm6833072
tt10420650,nm9750986
tt10420652,nm6833072
tt10420652,nm9750986
tt10420658,nm6833072
tt10420658,nm9750986
tt10420660,nm6833072
tt10420660,nm9750986
tt10420662,nm6833072
tt10420662,nm9750986
tt10420664,nm6833072
tt10420664,nm9750986
tt10420666,nm6833072
tt10420666,nm9750986
tt10420668,nm6833072
tt10420668,nm9750986
tt10420670,nm6833072
tt10420670,nm9750986
tt10420672,nm6833072
tt10420672,nm9750986
tt10420674,nm6833072
tt10420674,nm9750986
tt10420676,nm6833072
tt10420676,nm9750986
tt10420678,nm6833072
tt10420678,nm9750986
tt10420680,nm6833072
tt10420680,nm9750986
tt10420682,nm6833072
tt10420682,nm9750986
tt10420684,nm6833072
tt10420684,nm9750986
tt10420686,nm6833072
tt10420686,nm9750986
tt10420688,nm6833072
tt10420688,nm9750986
tt10420690,nm6833072
tt10420690,nm9750986
tt10420694,nm6833072
tt10420694,nm9750986
tt10420772,nm10734903
tt10420790,nm8588196
tt10420930,nm10734940
tt10421616,nm5889097
tt10421820,nm10735070
tt10421830,nm10315650
tt10421992,nm4645630
tt10421994,nm10735097
tt10422000,nm8139777
tt10422078,nm5696161
tt10422082,nm5696161
tt10422094,nm10315650
tt10422130,nm1473883
tt10422170,nm10735181
tt10422210,nm0993783
tt10422214,nm10735234
tt10422214,nm10735235
tt10422220,nm8644795
tt10422228,nm0772541
tt10422240,nm9422439
tt10422240,nm9804355
tt10422266,nm4568135
tt10422266,nm4593457
tt10422280,nm4568135
tt10422280,nm4593457
tt10422290,nm10735291
tt10422290,nm10735292
tt10422350,nm6337112
tt10422354,nm10734785
tt10422354,nm10735315
tt10422368,nm10350505
tt10422380,nm3646689
tt10422418,nm5391633
tt10422510,nm10735318
tt10422538,nm10315650
tt10422618,nm3805989
tt10422624,nm8099214
tt10422662,nm7530637
tt10422688,nm7530637
tt10422738,nm9671250
tt10422770,nm9671250
tt10422832,nm4502709
tt10422854,nm6208424
tt10422854,nm8470448
tt10422872,nm6208424
tt10422872,nm8470448
tt10422874,nm10732421
tt10422874,nm10735653
tt10422890,nm6208424
tt10422890,nm8470448
tt10422894,nm6208424
tt10422894,nm8470448
tt10422900,nm10453341
tt10422914,nm6208424
tt10422914,nm8470448
tt10422926,nm6208424
tt10422926,nm8470448
tt10422928,nm10735694
tt10422928,nm9683197
tt10422942,nm6208424
tt10422942,nm8470448
tt10422944,nm10732483
tt10422946,nm6208424
tt10422946,nm8470448
tt10422954,nm10735710
tt10423000,nm10735737
tt10423000,nm10735738
tt10423028,nm8239442
tt10423052,nm2439307
tt10423090,nm10735836
tt10423090,nm8067718
tt10423202,nm7973283
tt10423230,nm8952931
tt10423278,nm10736010
tt10423284,nm3544400
tt10423422,nm2157085
tt10423422,nm2274858
tt10423436,nm7651233
tt10423444,nm7651233
tt10423454,nm7651233
tt10423458,nm10736057
tt10423490,nm0013010
tt10423584,nm7997173
tt10423600,nm10734623
tt10423608,nm10736173
tt10423608,nm9652295
tt10423610,nm1734777
tt10423612,nm9652295
tt10423628,nm9652295
tt10423694,nm10736211
tt10423776,nm1818151
tt10423784,nm0929391
tt10423788,nm9022468
tt10423896,nm9727603
tt10423974,nm10348871
tt10424368,nm9924896
tt10424814,nm5977285
tt10424814,nm9492054
tt10424888,nm9799365
tt10425126,nm6833072
tt10425126,nm9750986
tt10425128,nm6833072
tt10425128,nm9750986
tt10425130,nm6833072
tt10425130,nm9750986
tt10425132,nm6833072
tt10425132,nm9750986
tt10425134,nm6833072
tt10425134,nm9750986
tt10425136,nm6833072
tt10425136,nm9750986
tt10425138,nm6833072
tt10425138,nm9750986
tt10425142,nm6833072
tt10425142,nm9750986
tt10425144,nm6833072
tt10425144,nm9750986
tt10425146,nm6833072
tt10425146,nm9750986
tt10425148,nm6833072
tt10425148,nm9750986
tt10425150,nm6833072
tt10425150,nm9750986
tt10425152,nm6833072
tt10425152,nm9750986
tt10425154,nm6833072
tt10425154,nm9750986
tt10425156,nm6833072
tt10425156,nm9750986
tt10425158,nm6833072
tt10425158,nm9750986
tt10425160,nm6833072
tt10425160,nm9750986
tt10425162,nm6833072
tt10425162,nm9750986
tt10425164,nm6833072
tt10425164,nm9750986
tt10425166,nm6833072
tt10425166,nm9750986
tt10425332,nm10184788
tt10425338,nm10184788
tt10425352,nm10184788
tt10425384,nm10184788
tt10425390,nm10184788
tt10425410,nm10184788
tt10425434,nm10184788
tt10425456,nm10184788
tt10425482,nm10184788
tt10425486,nm10184788
tt10425488,nm10184788
tt10425490,nm10184788
tt10425526,nm10184788
tt10425538,nm10184788
tt10425548,nm10184788
tt10425560,nm10184788
tt10425582,nm10184788
tt10425590,nm10184788
tt10425612,nm10184788
tt10425630,nm10184788
tt10425644,nm1202980
tt10425644,nm5921291
tt10425644,nm8669327
tt10425646,nm1202980
tt10425646,nm5921291
tt10425646,nm8669327
tt10425648,nm1202980
tt10425648,nm5921291
tt10425648,nm8669327
tt10425652,nm1202980
tt10425652,nm5921291
tt10425652,nm8669327
tt10425654,nm1202980
tt10425654,nm5921291
tt10425654,nm8669327
tt10425656,nm1202980
tt10425656,nm5921291
tt10425656,nm8669327
tt10425660,nm1202980
tt10425660,nm5921291
tt10425660,nm8669327
tt10425662,nm1202980
tt10425662,nm5921291
tt10425662,nm8669327
tt10425664,nm1202980
tt10425664,nm5921291
tt10425664,nm8669327
tt10425668,nm1202980
tt10425668,nm5921291
tt10425668,nm8669327
tt10425670,nm1202980
tt10425670,nm5921291
tt10425670,nm8669327
tt10425672,nm1202980
tt10425672,nm5921291
tt10425672,nm8669327
tt10425674,nm1202980
tt10425674,nm5921291
tt10425674,nm8669327
tt10425676,nm1202980
tt10425676,nm5921291
tt10425676,nm8669327
tt10425678,nm1202980
tt10425678,nm5921291
tt10425678,nm8669327
tt10425680,nm1202980
tt10425680,nm5921291
tt10425680,nm8669327
tt10425682,nm1202980
tt10425682,nm5921291
tt10425682,nm8669327
tt10425684,nm1202980
tt10425684,nm5921291
tt10425684,nm8669327
tt10425686,nm1202980
tt10425686,nm5921291
tt10425686,nm8669327
tt10425688,nm1202980
tt10425688,nm5921291
tt10425688,nm8669327
tt10425690,nm8669327
tt10425692,nm8669327
tt10425694,nm8669327
tt10425696,nm8669327
tt10425698,nm8669327
tt10425700,nm8669327
tt10425702,nm8669327
tt10425704,nm8669327
tt10425706,nm8669327
tt10425708,nm8669327
tt10425710,nm8669327
tt10425712,nm8669327
tt10425714,nm8669327
tt10425716,nm8669327
tt10425718,nm8669327
tt10425720,nm8669327
tt10425722,nm8669327
tt10425724,nm8669327
tt10425726,nm8669327
tt10425728,nm8669327
tt10425960,nm9727603
tt10426018,nm2085571
tt10426022,nm9727603
tt10426024,nm3006224
tt10426024,nm6804930
tt10426026,nm8412890
tt10426036,nm9727603
tt10426040,nm9715181
tt10426066,nm10731604
tt10426090,nm10619920
tt10426098,nm10736880
tt10426208,nm3986829
tt10426218,nm10587707
tt10426236,nm3846379
tt10426236,nm5300045
tt10426236,nm7038200
tt10426242,nm7469291
tt10426242,nm9890156
tt10426242,nm9950170
tt10426310,nm6012963
tt10426368,nm6592149
tt10426424,nm8921834
tt10426488,nm2567559
tt10426510,nm10737262
tt10426512,nm9149230
tt10426528,nm9149230
tt10426546,nm2564653
tt10426554,nm9149230
tt10426582,nm9149230
tt10426584,nm5422211
tt10426598,nm9149230
tt10426604,nm9149230
tt10426606,nm2016965
tt10426614,nm9149230
tt10426620,nm9149230
tt10426626,nm10428122
tt10426648,nm9149230
tt10426656,nm9149230
tt10426674,nm10737419
tt10426680,nm9149230
tt10426688,nm7723298
tt10426708,nm8348712
tt10426732,nm0760754
tt10426808,nm3751144
tt10426812,nm8116813
tt10426824,nm3751144
tt10426834,nm3751144
tt10426858,nm8067718
tt10426868,nm8067718
tt10426882,nm8067718
tt10426902,nm8067718
tt10426922,nm8067718
tt10426928,nm8067718
tt10426934,nm8067718
tt10426944,nm8067718
tt10426946,nm8067718
tt10426948,nm8067718
tt10426956,nm8067718
tt10426960,nm8067718
tt10426962,nm8067718
tt10426964,nm8067718
tt10426974,nm9294322
tt10427036,nm1013576
tt10427068,nm7719161
tt10427076,nm10503406
tt10427088,nm2003068
tt10427092,nm1013576
tt10427096,nm7719161
tt10427108,nm7719161
tt10427208,nm4050105
tt10427208,nm5642906
tt10427214,nm3218423
tt10427278,nm7609201
tt10427430,nm2016965
tt10427432,nm7609201
tt10427436,nm7609201
tt10427472,nm10737876
tt10427472,nm10737877
tt10427490,nm2016965
tt10427510,nm10737789
tt10427516,nm9757610
tt10427676,nm10737931
tt10427690,nm4340064
tt10427710,nm3846384
tt10427768,nm1088437
tt10427774,nm6774388
tt10427962,nm1966905
tt10427978,nm10738099
tt10427986,nm7590071
tt10427992,nm1635713
tt10428106,nm10734786
tt10428108,nm10738168
tt10428128,nm10738004
tt10428138,nm10738194
tt10428142,nm10738197
tt10428144,nm6457871
tt10428148,nm7440375
tt10428178,nm6135746
tt10428182,nm10738221
tt10428206,nm1548089
tt10428250,nm10738168
tt10428312,nm10738352
tt10428316,nm1910832
tt10428320,nm10738357
tt10428404,nm10738423
tt10428416,nm10738432
tt10428422,nm7305267
tt10428482,nm4797331
tt10428484,nm10737262
tt10428622,nm10738571
tt10428652,nm4568796
tt10428656,nm10738594
tt10428660,nm5062167
tt10428674,nm10738594
tt10428692,nm10738594
tt10428722,nm10727238
tt10428770,nm4050105
tt10428770,nm5642906
tt10428772,nm0519117
tt10428854,nm10738677
tt10428866,nm6896719
tt10428964,nm6896719
tt10429084,nm10727238
tt10429116,nm8669327
tt10429118,nm8669327
tt10429124,nm8669327
tt10429128,nm8669327
tt10429132,nm8669327
tt10429134,nm8669327
tt10429136,nm8669327
tt10429138,nm8669327
tt10429140,nm8669327
tt10429142,nm8669327
tt10429144,nm8669327
tt10429148,nm8669327
tt10429150,nm8669327
tt10429152,nm8669327
tt10429156,nm8669327
tt10429160,nm8669327
tt10429162,nm8669327
tt10429164,nm8669327
tt10429166,nm8669327
tt10429170,nm1202980
tt10429170,nm5921291
tt10429170,nm8669327
tt10429172,nm1202980
tt10429172,nm5921291
tt10429172,nm8669327
tt10429176,nm1202980
tt10429176,nm5921291
tt10429176,nm8669327
tt10429178,nm1202980
tt10429178,nm5921291
tt10429178,nm8669327
tt10429180,nm1202980
tt10429180,nm5921291
tt10429180,nm8669327
tt10429182,nm10738597
tt10429184,nm1202980
tt10429184,nm5921291
tt10429184,nm8669327
tt10429186,nm1202980
tt10429186,nm5921291
tt10429186,nm8669327
tt10429188,nm1202980
tt10429188,nm5921291
tt10429188,nm8669327
tt10429192,nm1202980
tt10429192,nm5921291
tt10429192,nm8669327
tt10429196,nm1202980
tt10429196,nm5921291
tt10429196,nm8669327
tt10429198,nm1202980
tt10429198,nm5921291
tt10429198,nm8669327
tt10429200,nm1202980
tt10429200,nm5921291
tt10429200,nm8669327
tt10429202,nm1202980
tt10429202,nm5921291
tt10429202,nm8669327
tt10429204,nm1202980
tt10429204,nm5921291
tt10429204,nm8669327
tt10429206,nm1202980
tt10429206,nm5921291
tt10429206,nm8669327
tt10429208,nm1202980
tt10429208,nm5921291
tt10429208,nm8669327
tt10429210,nm1202980
tt10429210,nm5921291
tt10429210,nm8669327
tt10429214,nm1202980
tt10429214,nm5921291
tt10429214,nm8669327
tt10429216,nm1202980
tt10429216,nm5921291
tt10429216,nm8669327
tt10429294,nm10738677
tt10429296,nm3513211
tt10429734,nm10732809
tt10429768,nm6017343
tt10429774,nm7066363
tt10430116,nm10738844
tt10430182,nm2495096
tt10430200,nm2495096
tt10430200,nm7747048
tt10430202,nm2495096
tt10430204,nm2000558
tt10430204,nm2495096
tt10430212,nm2495096
tt10430212,nm8358421
tt10430236,nm2495096
tt10430236,nm3107888
tt10430248,nm2495096
tt10430248,nm6931115
tt10430256,nm10741552
tt10430256,nm2495096
tt10430256,nm8987677
tt10430268,nm0008360
tt10430268,nm0030447
tt10430268,nm2495096
tt10430282,nm2495096
tt10430282,nm4132661
tt10430298,nm2033296
tt10430298,nm2495096
tt10430304,nm2495096
tt10430304,nm7747048
tt10430332,nm0008360
tt10430332,nm2495096
tt10430346,nm10741551
tt10430346,nm2495096
tt10430534,nm10738969
tt10430554,nm0236928
tt10430736,nm10599673
tt10430810,nm10738094
tt10430810,nm10738095
tt10430856,nm10738597
tt10431102,nm5374421
tt10431158,nm8098471
tt10431160,nm10738597
tt10431182,nm10738597
tt10431192,nm10739210
tt10431248,nm10739237
tt10431304,nm10739276
tt10431316,nm10739297
tt10431346,nm10739319
tt10431354,nm6010254
tt10431418,nm0700167
tt10431540,nm3871369
tt10431550,nm3215497
tt10431648,nm2087959
tt10431660,nm2087959
tt10431664,nm2087959
tt10431664,nm3499593
tt10431670,nm2087959
tt10431672,nm7687893
tt10431674,nm2087959
tt10431678,nm2087959
tt10431682,nm2087959
tt10431724,nm6395290
tt10431804,nm10738597
tt10431816,nm4050105
tt10431816,nm5642906
tt10431852,nm3828673
tt10431856,nm4050105
tt10431856,nm5642906
tt10431890,nm2109108
tt10431896,nm2109108
tt10431908,nm2109108
tt10431922,nm6108188
tt10431934,nm2109108
tt10431954,nm2109108
tt10431984,nm10739714
tt10431994,nm2130235
tt10432014,nm3900301
tt10432034,nm3285697
tt10432048,nm1820818
tt10432052,nm1820818
tt10432174,nm9240102
tt10432290,nm10739982
tt10432292,nm9240102
tt10432304,nm9240102
tt10432314,nm9240102
tt10432318,nm9240102
tt10432324,nm9240102
tt10432328,nm0659380
tt10432334,nm9240102
tt10432362,nm10740021
tt10432426,nm10735070
tt10432508,nm9724503
tt10432544,nm5374421
tt10432618,nm1337868
tt10432618,nm9800439
tt10432628,nm3663957
tt10432642,nm1337868
tt10432642,nm3792379
tt10432642,nm9800439
tt10432658,nm4987831
tt10432732,nm10740235
tt10432798,nm10437829
tt10432832,nm10740285
tt10432834,nm10573346
tt10432926,nm6492188
tt10432934,nm7723298
tt10432946,nm5874888
tt10432948,nm9240102
tt10432954,nm8767226
tt10432958,nm10740478
tt10432960,nm7205499
tt10432994,nm10690211
tt10433018,nm10739210
tt10433020,nm7774810
tt10433062,nm10740565
tt10433146,nm6017343
tt10433178,nm6017343
tt10433198,nm5965292
tt10433216,nm5298020
tt10433246,nm5298020
tt10433276,nm2675515
tt10433276,nm6671848
tt10433292,nm9074213
tt10433306,nm7148666
tt10433308,nm9486859
tt10433314,nm10740817
tt10433372,nm10740875
tt10433378,nm10740881
tt10433388,nm9832081
tt10433394,nm9465806
tt10433430,nm1216564
tt10433462,nm8227871
tt10433490,nm1216564
tt10433500,nm2088529
tt10433504,nm1216564
tt10433506,nm1216564
tt10433508,nm1216564
tt10433510,nm1216564
tt10433514,nm1216564
tt10433516,nm1216564
tt10433520,nm1216564
tt10433522,nm1216564
tt10433536,nm10656809
tt10433542,nm8348651
tt10433544,nm4368568
tt10433544,nm8053152
tt10433544,nm8741635
tt10433544,nm8745421
tt10433544,nm8745422
tt10433544,nm8747064
tt10433544,nm8747065
tt10433544,nm8874965
tt10433544,nm8977686
tt10433544,nm9002056
tt10433556,nm5185169
tt10433584,nm10741043
tt10433588,nm10741043
tt10433620,nm10741068
tt10433630,nm3150169
tt10433668,nm6930653
tt10433676,nm5185169
tt10433688,nm2574224
tt10433700,nm2574224
tt10433930,nm5898383
tt10433994,nm9240102
tt10434076,nm5185169
tt10434174,nm8625476
tt10434344,nm10741043
tt10434354,nm5364505
tt10434360,nm10741043
tt10434364,nm1820818
tt10434386,nm10741043
tt10434406,nm1820818
tt10434428,nm10741220
tt10434428,nm6515132
tt10434440,nm10741043
tt10434472,nm10741043
tt10434528,nm10741043
tt10434560,nm10741043
tt10434592,nm10741043
tt10434618,nm10741043
tt10434644,nm10741043
tt10434656,nm8227871
tt10434672,nm8227871
tt10434682,nm10741043
tt10434698,nm8227871
tt10434704,nm10741043
tt10434712,nm0911988
tt10434716,nm8227871
tt10434726,nm8227871
tt10434730,nm2546334
tt10434734,nm8227871
tt10434738,nm8227871
tt10434744,nm10741284
tt10434746,nm8227871
tt10434748,nm2546334
tt10434766,nm8227871
tt10434778,nm2546334
tt10434786,nm8227871
tt10434810,nm8227871
tt10434824,nm8227871
tt10434830,nm2546334
tt10434870,nm2546334
tt10434902,nm2546334
tt10434908,nm10731975
tt10434910,nm2546334
tt10434924,nm2546334
tt10434966,nm10741043
tt10435066,nm4281626
tt10435068,nm10734698
tt10435068,nm10734786
tt10435072,nm1304348
tt10435182,nm10741361
tt10435238,nm10741371
tt10435252,nm8227871
tt10435262,nm8227871
tt10435274,nm8227871
tt10435294,nm8227871
tt10435296,nm8227871
tt10435310,nm6592149
tt10435336,nm8227871
tt10435354,nm8227871
tt10435380,nm6592149
tt10435446,nm2171381
tt10435474,nm2171381
tt10435492,nm2171381
tt10435526,nm2171381
tt10435542,nm2171381
tt10435562,nm2171381
tt10435592,nm2171381
tt10435600,nm1202980
tt10435600,nm5921291
tt10435600,nm8669327
tt10435602,nm1202980
tt10435602,nm5921291
tt10435602,nm8669327
tt10435604,nm1202980
tt10435604,nm5921291
tt10435604,nm8669327
tt10435606,nm2171381
tt10435608,nm1202980
tt10435608,nm5921291
tt10435608,nm8669327
tt10435610,nm1202980
tt10435610,nm5921291
tt10435610,nm8669327
tt10435612,nm1202980
tt10435612,nm5921291
tt10435612,nm8669327
tt10435614,nm1202980
tt10435614,nm5921291
tt10435614,nm8669327
tt10435616,nm1202980
tt10435616,nm5921291
tt10435616,nm8669327
tt10435618,nm1202980
tt10435618,nm5921291
tt10435618,nm8669327
tt10435620,nm1202980
tt10435620,nm5921291
tt10435620,nm8669327
tt10435624,nm1202980
tt10435624,nm5921291
tt10435624,nm8669327
tt10435626,nm1202980
tt10435626,nm5921291
tt10435626,nm8669327
tt10435628,nm2171381
tt10435630,nm1202980
tt10435630,nm5921291
tt10435630,nm8669327
tt10435632,nm1202980
tt10435632,nm5921291
tt10435632,nm8669327
tt10435636,nm8669327
tt10435642,nm8669327
tt10435644,nm8669327
tt10435646,nm8669327
tt10435652,nm8669327
tt10435654,nm2171381
tt10435656,nm8669327
tt10435658,nm8669327
tt10435660,nm8669327
tt10435662,nm8669327
tt10435664,nm8669327
tt10435666,nm8669327
tt10435668,nm8669327
tt10435670,nm8669327
tt10435672,nm2171381
tt10435674,nm8669327
tt10435676,nm8669327
tt10435678,nm8669327
tt10435680,nm8669327
tt10435682,nm8669327
tt10435684,nm8669327
tt10435728,nm2171381
tt10435734,nm2171381
tt10435740,nm2171381
tt10435742,nm2171381
tt10435764,nm2171381
tt10435884,nm10741435
tt10435934,nm9779278
tt10436132,nm0561507
tt10436136,nm10729570
tt10436164,nm10738597
tt10436170,nm4900161
tt10436176,nm10738597
tt10436188,nm6908650
tt10436196,nm10738597
tt10436206,nm10741584
tt10436206,nm4235335
tt10436248,nm4428567
tt10436294,nm10436800
tt10436414,nm10741745
tt10436414,nm10741746
tt10436414,nm1172087
tt10436414,nm7497672
tt10436442,nm10692959
tt10436472,nm10741800
tt10436472,nm11524415
tt10436472,nm13293072
tt10436472,nm4340709
tt10436472,nm7189961
tt10436472,nm8637681
tt10436472,nm8957836
tt10436472,nm9128309
tt10436472,nm9276851
tt10436472,nm9513979
tt10436472,nm9708653
tt10436498,nm10741854
tt10436502,nm10741856
tt10436512,nm10741866
tt10436532,nm0994249
tt10436532,nm1153498
tt10436532,nm3298842
tt10436552,nm1754452
tt10436572,nm10631939
tt10436760,nm10738597
tt10436788,nm9298794
tt10436870,nm7547614
tt10436934,nm1745936
tt10436934,nm1851320
tt10436934,nm3846379
tt10436942,nm10742141
tt10436946,nm0372798
tt10436978,nm2315359
tt10437024,nm2315359
tt10437030,nm6606688
tt10437072,nm6606688
tt10437078,nm3805989
tt10437098,nm3805989
tt10437100,nm1745936
tt10437116,nm3805989
tt10437148,nm6214540
tt10437162,nm6214540
tt10437172,nm6214540
tt10437174,nm3971995
tt10437174,nm6811144
tt10437186,nm3675176
tt10437192,nm6214540
tt10437194,nm1304348
tt10437202,nm6214540
tt10437212,nm7665409
tt10437268,nm10742513
tt10437312,nm6430880
tt10437370,nm6430880
tt10437458,nm7232552
tt10437478,nm10742673
tt10437494,nm9652295
tt10437544,nm3805989
tt10437600,nm3805989
tt10437704,nm10420568
tt10437864,nm3805989
tt10438058,nm9240102
tt10438062,nm9240102
tt10438064,nm9240102
tt10438126,nm4352732
tt1043813,nm0005165
tt1043813,nm0026442
tt1043813,nm0052059
tt1043813,nm0178944
tt1043813,nm0269502
tt1043813,nm0292468
tt1043813,nm0326040
tt1043813,nm0327064
tt1043813,nm0394032
tt1043813,nm0569653
tt1043813,nm0596285
tt1043813,nm0791381
tt1043813,nm0838198
tt1043813,nm0904169
tt1043813,nm0935732
tt1043813,nm1089736
tt1043813,nm1160495
tt1043813,nm1277586
tt1043813,nm1339949
tt1043813,nm2016145
tt1043813,nm3652021
tt10438140,nm6264467
tt10438212,nm0555746
tt10438214,nm10742955
tt10438234,nm10742962
tt10438242,nm10742973
tt10438250,nm3790908
tt10438254,nm10578580
tt10438258,nm10691328
tt10438270,nm0490498
tt10438276,nm4097875
tt10438284,nm9535785
tt10438292,nm10689969
tt10438296,nm8022946
tt10438302,nm10983290
tt10438306,nm11156918
tt10438310,nm4281626
tt10438316,nm10717520
tt10438320,nm10743028
tt10438324,nm10743031
tt10438324,nm9517469
tt10438336,nm0490498
tt10438382,nm9486859
tt10438408,nm1340473
tt10438408,nm2574224
tt10438418,nm6352221
tt10438430,nm10743134
tt10438460,nm7547614
tt10438516,nm9632233
tt10438598,nm4740985
tt10438626,nm10743354
tt10438650,nm8470096
tt10438666,nm4174410
tt10438704,nm4900161
tt10438712,nm10689964
tt10438730,nm3386108
tt10438742,nm10743431
tt10438742,nm2574224
tt10438756,nm10741435
tt10438758,nm6913286
tt10438760,nm9789190
tt10438768,nm4900161
tt10438850,nm4900161
tt10438878,nm9789190
tt10439042,nm10734786
tt10439092,nm7731366
tt10439254,nm8669327
tt10439256,nm8669327
tt10439258,nm8669327
tt10439260,nm8669327
tt10439266,nm8669327
tt10439268,nm8669327
tt10439270,nm8669327
tt10439272,nm8669327
tt10439274,nm8669327
tt10439276,nm8669327
tt10439282,nm8669327
tt10439284,nm8669327
tt10439286,nm8669327
tt10439288,nm8669327
tt10439292,nm8669327
tt10439294,nm8669327
tt10439296,nm8669327
tt10439300,nm8669327
tt10439302,nm2182007
tt10439306,nm8669327
tt10439308,nm8669327
tt10439316,nm8669327
tt10439318,nm8669327
tt10439322,nm8669327
tt10439334,nm4904858
tt10439504,nm4961867
tt10439814,nm10743614
tt10439834,nm10743618
tt10439834,nm5361106
tt10439986,nm3690968
tt10440066,nm3690968
tt10440218,nm4050105
tt10440218,nm5642906
tt10440246,nm10743719
tt10440372,nm4393722
tt10440446,nm10514838
tt10440452,nm10743769
tt10440516,nm10082380
tt10440748,nm10738597
tt10440754,nm10741800
tt10440778,nm10741800
tt10440782,nm0119712
tt10440798,nm4050105
tt10440798,nm5642906
tt10440812,nm0119712
tt10440816,nm10456828
tt10440818,nm10741800
tt10440848,nm10741800
tt10440852,nm6908650
tt10440854,nm6908650
tt10440856,nm6908650
tt10440858,nm6908650
tt10440860,nm6908650
tt10440862,nm6908650
tt10440864,nm6908650
tt10440866,nm6908650
tt10440868,nm6908650
tt10440870,nm6908650
tt10440872,nm6908650
tt10440876,nm4050105
tt10440876,nm5642906
tt10440886,nm6908650
tt10440928,nm10257139
tt10440946,nm10741800
tt10441026,nm10741800
tt10441058,nm10741800
tt10441086,nm10741800
tt10441088,nm10743938
tt10441096,nm6908650
tt10441098,nm6908650
tt10441100,nm6908650
tt10441104,nm6908650
tt10441108,nm6908650
tt10441110,nm6908650
tt10441112,nm6908650
tt10441116,nm6908650
tt10441120,nm6908650
tt10441124,nm6908650
tt10441126,nm10741800
tt10441128,nm6908650
tt10441130,nm6908650
tt10441132,nm6908650
tt10441134,nm6908650
tt10441136,nm6908650
tt10441140,nm6908650
tt10441144,nm6908650
tt10441146,nm6908650
tt10441148,nm6908650
tt10441150,nm6908650
tt10441152,nm6908650
tt10441154,nm6908650
tt10441158,nm6908650
tt10441160,nm6908650
tt10441162,nm6908650
tt10441164,nm6908650
tt10441174,nm5631756
tt10441176,nm6908650
tt10441182,nm6908650
tt10441184,nm6908650
tt10441186,nm6908650
tt10441188,nm6908650
tt10441190,nm6908650
tt10441192,nm6908650
tt10441194,nm6908650
tt10441196,nm6908650
tt10441198,nm6908650
tt10441200,nm6908650
tt10441202,nm6908650
tt10441204,nm6908650
tt10441206,nm6908650
tt10441208,nm6908650
tt10441210,nm6908650
tt10441212,nm6908650
tt10441220,nm10741800
tt10441230,nm10741800
tt10441236,nm1078437
tt10441246,nm10741800
tt10441260,nm10741800
tt10441270,nm10741800
tt10441278,nm10741800
tt10441284,nm10741800
tt10441288,nm0184193
tt10441292,nm10741800
tt10441302,nm10741800
tt10441310,nm10741800
tt10441318,nm10741800
tt10441330,nm2956977
tt10441348,nm10744032
tt10441478,nm8615033
tt10441480,nm12205488
tt10441570,nm10738597
tt10441590,nm10738597
tt10441602,nm3113075
tt10441620,nm8748170
tt10441666,nm10134521
tt10441756,nm6476198
tt10441800,nm9641179
tt10441820,nm10696687
tt10441882,nm1304348
tt10441904,nm9638216
tt10441928,nm2310604
tt10441936,nm1237009
tt10441942,nm3805989
tt10441960,nm7137981
tt10441964,nm3805989
tt10441986,nm7137981
tt10441996,nm7137981
tt10442008,nm7137981
tt10442014,nm3805989
tt10442020,nm7137981
tt10442024,nm2555383
tt10442030,nm7137981
tt10442034,nm7137981
tt10442036,nm1660777
tt10442044,nm7137981
tt10442054,nm7137981
tt10442062,nm7137981
tt10442076,nm6419725
tt10442092,nm0101453
tt10442130,nm7920974
tt10442132,nm3513211
tt10442166,nm7920974
tt10442234,nm9890156
tt10442252,nm9890156
tt10442258,nm9890156
tt10442266,nm9890156
tt10442272,nm8814250
tt10442274,nm4172187
tt10442282,nm9890156
tt10442306,nm9890156
tt10442320,nm4577596
tt10442326,nm9890156
tt10442340,nm10744923
tt10442390,nm3788175
tt10442396,nm8064485
tt10442480,nm0200380
tt10442584,nm1660777
tt10442594,nm1660777
tt10442604,nm1660777
tt10442644,nm10741800
tt10442648,nm10741800
tt10442654,nm1304348
tt10442656,nm10741800
tt10442660,nm10741800
tt10442662,nm10741800
tt10442668,nm10741800
tt10442670,nm10741800
tt10442692,nm10741800
tt10442698,nm10741800
tt10442708,nm10741800
tt10442712,nm10741800
tt10442724,nm10741800
tt10442726,nm10741800
tt10442730,nm10741800
tt10442732,nm3234360
tt10442734,nm10741800
tt10442740,nm10741800
tt10442746,nm10741800
tt10442748,nm12519246
tt10442752,nm10741800
tt10442770,nm4215146
tt10442780,nm4215146
tt10442782,nm1660777
tt10442800,nm10622120
tt10442800,nm1764418
tt10442800,nm4003791
tt10442820,nm3805989
tt10442866,nm10741800
tt10442868,nm10741800
tt10442874,nm10745284
tt10442898,nm10745314
tt10442900,nm5232190
tt10442942,nm0792043
tt10443036,nm5522174
tt10443046,nm7291758
tt10443046,nm8963486
tt10443050,nm5678307
tt10443074,nm0854922
tt10443084,nm0241173
tt10443124,nm10673879
tt10443134,nm10673879
tt10443138,nm10745417
tt10443160,nm10676439
tt10443200,nm3327388
tt10443288,nm0854922
tt10443296,nm0854922
tt10443298,nm10689964
tt10443300,nm9486859
tt10443304,nm10717520
tt10443322,nm4090034
tt10443322,nm6915080
tt10443324,nm11668716
tt10443324,nm4915522
tt10443404,nm10692959
tt10443430,nm9744816
tt10443488,nm9744816
tt10443610,nm2431707
tt10443650,nm4125593
tt10443660,nm2971253
tt10443696,nm10745769
tt10443722,nm10745785
tt10443736,nm10745804
tt10443760,nm10749902
tt10443760,nm10749903
tt10443764,nm10955036
tt10443780,nm9094175
tt10443788,nm0939008
tt10443790,nm3348579
tt10443792,nm3348579
tt10443800,nm3348579
tt10443826,nm12711724
tt10443962,nm10745903
tt10443964,nm8581321
tt10443970,nm7305267
tt10443992,nm8581321
tt10443996,nm7305267
tt10444032,nm8581321
tt10444044,nm8581321
tt10444046,nm8581321
tt10444048,nm8581321
tt10444054,nm8581321
tt10444066,nm8581321
tt10444082,nm0120268
tt10444082,nm1283973
tt10444270,nm0120268
tt10444270,nm1283973
tt10444274,nm6908650
tt10444276,nm6908650
tt10444278,nm6908650
tt10444282,nm6908650
tt10444284,nm6908650
tt10444286,nm6908650
tt10444288,nm6908650
tt10444290,nm6908650
tt10444292,nm6908650
tt10444294,nm6908650
tt10444296,nm6908650
tt10444298,nm6908650
tt10444302,nm6908650
tt10444304,nm6908650
tt10444306,nm6908650
tt10444308,nm6908650
tt10444310,nm6908650
tt10444312,nm6908650
tt10444314,nm6908650
tt10444318,nm6908650
tt10444320,nm6908650
tt10444322,nm6908650
tt10444326,nm6908650
tt10444328,nm6908650
tt10444330,nm6908650
tt10444332,nm6908650
tt10444334,nm6908650
tt10444336,nm6908650
tt10444338,nm6908650
tt10444340,nm8181013
tt10444342,nm6908650
tt10444344,nm6908650
tt10444346,nm6908650
tt10444348,nm6908650
tt10444350,nm6908650
tt10444352,nm6908650
tt10444356,nm6908650
tt10444358,nm6908650
tt10444360,nm6908650
tt10444362,nm6908650
tt10444364,nm6908650
tt10444366,nm6908650
tt10444368,nm6908650
tt10444370,nm6908650
tt10444372,nm6908650
tt10444374,nm6908650
tt10444376,nm6908650
tt10444380,nm6908650
tt10444382,nm6908650
tt10444384,nm6908650
tt10444386,nm6908650
tt10444388,nm6908650
tt10444390,nm6908650
tt10444396,nm6908650
tt10444398,nm6908650
tt10444400,nm6908650
tt10444402,nm6908650
tt10444404,nm6908650
tt10444408,nm6908650
tt10444410,nm6908650
tt10444412,nm6908650
tt10444436,nm7308835
tt10444490,nm9681453
tt10444664,nm10710382
tt10444678,nm6908650
tt10444702,nm6908650
tt10444716,nm6908650
tt10444740,nm6908650
tt10444744,nm6908650
tt10444746,nm6908650
tt10444750,nm6908650
tt10444756,nm6908650
tt10444760,nm6908650
tt10444764,nm6908650
tt10444766,nm6908650
tt10444772,nm6908650
tt10444776,nm6908650
tt10444778,nm6908650
tt10444784,nm6908650
tt10444790,nm6908650
tt10444796,nm6908650
tt10444800,nm6908650
tt10444802,nm6908650
tt10444804,nm6908650
tt10444810,nm6908650
tt10444812,nm6908650
tt10444818,nm6908650
tt10445362,nm0120268
tt10445362,nm1283973
tt10445370,nm9469228
tt10445374,nm1319990
tt10445376,nm1319990
tt10445384,nm1319990
tt10445390,nm1319990
tt10445396,nm1319990
tt10445398,nm1319990
tt10445400,nm1319990
tt10445406,nm1319990
tt10445412,nm1319990
tt10445414,nm1319990
tt10445416,nm1319990
tt10445418,nm1319990
tt10445420,nm1319990
tt10445430,nm1319990
tt10445440,nm1319990
tt10445446,nm1319990
tt10445452,nm1319990
tt10445458,nm1319990
tt10445472,nm1319990
tt10445484,nm1319990
tt10445488,nm1319990
tt10445494,nm1319990
tt10445506,nm1319990
tt10445510,nm1319990
tt10445518,nm1319990
tt10445526,nm1319990
tt10446300,nm2872910
tt10446312,nm8074573
tt10446364,nm1413330
tt10446392,nm1413330
tt10446414,nm1413330
tt10446422,nm1413330
tt10446434,nm8649095
tt10446444,nm1413330
tt10446464,nm1413330
tt10446494,nm1413330
tt10446522,nm1413330
tt10446524,nm1413330
tt10446536,nm1413330
tt10446540,nm1298267
tt10446544,nm0257471
tt10446576,nm0257471
tt10446590,nm2133713
tt10446590,nm2875578
tt10446590,nm8464709
tt10446592,nm2133713
tt10446592,nm2875578
tt10446596,nm2133713
tt10446596,nm2875578
tt10446600,nm2133713
tt10446600,nm2875578
tt10446602,nm2133713
tt10446602,nm2875578
tt10446604,nm2133713
tt10446604,nm2875578
tt10446606,nm2133713
tt10446606,nm2875578
tt10446608,nm2133713
tt10446608,nm2875578
tt10446610,nm2133713
tt10446610,nm2875578
tt10446612,nm2133713
tt10446612,nm2875578
tt10446614,nm2133713
tt10446614,nm2875578
tt10446616,nm2133713
tt10446616,nm2875578
tt10446618,nm2133713
tt10446618,nm2875578
tt10446622,nm2133713
tt10446622,nm2875578
tt10446624,nm2133713
tt10446624,nm2875578
tt10446626,nm2133713
tt10446626,nm2875578
tt10446628,nm0257471
tt10446630,nm2133713
tt10446630,nm2875578
tt10446632,nm2133713
tt10446632,nm2875578
tt10446634,nm2133713
tt10446634,nm2875578
tt10446636,nm2133713
tt10446636,nm2875578
tt10446638,nm2133713
tt10446638,nm2875578
tt10446640,nm2133713
tt10446640,nm2875578
tt10446642,nm2133713
tt10446642,nm2875578
tt10446644,nm2133713
tt10446644,nm2875578
tt10446646,nm2133713
tt10446646,nm2875578
tt10446648,nm2133713
tt10446648,nm2875578
tt10446650,nm2133713
tt10446650,nm2875578
tt10446652,nm2133713
tt10446652,nm2875578
tt10446654,nm2133713
tt10446654,nm2875578
tt10446656,nm2133713
tt10446656,nm2875578
tt10446656,nm8464709
tt10446662,nm0257471
tt10446668,nm2147709
tt10446672,nm0257471
tt10446718,nm1660777
tt10446730,nm1304348
tt10446740,nm6653486
tt10446748,nm2712506
tt10446768,nm1660777
tt10446772,nm4428567
tt10446776,nm4393722
tt10446786,nm4393722
tt10446794,nm4393722
tt10446810,nm4393722
tt10446834,nm13274981
tt10446836,nm13274981
tt10446838,nm13274981
tt10446840,nm13274981
tt10446842,nm13274981
tt10446844,nm13274981
tt10446846,nm13274981
tt10446848,nm13274981
tt10446850,nm13274981
tt10446854,nm13274981
tt10446856,nm13274981
tt10446858,nm13274981
tt10446860,nm4428567
tt10446862,nm13274981
tt10446864,nm11314668
tt10446864,nm13274981
tt10446866,nm13274981
tt10446868,nm13274981
tt10446870,nm13274981
tt10446872,nm13274981
tt10446874,nm11314668
tt10446874,nm13274981
tt10446876,nm13274981
tt10446880,nm13274981
tt10446884,nm13274981
tt10446886,nm13274981
tt10446888,nm11314668
tt10446888,nm13274981
tt10446892,nm11314668
tt10446892,nm13274981
tt10446896,nm13274981
tt10446898,nm13274981
tt10446902,nm11314668
tt10446902,nm13274981
tt10446904,nm13274981
tt10446906,nm13274981
tt10446908,nm13274981
tt10446910,nm13274981
tt10446912,nm13274981
tt10446914,nm13274981
tt10446916,nm13274981
tt10446920,nm11314668
tt10446920,nm13274981
tt10446922,nm13274981
tt10446926,nm13274981
tt10446928,nm13274981
tt10446932,nm13274981
tt10446976,nm4428567
tt10446990,nm1660777
tt10446996,nm1660777
tt10447014,nm10746840
tt10447032,nm1660777
tt10447048,nm8074573
tt10447190,nm8074573
tt10447254,nm5232190
tt10447262,nm8074573
tt10447272,nm4090145
tt10447278,nm4038301
tt10447284,nm3348579
tt10447294,nm4038301
tt10447444,nm8849609
tt10447492,nm9789143
tt10447536,nm7518657
tt10447536,nm8139688
tt10447554,nm7518657
tt10447554,nm8139688
tt10447564,nm3228807
tt10447572,nm7518657
tt10447572,nm8139688
tt10447580,nm6090318
tt10447598,nm7518657
tt10447598,nm8139688
tt10447602,nm7518657
tt10447602,nm8139688
tt10447606,nm7518657
tt10447606,nm8139688
tt10447618,nm0585273
tt10447618,nm1515954
tt10447656,nm10747264
tt10447664,nm7518657
tt10447664,nm8139688
tt10447672,nm7518657
tt10447672,nm8139688
tt10447674,nm0585273
tt10447676,nm3734084
tt10447684,nm0086996
tt10447686,nm13274981
tt10447688,nm13274981
tt10447690,nm13274981
tt10447692,nm11314668
tt10447692,nm13274981
tt10447694,nm13274981
tt10447698,nm13274981
tt10447700,nm11314668
tt10447700,nm13274981
tt10447702,nm13274981
tt10447704,nm13274981
tt10447706,nm13274981
tt10447708,nm11314668
tt10447708,nm13274981
tt10447712,nm13274981
tt10447714,nm13274981
tt10447718,nm13274981
tt10447720,nm11314668
tt10447720,nm13274981
tt10447724,nm13274981
tt10447726,nm13274981
tt10447730,nm11314668
tt10447730,nm13274981
tt10447732,nm13274981
tt10447734,nm13274981
tt10447736,nm13274981
tt10447738,nm13274981
tt10447740,nm13274981
tt10447742,nm7518657
tt10447742,nm8139688
tt10447744,nm13274981
tt10447746,nm13274981
tt10447748,nm13274981
tt10447750,nm13274981
tt10447752,nm13274981
tt10447754,nm13274981
tt10447756,nm13274981
tt10447758,nm13274981
tt10447760,nm13274981
tt10447762,nm13274981
tt10447766,nm13274981
tt10447768,nm13274981
tt10447770,nm13274981
tt10447772,nm13274981
tt10447774,nm13274981
tt10447776,nm13274981
tt10447778,nm13274981
tt10447780,nm13274981
tt10447782,nm13274981
tt10447784,nm13274981
tt10447786,nm13274981
tt10447788,nm13274981
tt10447792,nm13274981
tt10447794,nm11314668
tt10447794,nm13274981
tt10447796,nm11314668
tt10447796,nm13274981
tt10447798,nm11314668
tt10447798,nm13274981
tt10447800,nm13274981
tt10447802,nm11314668
tt10447802,nm13274981
tt10447804,nm11314668
tt10447804,nm13274981
tt10447806,nm13274981
tt10447808,nm13274981
tt10447810,nm11314668
tt10447810,nm13274981
tt10447812,nm13274981
tt10447814,nm13274981
tt10447816,nm11314668
tt10447816,nm13274981
tt10447818,nm13274981
tt10447866,nm2133713
tt10447866,nm2875578
tt10447870,nm2133713
tt10447870,nm2875578
tt10447872,nm2133713
tt10447872,nm2875578
tt10447874,nm2133713
tt10447874,nm2875578
tt10447876,nm2133713
tt10447876,nm2875578
tt10447878,nm7518657
tt10447878,nm8139688
tt10447880,nm2133713
tt10447880,nm2875578
tt10447882,nm2133713
tt10447882,nm2875578
tt10447886,nm2133713
tt10447886,nm2875578
tt10447888,nm2133713
tt10447888,nm2875578
tt10447890,nm2133713
tt10447890,nm2875578
tt10447892,nm3805989
tt10447896,nm7518657
tt10447896,nm8139688
tt10447916,nm7518657
tt10447916,nm8139688
tt10447934,nm3805989
tt10447942,nm12600823
tt10447942,nm2305049
tt10447982,nm7518657
tt10447982,nm8139688
tt10448016,nm11314668
tt10448050,nm11314668
tt10448084,nm3805989
tt10448146,nm7518657
tt10448146,nm8139688
tt10448196,nm1537649
tt10448254,nm7518657
tt10448254,nm8139688
tt10448268,nm7518657
tt10448268,nm8139688
tt10448350,nm7518657
tt10448350,nm8139688
tt10448488,nm7518657
tt10448488,nm8139688
tt10448502,nm8664112
tt10448502,nm8967695
tt10448512,nm10747540
tt10448540,nm8664112
tt10448562,nm10086237
tt10448566,nm3368610
tt10448578,nm10747593
tt10448592,nm3368610
tt10448594,nm3368610
tt10448612,nm3926064
tt10448626,nm10581585
tt10448630,nm9435083
tt10448668,nm4355366
tt10448668,nm4551067
tt10448672,nm4390110
tt10448722,nm3368610
tt10448770,nm1218464
tt10448794,nm3368610
tt10448796,nm3368610
tt10448798,nm3368610
tt10448800,nm3368610
tt10448802,nm3368610
tt10448804,nm3368610
tt10448806,nm3368610
tt10448808,nm3368610
tt10448810,nm3368610
tt10448812,nm3368610
tt10448814,nm3368610
tt10448816,nm3368610
tt10448822,nm10743793
tt10448874,nm10747838
tt10448906,nm1366551
tt10448934,nm4402629
tt10448938,nm10229067
tt10448944,nm10747838
tt10448954,nm4402629
tt10448970,nm4402629
tt10449010,nm4402629
tt10449034,nm4402629
tt10449068,nm11327878
tt10449068,nm11327879
tt10449116,nm0080456
tt10449120,nm2225149
tt10449120,nm3799465
tt10449126,nm5880517
tt10449140,nm11177904
tt10449140,nm11177905
tt10449144,nm8899901
tt10449168,nm1756618
tt10449234,nm0955821
tt10449256,nm1936500
tt10449304,nm3160523
tt10449330,nm3926064
tt10449364,nm10282564
tt10449364,nm10654345
tt10449378,nm10579113
tt10449378,nm8793342
tt10449378,nm9131623
tt10449390,nm6823691
tt10449416,nm10654395
tt10449420,nm11240695
tt10449424,nm13260361
tt10449434,nm10590283
tt10449436,nm1409116
tt10449476,nm0009012
tt10449484,nm10748235
tt10449494,nm10163296
tt10449494,nm8814083
tt10449496,nm5474820
tt10449520,nm0814546
tt10449524,nm0406092
tt10449524,nm10748308
tt10449532,nm5604982
tt10449538,nm10321073
tt10449538,nm7492143
tt10449544,nm10292725
tt10449544,nm10748411
tt10449550,nm7774737
tt10449552,nm9789143
tt10449560,nm10654395
tt10449566,nm2371703
tt10449638,nm10348871
tt10449818,nm10748625
tt10449978,nm8872768
tt10450060,nm6908650
tt10450062,nm6908650
tt10450064,nm6908650
tt10450066,nm6908650
tt10450068,nm6908650
tt10450070,nm6908650
tt10450072,nm6908650
tt10450074,nm6908650
tt10450076,nm6908650
tt10450078,nm6908650
tt10450080,nm6908650
tt10450082,nm6908650
tt10450084,nm6908650
tt10450086,nm6908650
tt10450090,nm6908650
tt10450092,nm6908650
tt10450094,nm6908650
tt10450096,nm6908650
tt10450098,nm6908650
tt10450102,nm6908650
tt10450104,nm6908650
tt10450106,nm6908650
tt10450108,nm6908650
tt10450110,nm6908650
tt10450112,nm6908650
tt10450114,nm6908650
tt10450116,nm6908650
tt10450118,nm6908650
tt10450120,nm6908650
tt10450122,nm6908650
tt10450124,nm6908650
tt10450126,nm6908650
tt10450128,nm6908650
tt10450130,nm6908650
tt10450132,nm6908650
tt10450134,nm6908650
tt10450136,nm6908650
tt10450138,nm6908650
tt10450140,nm6908650
tt10450142,nm6908650
tt10450150,nm9114413
tt10450164,nm1568480
tt10450182,nm9953592
tt10450186,nm9119224
tt10450192,nm9050068
tt10450284,nm6908650
tt10450286,nm6908650
tt10450288,nm6908650
tt10450290,nm6908650
tt10450292,nm6908650
tt10450294,nm6908650
tt10450296,nm6908650
tt10450298,nm6908650
tt10450300,nm6908650
tt10450302,nm6908650
tt10450304,nm6908650
tt10450306,nm6908650
tt10450308,nm6908650
tt10450310,nm6908650
tt10450312,nm6908650
tt10450316,nm6908650
tt10450318,nm6908650
tt10450320,nm6908650
tt10450322,nm6908650
tt10450324,nm6908650
tt10450326,nm6908650
tt10450328,nm6908650
tt10450330,nm6908650
tt10450332,nm6908650
tt10450334,nm6908650
tt10450336,nm6908650
tt10450338,nm6908650
tt10450340,nm6908650
tt10450342,nm6908650
tt10450344,nm6908650
tt10450346,nm6908650
tt10450348,nm6908650
tt10450350,nm6908650
tt10450352,nm6908650
tt10450354,nm6908650
tt10450356,nm6908650
tt10450358,nm6908650
tt10450360,nm6908650
tt10450362,nm6908650
tt10450364,nm6908650
tt10450366,nm6908650
tt10450368,nm6908650
tt10450370,nm6908650
tt10450372,nm6908650
tt10450374,nm6908650
tt10450376,nm6908650
tt10450378,nm6908650
tt10450380,nm6908650
tt10450382,nm6908650
tt10450384,nm6908650
tt10450386,nm6908650
tt10450388,nm6908650
tt10450390,nm6908650
tt10450392,nm6908650
tt10450394,nm6908650
tt10450396,nm6908650
tt10450398,nm6908650
tt10450400,nm6908650
tt10450402,nm6908650
tt10450404,nm6908650
tt10450410,nm5977285
tt10450410,nm9492054
tt10450412,nm6908650
tt10450414,nm6908650
tt10450416,nm6908650
tt10450418,nm6908650
tt10450420,nm6908650
tt10450424,nm6908650
tt10450426,nm6908650
tt10450428,nm6908650
tt10450430,nm6908650
tt10450432,nm6908650
tt10450434,nm6908650
tt10450436,nm6908650
tt10450438,nm6908650
tt10450440,nm6908650
tt10450444,nm6908650
tt10450446,nm6908650
tt10450448,nm6908650
tt10450452,nm6908650
tt10450454,nm6908650
tt10450458,nm6908650
tt10450464,nm6908650
tt10450466,nm6908650
tt10450468,nm6908650
tt10450470,nm6908650
tt10450472,nm6908650
tt10450474,nm6908650
tt10450476,nm6908650
tt10450478,nm6908650
tt10450480,nm6908650
tt10450482,nm6908650
tt10450484,nm6908650
tt10450486,nm6908650
tt10450488,nm6908650
tt10450490,nm6908650
tt10450492,nm6908650
tt10450494,nm6908650
tt10450496,nm6908650
tt10450498,nm6908650
tt10450500,nm6908650
tt10450502,nm6908650
tt10450770,nm10016536
tt10450770,nm10761266
tt10450826,nm10428534
tt10450862,nm10749082
tt10450944,nm10743719
tt10451088,nm10749295
tt10451094,nm3805989
tt10451118,nm1304348
tt10451156,nm3805989
tt10451178,nm10749297
tt10451244,nm10749405
tt10451248,nm1166691
tt10451324,nm4293700
tt10451330,nm6531331
tt10451364,nm6343798
tt10451418,nm3805989
tt10451674,nm3926064
tt10451684,nm10749596
tt10451690,nm3454862
tt10451698,nm8743039
tt10451758,nm9838561
tt10451764,nm6621525
tt10451854,nm10749738
tt10451854,nm10749740
tt10451854,nm1697293
tt10451854,nm7038200
tt10451982,nm11698175
tt10451990,nm10689964
tt10451994,nm10436793
tt10452008,nm7569445
tt10452010,nm11151047
tt10452022,nm0372798
tt10452034,nm0372798
tt10452046,nm3491476
tt10452142,nm3805989
tt10452170,nm10747296
tt10452174,nm3805989
tt10452194,nm3805989
tt10452212,nm3805989
tt10452222,nm7526912
tt10452230,nm7293209
tt10452248,nm3805989
tt10452258,nm4402629
tt10452264,nm7038200
tt10452266,nm4402629
tt10452268,nm4402629
tt10452270,nm4402629
tt10452272,nm4402629
tt10452274,nm4402629
tt10452294,nm2454655
tt10452296,nm2147659
tt10452296,nm7339799
tt10452316,nm0387702
tt10452334,nm7293209
tt10452346,nm0387702
tt10452348,nm7293209
tt10452356,nm8610757
tt10452374,nm10750145
tt10452542,nm0387702
tt10452554,nm6077150
tt10452554,nm6832969
tt10452558,nm6627674
tt10452564,nm0948931
tt10452568,nm6590297
tt10452590,nm9279397
tt10452598,nm0948931
tt10452614,nm9800370
tt10452644,nm10438680
tt10452654,nm10717520
tt10452654,nm11694623
tt10452674,nm7293209
tt10452872,nm1337244
tt10452872,nm3689924
tt10452898,nm6078661
tt10452974,nm1323089
tt10452996,nm11061084
tt10453062,nm4281626
tt10453062,nm5402349
tt10453074,nm10750314
tt10453080,nm4281626
tt10453114,nm5139847
tt10453218,nm7745844
tt10453312,nm10647116
tt10453322,nm9671553
tt10453644,nm10649783
tt10453644,nm10650180
tt10453658,nm10750541
tt10453670,nm6077150
tt10453680,nm6077150
tt10453692,nm6832969
tt10453700,nm2822866
tt10453864,nm12261753
tt10453878,nm7123608
tt10453902,nm7123608
tt10454034,nm10750794
tt10454226,nm2204784
tt10454226,nm5120720
tt10454320,nm6908650
tt10454322,nm6908650
tt10454324,nm6908650
tt10454326,nm6908650
tt10454328,nm6908650
tt10454330,nm6908650
tt10454332,nm6908650
tt10454334,nm6908650
tt10454336,nm6908650
tt10454340,nm6908650
tt10454344,nm6908650
tt10454346,nm6908650
tt10454348,nm6908650
tt10454350,nm6908650
tt10454352,nm6908650
tt10454354,nm6908650
tt10454356,nm6908650
tt10454358,nm6908650
tt10454360,nm6908650
tt10454362,nm6908650
tt10454366,nm6908650
tt10454368,nm6908650
tt10454370,nm6908650
tt10454372,nm6908650
tt10454374,nm6908650
tt10454376,nm6908650
tt10454378,nm6908650
tt10454380,nm6908650
tt10454382,nm6908650
tt10454384,nm6908650
tt10454386,nm6908650
tt10454388,nm6908650
tt10454390,nm6908650
tt10454392,nm6908650
tt10454394,nm6908650
tt10454396,nm6908650
tt10454400,nm6908650
tt10454402,nm6908650
tt10454404,nm6908650
tt10454406,nm6908650
tt10454408,nm6908650
tt10454410,nm6908650
tt10454412,nm6908650
tt10454414,nm6908650
tt10454416,nm6908650
tt10454418,nm6908650
tt10454420,nm6908650
tt10454424,nm6908650
tt10454426,nm6908650
tt10454428,nm6908650
tt10454430,nm6908650
tt10454436,nm6908650
tt10454438,nm6908650
tt10454440,nm6908650
tt10454442,nm6908650
tt10454444,nm6908650
tt10454448,nm6908650
tt10454450,nm6908650
tt10454452,nm6908650
tt10454456,nm6908650
tt10454498,nm6908650
tt10454506,nm5378297
tt10454506,nm6908650
tt10454520,nm6908650
tt10454538,nm6908650
tt10454540,nm6908650
tt10454542,nm6908650
tt10454544,nm6908650
tt10454546,nm6908650
tt10454548,nm6908650
tt10454550,nm6908650
tt10454552,nm6908650
tt10454554,nm6908650
tt10454556,nm6908650
tt10454558,nm6908650
tt10454562,nm6908650
tt10454564,nm6908650
tt10454566,nm6908650
tt10454568,nm6908650
tt10454570,nm6908650
tt10454572,nm6908650
tt10454574,nm6908650
tt10454578,nm6908650
tt10454580,nm6908650
tt10454584,nm6908650
tt10454586,nm6908650
tt10454588,nm6908650
tt10454590,nm6908650
tt10454592,nm6908650
tt10454596,nm6908650
tt10454598,nm6908650
tt10454600,nm6908650
tt10454602,nm6908650
tt10454604,nm6908650
tt10454606,nm6908650
tt10454608,nm6908650
tt10454610,nm6908650
tt10454612,nm6908650
tt10454614,nm6908650
tt10454616,nm6908650
tt10454618,nm6908650
tt10454620,nm6908650
tt10454622,nm6908650
tt10454624,nm6908650
tt10454632,nm11314668
tt10454632,nm5785112
tt10454636,nm11314668
tt10454636,nm5785112
tt10454638,nm11314668
tt10454640,nm11314668
tt10454642,nm5785112
tt10454646,nm5785112
tt10454656,nm5785112
tt10454660,nm5785112
tt10454666,nm5785112
tt10454670,nm5785112
tt10454672,nm5785112
tt10454676,nm5785112
tt10454678,nm5785112
tt10454684,nm5785112
tt10454690,nm5785112
tt10454696,nm5785112
tt10454700,nm11314668
tt10454702,nm5785112
tt10454704,nm5785112
tt10454718,nm11314668
tt10454720,nm11314668
tt10454728,nm5785112
tt10454730,nm5785112
tt10455274,nm4366709
tt10455418,nm1304348
tt10455490,nm11314668
tt10455496,nm11314668
tt10455520,nm11314668
tt10455806,nm4256037
tt10455810,nm13274981
tt10455812,nm13274981
tt10455814,nm13274981
tt10455816,nm13274981
tt10455818,nm13274981
tt10455822,nm11314668
tt10455822,nm13274981
tt10455824,nm13274981
tt10455828,nm13274981
tt10455832,nm13274981
tt10455836,nm13274981
tt10455838,nm13274981
tt10455840,nm13274981
tt10455842,nm13274981
tt10455844,nm11314668
tt10455844,nm13274981
tt10455846,nm13274981
tt10455848,nm13274981
tt10455850,nm13274981
tt10455852,nm13274981
tt10455854,nm13274981
tt10455864,nm13274981
tt10455866,nm13274981
tt10455868,nm13274981
tt10455870,nm13274981
tt10455872,nm13274981
tt10455876,nm13274981
tt10455878,nm13274981
tt10455882,nm13274981
tt10455884,nm13274981
tt10455886,nm13274981
tt10455888,nm13274981
tt10455890,nm13274981
tt10455892,nm13274981
tt10455894,nm13274981
tt10455896,nm13274981
tt10455898,nm13274981
tt10455900,nm13274981
tt10455904,nm13274981
tt10455906,nm13274981
tt10455910,nm13274981
tt10456016,nm3289336
tt10456316,nm10751183
tt10456430,nm1424562
tt10456442,nm10751242
tt10456556,nm10751271
tt10456646,nm2848796
tt10456690,nm3407341
tt10456698,nm2529371
tt10456718,nm1052695
tt10456778,nm5977285
tt10456778,nm9492054
tt10456828,nm4901064
tt10456828,nm6578772
tt10456880,nm10173163
tt10456912,nm8578424
tt10457014,nm2147659
tt10457018,nm7339799
tt10457020,nm7339799
tt10457022,nm7339799
tt10457026,nm7339799
tt10457034,nm4511739
tt10457052,nm10751687
tt10457052,nm10751688
tt10457054,nm2529371
tt10457068,nm9562972
tt10457302,nm4631428
tt10457372,nm9800370
tt10457380,nm3061836
tt10457400,nm10752089
tt10457428,nm1672094
tt10457458,nm3293700
tt10457478,nm10752127
tt10457484,nm10752131
tt10457726,nm0348274
tt10457826,nm6849696
tt10457852,nm10752396
tt10457948,nm8299156
tt10458298,nm1953168
tt10458298,nm3160207
tt10458300,nm9881721
tt10458310,nm10752568
tt10458514,nm10752647
tt10458698,nm13274981
tt10458700,nm13274981
tt10458702,nm13274981
tt10458704,nm13274981
tt10458706,nm13274981
tt10458708,nm13274981
tt10458710,nm13274981
tt10458712,nm13274981
tt10458714,nm13274981
tt10458716,nm13274981
tt10458718,nm13274981
tt10458720,nm13274981
tt10458722,nm13274981
tt10458724,nm8855407
tt10458726,nm13274981
tt10458728,nm13274981
tt10458730,nm13274981
tt10458732,nm13274981
tt10458734,nm13274981
tt10458736,nm13274981
tt10458738,nm13274981
tt10458740,nm10752704
tt10458744,nm10752707
tt10458744,nm10752708
tt10458746,nm8130447
tt10458748,nm13274981
tt10458750,nm13274981
tt10458752,nm13274981
tt10458754,nm13274981
tt10458756,nm13274981
tt10458758,nm11314668
tt10458758,nm13274981
tt10458760,nm13274981
tt10458762,nm13274981
tt10458764,nm13274981
tt10458766,nm13274981
tt10458768,nm13274981
tt10458770,nm11314668
tt10458770,nm13274981
tt10458772,nm13274981
tt10458774,nm13274981
tt10458776,nm13274981
tt10458778,nm13274981
tt10458780,nm13274981
tt10458782,nm13274981
tt10458786,nm13274981
tt10458788,nm13274981
tt10458888,nm8914821
tt10458946,nm11314668
tt10458958,nm11314668
tt10458962,nm11314668
tt10458966,nm11314668
tt10458978,nm11314668
tt10459212,nm9631512
tt10459256,nm8855407
tt10459366,nm0016225
tt10459410,nm0285858
tt10459580,nm11314668
tt10459586,nm5785112
tt10459588,nm5785112
tt10459590,nm0644792
tt10459592,nm5785112
tt10459598,nm5785112
tt10459604,nm11314668
tt10459606,nm5785112
tt10459624,nm5785112
tt10459626,nm5785112
tt10459630,nm11314668
tt10459632,nm5785112
tt10459634,nm5785112
tt10459642,nm6908650
tt10459646,nm6908650
tt10459650,nm6908650
tt10459654,nm6908650
tt10459656,nm6908650
tt10459658,nm6908650
tt10459660,nm6908650
tt10459664,nm6908650
tt10459670,nm6908650
tt10459672,nm6908650
tt10459676,nm6908650
tt10459682,nm6908650
tt10459686,nm6908650
tt10459690,nm6908650
tt10459692,nm6908650
tt10459694,nm6908650
tt10459696,nm6908650
tt10459700,nm6908650
tt10459702,nm6908650
tt10459704,nm6908650
tt10459706,nm6908650
tt10459708,nm6908650
tt10459710,nm6908650
tt10459712,nm6908650
tt10459714,nm6908650
tt10459716,nm6908650
tt10459718,nm6908650
tt10459720,nm6908650
tt10459722,nm6908650
tt10459724,nm6908650
tt10459726,nm6908650
tt10459728,nm6908650
tt10459730,nm6908650
tt10459732,nm6908650
tt10459734,nm6908650
tt10459736,nm6908650
tt10459738,nm6908650
tt10459740,nm6908650
tt10459744,nm6908650
tt10459746,nm6908650
tt10459772,nm6908650
tt10459780,nm6908650
tt10459784,nm6908650
tt10459820,nm0622350
tt10459820,nm1294793
tt10459820,nm1364603
tt10459820,nm4909944
tt10459822,nm0622350
tt10459822,nm1294793
tt10459822,nm1364603
tt10459822,nm4909944
tt10459826,nm0622350
tt10459826,nm1294793
tt10459826,nm1364603
tt10459826,nm4909944
tt10459828,nm0622350
tt10459828,nm1294793
tt10459828,nm1364603
tt10459828,nm4909944
tt10459832,nm0622350
tt10459832,nm1294793
tt10459832,nm1364603
tt10459832,nm4909944
tt10459834,nm0622350
tt10459834,nm1294793
tt10459834,nm1364603
tt10459834,nm4909944
tt10459836,nm0622350
tt10459836,nm1294793
tt10459836,nm1364603
tt10459836,nm4909944
tt10459838,nm10752867
tt10459840,nm0622350
tt10459840,nm1294793
tt10459840,nm1364603
tt10459840,nm4909944
tt10459844,nm0622350
tt10459844,nm1294793
tt10459844,nm1364603
tt10459844,nm4909944
tt10459848,nm0622350
tt10459848,nm1294793
tt10459848,nm1364603
tt10459848,nm4909944
tt10459850,nm0622350
tt10459850,nm1294793
tt10459850,nm1364603
tt10459850,nm4909944
tt10459852,nm0622350
tt10459852,nm1294793
tt10459852,nm1364603
tt10459852,nm4909944
tt10459854,nm0622350
tt10459854,nm1294793
tt10459854,nm1364603
tt10459854,nm4909944
tt10459856,nm0622350
tt10459856,nm1294793
tt10459856,nm1364603
tt10459856,nm4909944
tt10459858,nm0622350
tt10459858,nm1294793
tt10459858,nm1364603
tt10459858,nm4909944
tt10459860,nm0622350
tt10459860,nm1294793
tt10459860,nm1364603
tt10459860,nm4909944
tt10459862,nm0622350
tt10459862,nm1294793
tt10459862,nm1364603
tt10459862,nm4909944
tt10459864,nm0622350
tt10459864,nm1294793
tt10459864,nm1364603
tt10459864,nm4909944
tt10459866,nm0622350
tt10459866,nm1294793
tt10459866,nm1364603
tt10459866,nm4909944
tt10459882,nm6908650
tt10459884,nm10751635
tt10459892,nm6908650
tt10459894,nm6908650
tt10459896,nm6908650
tt10459900,nm6908650
tt10459902,nm6908650
tt10459904,nm6908650
tt10459906,nm6908650
tt10459908,nm6908650
tt10459910,nm6908650
tt10459912,nm6908650
tt10459914,nm6908650
tt10459916,nm6908650
tt10459918,nm6908650
tt10459920,nm6908650
tt10459922,nm6908650
tt10459924,nm6908650
tt10459926,nm6908650
tt10459928,nm6908650
tt10459930,nm6908650
tt10459938,nm6908650
tt10459940,nm6908650
tt10459944,nm6908650
tt10459948,nm6908650
tt10459950,nm6908650
tt10459952,nm6908650
tt10459954,nm6908650
tt10459956,nm6908650
tt10459958,nm6908650
tt10459960,nm6908650
tt10459962,nm6908650
tt10459964,nm6908650
tt10459966,nm6908650
tt10459968,nm6908650
tt10459970,nm6908650
tt10459974,nm6908650
tt10459976,nm6908650
tt10459978,nm6908650
tt10459980,nm6908650
tt10459982,nm6908650
tt10459984,nm6908650
tt10459986,nm6908650
tt10459988,nm6908650
tt10459992,nm6908650
tt10459994,nm6908650
tt10459996,nm6908650
tt10459998,nm6908650
tt10460000,nm6908650
tt10460002,nm6908650
tt10460004,nm6908650
tt10460006,nm6908650
tt10460008,nm6908650
tt10460010,nm6908650
tt10460012,nm6908650
tt10460014,nm6908650
tt10460018,nm6908650
tt10460020,nm6908650
tt10460022,nm6908650
tt10460024,nm6908650
tt10460308,nm1693637
tt10460330,nm0622350
tt10460330,nm1294793
tt10460330,nm1364603
tt10460330,nm4909944
tt10460332,nm0622350
tt10460332,nm1294793
tt10460332,nm1364603
tt10460332,nm4909944
tt10460336,nm0622350
tt10460336,nm1294793
tt10460336,nm1364603
tt10460336,nm4909944
tt10460340,nm0622350
tt10460340,nm1294793
tt10460340,nm1364603
tt10460340,nm4909944
tt10460342,nm0622350
tt10460342,nm1294793
tt10460342,nm1364603
tt10460342,nm4909944
tt10460344,nm0622350
tt10460344,nm1294793
tt10460344,nm1364603
tt10460344,nm4909944
tt10460346,nm0622350
tt10460346,nm1294793
tt10460346,nm1364603
tt10460346,nm4909944
tt10460348,nm0622350
tt10460348,nm1294793
tt10460348,nm1364603
tt10460348,nm4909944
tt10460352,nm0622350
tt10460352,nm1294793
tt10460352,nm1364603
tt10460352,nm4909944
tt10460354,nm0622350
tt10460354,nm1294793
tt10460354,nm1364603
tt10460354,nm4909944
tt10460356,nm0622350
tt10460356,nm1294793
tt10460356,nm1364603
tt10460356,nm4909944
tt10460358,nm0622350
tt10460358,nm1294793
tt10460358,nm1364603
tt10460358,nm4909944
tt10460364,nm0622350
tt10460364,nm1294793
tt10460364,nm1364603
tt10460364,nm4909944
tt10460366,nm0622350
tt10460366,nm1294793
tt10460366,nm1364603
tt10460366,nm4909944
tt10460368,nm0622350
tt10460368,nm1294793
tt10460368,nm1364603
tt10460368,nm4909944
tt10460370,nm0622350
tt10460370,nm1294793
tt10460370,nm1364603
tt10460370,nm4909944
tt10460376,nm0622350
tt10460376,nm1294793
tt10460376,nm1364603
tt10460376,nm4909944
tt10460378,nm0622350
tt10460378,nm1294793
tt10460378,nm1364603
tt10460378,nm4909944
tt10460382,nm0622350
tt10460382,nm1294793
tt10460382,nm1364603
tt10460382,nm4909944
tt10460550,nm7358484
tt10460564,nm0622350
tt10460564,nm1294793
tt10460564,nm1364603
tt10460566,nm0622350
tt10460566,nm1294793
tt10460566,nm1364603
tt10460570,nm0622350
tt10460570,nm1294793
tt10460570,nm1364603
tt10460574,nm0622350
tt10460574,nm1294793
tt10460574,nm1364603
tt10460576,nm0622350
tt10460576,nm1294793
tt10460576,nm1364603
tt10460578,nm0622350
tt10460578,nm1294793
tt10460578,nm1364603
tt10460580,nm0622350
tt10460580,nm1294793
tt10460580,nm1364603
tt10460582,nm0622350
tt10460582,nm1294793
tt10460582,nm1364603
tt10460584,nm0622350
tt10460584,nm1294793
tt10460584,nm1364603
tt10460586,nm0622350
tt10460586,nm1294793
tt10460586,nm1364603
tt10460588,nm0622350
tt10460588,nm1294793
tt10460588,nm1364603
tt10460590,nm0622350
tt10460590,nm1294793
tt10460590,nm1364603
tt10460592,nm0622350
tt10460592,nm1294793
tt10460592,nm1364603
tt10460594,nm0622350
tt10460594,nm1294793
tt10460594,nm1364603
tt10460600,nm0622350
tt10460600,nm1294793
tt10460600,nm1364603
tt10460602,nm0622350
tt10460602,nm1294793
tt10460602,nm1364603
tt10460604,nm0622350
tt10460604,nm1294793
tt10460604,nm1364603
tt10460604,nm4909944
tt10460608,nm0622350
tt10460608,nm1294793
tt10460608,nm1364603
tt10460612,nm0622350
tt10460612,nm1294793
tt10460612,nm1364603
tt10460614,nm0622350
tt10460614,nm1294793
tt10460614,nm1364603
tt10460614,nm4909944
tt10460616,nm0622350
tt10460616,nm1294793
tt10460616,nm1364603
tt10460618,nm0622350
tt10460618,nm1294793
tt10460618,nm1364603
tt10460624,nm0622350
tt10460624,nm1294793
tt10460624,nm1364603
tt10460626,nm0622350
tt10460626,nm1294793
tt10460626,nm1364603
tt10460628,nm0622350
tt10460628,nm1294793
tt10460628,nm1364603
tt10460630,nm0622350
tt10460630,nm1294793
tt10460630,nm1364603
tt10460632,nm0622350
tt10460632,nm1294793
tt10460632,nm1364603
tt10460636,nm0622350
tt10460636,nm1294793
tt10460636,nm1364603
tt10460638,nm0622350
tt10460638,nm1294793
tt10460638,nm1364603
tt10460640,nm0622350
tt10460640,nm1294793
tt10460640,nm1364603
tt10460642,nm0622350
tt10460642,nm1294793
tt10460642,nm1364603
tt10460644,nm0622350
tt10460644,nm1294793
tt10460644,nm1364603
tt10460652,nm0622350
tt10460652,nm1294793
tt10460652,nm1364603
tt10460654,nm0622350
tt10460654,nm1294793
tt10460654,nm1364603
tt10460656,nm0622350
tt10460656,nm1294793
tt10460656,nm1364603
tt10460662,nm0622350
tt10460662,nm1294793
tt10460662,nm1364603
tt10460664,nm0622350
tt10460664,nm1294793
tt10460664,nm1364603
tt10460666,nm0622350
tt10460666,nm1294793
tt10460666,nm1364603
tt10460670,nm0622350
tt10460670,nm1294793
tt10460670,nm1364603
tt10460672,nm0622350
tt10460672,nm1294793
tt10460672,nm1364603
tt10460932,nm8622401
tt10460946,nm9807566
tt10460948,nm8622401
tt10460988,nm8622401
tt10461014,nm8622401
tt10461034,nm8622401
tt10461038,nm7340376
tt10461122,nm3486070
tt10461168,nm2219677
tt10461322,nm0482931
tt10461328,nm8774434
tt10461340,nm4087886
tt10461530,nm10753843
tt10461530,nm7199843
tt10461578,nm4830328
tt10461578,nm9471001
tt10461584,nm3633688
tt10461584,nm5757512
tt10461584,nm7054397
tt10461686,nm10737876
tt10461686,nm10737877
tt10461694,nm10737876
tt10461694,nm10737877
tt10461702,nm10737876
tt10461702,nm10737877
tt10461704,nm10737876
tt10461704,nm10737877
tt10461710,nm10737876
tt10461710,nm10737877
tt10461718,nm10737876
tt10461718,nm10737877
tt10461720,nm10737876
tt10461720,nm10737877
tt10461724,nm10737876
tt10461724,nm10737877
tt10461730,nm10737876
tt10461730,nm10737877
tt10461734,nm10737876
tt10461734,nm10737877
tt10461742,nm10737876
tt10461742,nm10737877
tt10461748,nm10737876
tt10461748,nm10737877
tt10461752,nm10737876
tt10461752,nm10737877
tt10461756,nm9807566
tt10461758,nm10737876
tt10461758,nm10737877
tt10461760,nm4874441
tt10461762,nm10737876
tt10461762,nm10737877
tt10461764,nm10737876
tt10461764,nm10737877
tt10461836,nm7385671
tt10461872,nm6962233
tt10461906,nm5873786
tt10461988,nm9880978
tt10462006,nm10754198
tt10462016,nm2633284
tt10462034,nm9536836
tt10462118,nm9536836
tt10462120,nm9536836
tt10462122,nm9536836
tt10462124,nm9536836
tt10462158,nm10720360
tt10462168,nm10754425
tt10462184,nm9433178
tt10462210,nm10754459
tt10462212,nm4058456
tt10462214,nm9433178
tt10462302,nm10678160
tt10462302,nm11392275
tt10462380,nm1668165
tt10462482,nm10754674
tt10462540,nm2888880
tt10462602,nm9471001
tt10462646,nm10754788
tt10462660,nm9471001
tt10462800,nm9471001
tt10462814,nm11908804
tt10462826,nm10019274
tt10462848,nm11724450
tt10462864,nm1114975
tt10462896,nm8866138
tt10462924,nm9471001
tt10462976,nm1407496
tt10463090,nm3946276
tt10463102,nm9377259
tt10463212,nm8780950
tt10463258,nm10755163
tt10463272,nm3805989
tt10463374,nm9200217
tt10463382,nm10755163
tt10463468,nm9742524
tt10463528,nm0622350
tt10463528,nm1294793
tt10463528,nm1364603
tt10463530,nm0622350
tt10463530,nm1294793
tt10463530,nm1364603
tt10463532,nm0622350
tt10463532,nm1294793
tt10463532,nm1364603
tt10463534,nm0622350
tt10463534,nm1294793
tt10463534,nm1364603
tt10463538,nm0622350
tt10463538,nm1294793
tt10463538,nm1364603
tt10463540,nm0622350
tt10463540,nm1294793
tt10463540,nm1364603
tt10463542,nm0622350
tt10463542,nm1294793
tt10463542,nm1364603
tt10463544,nm0622350
tt10463544,nm1294793
tt10463544,nm1364603
tt10463546,nm1709617
tt10463550,nm0622350
tt10463550,nm1294793
tt10463550,nm1364603
tt10463552,nm0622350
tt10463552,nm1294793
tt10463552,nm1364603
tt10463554,nm0622350
tt10463554,nm1294793
tt10463554,nm1364603
tt10463556,nm0622350
tt10463556,nm1294793
tt10463556,nm1364603
tt10463558,nm0622350
tt10463558,nm1294793
tt10463558,nm1364603
tt10463560,nm0622350
tt10463560,nm1294793
tt10463560,nm1364603
tt10463562,nm0622350
tt10463562,nm1294793
tt10463562,nm1364603
tt10463564,nm0622350
tt10463564,nm1294793
tt10463564,nm1364603
tt10463566,nm0622350
tt10463566,nm1294793
tt10463566,nm1364603
tt10463570,nm0622350
tt10463570,nm1294793
tt10463570,nm1364603
tt10463572,nm0622350
tt10463572,nm1294793
tt10463572,nm1364603
tt10463574,nm0622350
tt10463574,nm1294793
tt10463574,nm1364603
tt10463582,nm0622350
tt10463582,nm1294793
tt10463582,nm1364603
tt10463584,nm0622350
tt10463584,nm1294793
tt10463584,nm1364603
tt10463586,nm0622350
tt10463586,nm1294793
tt10463586,nm1364603
tt10463588,nm0622350
tt10463588,nm1294793
tt10463588,nm1364603
tt10463590,nm0622350
tt10463590,nm1294793
tt10463590,nm1364603
tt10463592,nm0622350
tt10463592,nm1294793
tt10463592,nm1364603
tt10463594,nm0622350
tt10463594,nm1294793
tt10463594,nm1364603
tt10463596,nm0622350
tt10463596,nm1294793
tt10463596,nm1364603
tt10463598,nm0622350
tt10463598,nm1294793
tt10463598,nm1364603
tt10463600,nm0622350
tt10463600,nm1294793
tt10463600,nm1364603
tt10463602,nm0622350
tt10463602,nm1294793
tt10463602,nm1364603
tt10463604,nm0622350
tt10463604,nm1294793
tt10463604,nm1364603
tt10463606,nm0622350
tt10463606,nm1294793
tt10463606,nm1364603
tt10463612,nm0622350
tt10463612,nm1294793
tt10463612,nm1364603
tt10463614,nm0622350
tt10463614,nm1294793
tt10463614,nm1364603
tt10463616,nm0622350
tt10463616,nm1294793
tt10463616,nm1364603
tt10463618,nm0622350
tt10463618,nm1294793
tt10463618,nm1364603
tt10463620,nm0622350
tt10463620,nm1294793
tt10463620,nm1364603
tt10463624,nm0622350
tt10463624,nm1294793
tt10463624,nm1364603
tt10463626,nm0622350
tt10463626,nm1294793
tt10463626,nm1364603
tt10463764,nm1310660
tt10463844,nm0622350
tt10463844,nm1294793
tt10463844,nm1364603
tt10463844,nm4909944
tt10463846,nm0622350
tt10463846,nm1294793
tt10463846,nm1364603
tt10463846,nm4909944
tt10463848,nm0622350
tt10463848,nm1294793
tt10463848,nm1364603
tt10463848,nm4909944
tt10463850,nm0622350
tt10463850,nm1294793
tt10463850,nm1364603
tt10463850,nm4909944
tt10463852,nm0622350
tt10463852,nm1294793
tt10463852,nm1364603
tt10463852,nm4909944
tt10463854,nm0622350
tt10463854,nm1294793
tt10463854,nm1364603
tt10463854,nm4909944
tt10463856,nm0622350
tt10463856,nm1294793
tt10463856,nm1364603
tt10463856,nm4909944
tt10463860,nm0622350
tt10463860,nm1294793
tt10463860,nm1364603
tt10463860,nm4909944
tt10463864,nm0622350
tt10463864,nm1294793
tt10463864,nm1364603
tt10463864,nm4909944
tt10463866,nm0622350
tt10463866,nm1294793
tt10463866,nm1364603
tt10463866,nm4909944
tt10463870,nm0622350
tt10463870,nm1294793
tt10463870,nm1364603
tt10463870,nm4909944
tt10463874,nm0622350
tt10463874,nm1294793
tt10463874,nm1364603
tt10463874,nm4909944
tt10463876,nm0622350
tt10463876,nm1294793
tt10463876,nm1364603
tt10463876,nm4909944
tt10463878,nm0622350
tt10463878,nm1294793
tt10463878,nm1364603
tt10463878,nm4909944
tt10463880,nm0622350
tt10463880,nm1294793
tt10463880,nm1364603
tt10463880,nm4909944
tt10463882,nm0622350
tt10463882,nm1294793
tt10463882,nm1364603
tt10463882,nm4909944
tt10463884,nm0622350
tt10463884,nm1294793
tt10463884,nm1364603
tt10463884,nm4909944
tt10463886,nm0622350
tt10463886,nm1294793
tt10463886,nm1364603
tt10463886,nm4909944
tt10463888,nm0622350
tt10463888,nm1294793
tt10463888,nm1364603
tt10463888,nm4909944
tt10464000,nm5062167
tt10464230,nm5062167
tt10464234,nm6908650
tt10464236,nm6908650
tt10464238,nm6908650
tt10464240,nm6908650
tt10464244,nm6908650
tt10464246,nm6908650
tt10464248,nm6908650
tt10464250,nm6908650
tt10464254,nm6908650
tt10464256,nm6908650
tt10464258,nm6908650
tt10464260,nm6908650
tt10464262,nm6908650
tt10464266,nm6908650
tt10464268,nm6908650
tt10464270,nm6908650
tt10464272,nm6908650
tt10464274,nm6908650
tt10464276,nm6908650
tt10464278,nm6908650
tt10464280,nm6908650
tt10464282,nm6908650
tt10464284,nm6908650
tt10464286,nm6908650
tt10464288,nm6908650
tt10464292,nm6908650
tt10464296,nm6908650
tt10464298,nm6908650
tt10464300,nm6908650
tt10464302,nm6908650
tt10464304,nm6908650
tt10464306,nm6908650
tt10464310,nm6908650
tt10464312,nm6908650
tt10464314,nm6908650
tt10464318,nm6908650
tt10464320,nm6908650
tt10464322,nm6908650
tt10464324,nm6908650
tt10464326,nm6908650
tt10464330,nm6908650
tt10464332,nm6908650
tt10464334,nm6908650
tt10464336,nm6908650
tt10464338,nm6908650
tt10464340,nm6908650
tt10464342,nm6908650
tt10464344,nm6908650
tt10464346,nm6908650
tt10464348,nm6908650
tt10464350,nm6908650
tt10464354,nm6908650
tt10464356,nm6908650
tt10464360,nm6908650
tt10464362,nm6908650
tt10464364,nm6908650
tt10464366,nm6908650
tt10464372,nm6908650
tt10464374,nm6908650
tt10464376,nm6908650
tt10464380,nm0622350
tt10464380,nm1294793
tt10464380,nm1364603
tt10464380,nm4909944
tt10464382,nm5062167
tt10464388,nm0622350
tt10464388,nm1294793
tt10464388,nm1364603
tt10464388,nm4909944
tt10464390,nm0622350
tt10464390,nm1294793
tt10464390,nm1364603
tt10464390,nm4909944
tt10464392,nm0622350
tt10464392,nm1294793
tt10464392,nm1364603
tt10464392,nm4909944
tt10464394,nm0622350
tt10464394,nm1294793
tt10464394,nm1364603
tt10464394,nm4909944
tt10464396,nm0622350
tt10464396,nm1294793
tt10464396,nm1364603
tt10464396,nm4909944
tt10464400,nm0622350
tt10464400,nm1294793
tt10464400,nm1364603
tt10464400,nm4909944
tt10464402,nm0622350
tt10464402,nm1294793
tt10464402,nm1364603
tt10464402,nm4909944
tt10464404,nm0622350
tt10464404,nm1294793
tt10464404,nm1364603
tt10464404,nm4909944
tt10464406,nm0622350
tt10464406,nm1294793
tt10464406,nm1364603
tt10464406,nm4909944
tt10464410,nm0622350
tt10464410,nm1294793
tt10464410,nm1364603
tt10464410,nm4909944
tt10464412,nm0622350
tt10464412,nm1294793
tt10464412,nm1364603
tt10464412,nm4909944
tt10464416,nm0622350
tt10464416,nm1294793
tt10464416,nm1364603
tt10464416,nm4909944
tt10464418,nm0622350
tt10464418,nm1294793
tt10464418,nm1364603
tt10464418,nm4909944
tt10464420,nm0622350
tt10464420,nm1294793
tt10464420,nm1364603
tt10464420,nm4909944
tt10464422,nm0622350
tt10464422,nm1294793
tt10464422,nm1364603
tt10464422,nm4909944
tt10464424,nm0622350
tt10464424,nm1294793
tt10464424,nm1364603
tt10464424,nm4909944
tt10464428,nm0622350
tt10464428,nm1294793
tt10464428,nm1364603
tt10464428,nm4909944
tt10464430,nm0622350
tt10464430,nm1294793
tt10464430,nm1364603
tt10464430,nm4909944
tt10464450,nm5424201
tt10464524,nm6908650
tt10464526,nm6908650
tt10464528,nm5062167
tt10464530,nm2475669
tt10464534,nm6908650
tt10464538,nm6908650
tt10464540,nm6908650
tt10464542,nm6908650
tt10464544,nm6908650
tt10464548,nm6908650
tt10464550,nm6908650
tt10464554,nm6908650
tt10464556,nm6908650
tt10464558,nm6908650
tt10464560,nm6908650
tt10464562,nm6908650
tt10464564,nm6908650
tt10464566,nm2475669
tt10464568,nm6908650
tt10464570,nm6908650
tt10464572,nm6908650
tt10464574,nm2475669
tt10464578,nm6908650
tt10464580,nm6908650
tt10464582,nm2475669
tt10464586,nm5062167
tt10464590,nm5785112
tt10464596,nm5785112
tt10464602,nm5785112
tt10464608,nm5785112
tt10464616,nm5785112
tt10464628,nm5785112
tt10464630,nm2475669
tt10464634,nm5785112
tt10464636,nm5785112
tt10464638,nm5785112
tt10464640,nm5785112
tt10464642,nm5785112
tt10464644,nm5785112
tt10464672,nm2475669
tt10464684,nm2475669
tt10464704,nm2475669
tt10464716,nm2475669
tt10464728,nm2475669
tt10464746,nm2475669
tt10464788,nm2475669
tt10464968,nm8181013
tt10465022,nm11314668
tt10465030,nm10739497
tt10465050,nm11314668
tt10465064,nm11314668
tt10465234,nm13274981
tt10465236,nm13274981
tt10465238,nm13274981
tt10465240,nm13274981
tt10465242,nm13274981
tt10465246,nm13274981
tt10465248,nm13274981
tt10465250,nm13274981
tt10465252,nm13274981
tt10465254,nm13274981
tt10465256,nm13274981
tt10465258,nm13274981
tt10465260,nm13274981
tt10465262,nm13274981
tt10465264,nm13274981
tt10465266,nm13274981
tt10465268,nm13274981
tt10465270,nm13274981
tt10465272,nm13274981
tt10465274,nm13274981
tt10465278,nm13274981
tt10465280,nm13274981
tt10465282,nm13274981
tt10465284,nm13274981
tt10465288,nm13274981
tt10465290,nm13274981
tt10465292,nm13274981
tt10465294,nm13274981
tt10465296,nm13274981
tt10465300,nm13274981
tt10465302,nm13274981
tt10465306,nm13274981
tt10465308,nm13274981
tt10465310,nm13274981
tt10465314,nm13274981
tt10465316,nm13274981
tt10465318,nm13274981
tt10465322,nm13274981
tt10465324,nm13274981
tt10465900,nm10755878
tt10465968,nm10512209
tt10465968,nm10512210
tt10465968,nm12908174
tt10465968,nm3582934
tt10465968,nm8213447
tt10465968,nm8669327
tt10465992,nm10512209
tt10465992,nm10512210
tt10465992,nm12908174
tt10465992,nm3582934
tt10465992,nm8213447
tt10465992,nm8669327
tt10465996,nm10512209
tt10465996,nm10512210
tt10465996,nm12908174
tt10465996,nm3582934
tt10465996,nm8213447
tt10465996,nm8669327
tt10465998,nm10755929
tt10466000,nm10512209
tt10466000,nm10512210
tt10466000,nm12908174
tt10466000,nm3582934
tt10466000,nm8213447
tt10466000,nm8669327
tt10466006,nm10512209
tt10466006,nm10512210
tt10466006,nm12908174
tt10466006,nm3582934
tt10466006,nm8213447
tt10466006,nm8669327
tt10466008,nm10512209
tt10466008,nm10512210
tt10466008,nm12908174
tt10466008,nm3582934
tt10466008,nm8213447
tt10466008,nm8669327
tt10466012,nm10512209
tt10466012,nm10512210
tt10466012,nm12908174
tt10466012,nm3582934
tt10466012,nm8213447
tt10466012,nm8669327
tt10466016,nm10512209
tt10466016,nm10512210
tt10466016,nm12908174
tt10466016,nm3582934
tt10466016,nm8213447
tt10466016,nm8669327
tt10466018,nm10512209
tt10466018,nm10512210
tt10466018,nm12908174
tt10466018,nm3582934
tt10466018,nm8213447
tt10466018,nm8669327
tt10466022,nm10512209
tt10466022,nm10512210
tt10466022,nm12908174
tt10466022,nm3582934
tt10466022,nm8213447
tt10466022,nm8669327
tt10466024,nm10512209
tt10466024,nm10512210
tt10466024,nm12908174
tt10466024,nm3582934
tt10466024,nm8213447
tt10466024,nm8669327
tt10466026,nm10512209
tt10466026,nm10512210
tt10466026,nm12908174
tt10466026,nm3582934
tt10466026,nm8213447
tt10466026,nm8669327
tt10466030,nm10512209
tt10466030,nm10512210
tt10466030,nm12908174
tt10466030,nm3582934
tt10466030,nm8213447
tt10466030,nm8669327
tt10466032,nm10512209
tt10466032,nm10512210
tt10466032,nm12908174
tt10466032,nm3582934
tt10466032,nm8213447
tt10466032,nm8669327
tt10466034,nm10512209
tt10466034,nm10512210
tt10466034,nm12908174
tt10466034,nm3582934
tt10466034,nm8213447
tt10466034,nm8669327
tt10466036,nm10512209
tt10466036,nm10512210
tt10466036,nm12908174
tt10466036,nm3582934
tt10466036,nm8213447
tt10466036,nm8669327
tt10466038,nm10512209
tt10466038,nm10512210
tt10466038,nm12908174
tt10466038,nm3582934
tt10466038,nm8213447
tt10466038,nm8669327
tt10466040,nm10512209
tt10466040,nm10512210
tt10466040,nm12908174
tt10466040,nm3582934
tt10466040,nm8213447
tt10466040,nm8669327
tt10466042,nm10512209
tt10466042,nm10512210
tt10466042,nm12908174
tt10466042,nm3582934
tt10466042,nm8213447
tt10466042,nm8669327
tt10466044,nm10512209
tt10466044,nm10512210
tt10466044,nm12908174
tt10466044,nm3582934
tt10466044,nm8213447
tt10466044,nm8669327
tt10466048,nm10512209
tt10466048,nm10512210
tt10466048,nm12908174
tt10466048,nm3582934
tt10466048,nm8213447
tt10466048,nm8669327
tt10466050,nm10512209
tt10466050,nm10512210
tt10466050,nm12908174
tt10466050,nm3582934
tt10466050,nm8213447
tt10466050,nm8669327
tt10466052,nm10512209
tt10466052,nm10512210
tt10466052,nm12908174
tt10466052,nm3582934
tt10466052,nm8213447
tt10466052,nm8669327
tt10466054,nm10512209
tt10466054,nm10512210
tt10466054,nm12908174
tt10466054,nm3582934
tt10466054,nm8213447
tt10466054,nm8669327
tt10466056,nm10512209
tt10466056,nm10512210
tt10466056,nm12908174
tt10466056,nm3582934
tt10466056,nm8213447
tt10466056,nm8669327
tt10466058,nm10512209
tt10466058,nm10512210
tt10466058,nm12908174
tt10466058,nm3582934
tt10466058,nm8213447
tt10466058,nm8669327
tt10466062,nm10512209
tt10466062,nm10512210
tt10466062,nm12908174
tt10466062,nm3582934
tt10466062,nm8213447
tt10466062,nm8669327
tt10466066,nm10512209
tt10466066,nm10512210
tt10466066,nm12908174
tt10466066,nm3582934
tt10466066,nm8213447
tt10466066,nm8669327
tt10466068,nm10512209
tt10466068,nm10512210
tt10466068,nm12908174
tt10466068,nm3582934
tt10466068,nm8213447
tt10466068,nm8669327
tt10466070,nm10512209
tt10466070,nm10512210
tt10466070,nm12908174
tt10466070,nm3582934
tt10466070,nm8213447
tt10466070,nm8669327
tt10466074,nm10512209
tt10466074,nm10512210
tt10466074,nm12908174
tt10466074,nm3582934
tt10466074,nm8213447
tt10466074,nm8669327
tt10466076,nm10512209
tt10466076,nm10512210
tt10466076,nm12908174
tt10466076,nm3582934
tt10466076,nm8213447
tt10466076,nm8669327
tt10466078,nm10512209
tt10466078,nm10512210
tt10466078,nm12908174
tt10466078,nm3582934
tt10466078,nm8213447
tt10466078,nm8669327
tt10466080,nm10512209
tt10466080,nm10512210
tt10466080,nm12908174
tt10466080,nm3582934
tt10466080,nm8213447
tt10466080,nm8669327
tt10466084,nm10512209
tt10466084,nm10512210
tt10466084,nm12908174
tt10466084,nm3582934
tt10466084,nm8213447
tt10466084,nm8669327
tt10466086,nm10512209
tt10466086,nm10512210
tt10466086,nm12908174
tt10466086,nm3582934
tt10466086,nm8213447
tt10466086,nm8669327
tt10466090,nm10512209
tt10466090,nm10512210
tt10466090,nm12908174
tt10466090,nm3582934
tt10466090,nm8213447
tt10466090,nm8669327
tt10466094,nm10512209
tt10466094,nm10512210
tt10466094,nm12908174
tt10466094,nm3582934
tt10466094,nm8213447
tt10466094,nm8669327
tt10466098,nm10512209
tt10466098,nm10512210
tt10466098,nm12908174
tt10466098,nm3582934
tt10466098,nm8213447
tt10466098,nm8669327
tt10466146,nm2825256
tt10466198,nm10756045
tt10466204,nm10756050
tt10466258,nm8034079
tt10466258,nm8034080
tt10466306,nm10756124
tt10466306,nm10756125
tt10466326,nm8361312
tt10466330,nm2796622
tt10466354,nm4821012
tt10466364,nm1313819
tt10466378,nm10756016
tt10466396,nm8669196
tt10466414,nm8669196
tt10466434,nm3965344
tt10466456,nm8669196
tt10466474,nm3971995
tt10466478,nm3805989
tt10466500,nm3266801
tt10466600,nm9471001
tt10466620,nm10749639
tt10466638,nm3509872
tt10466638,nm3620391
tt10466644,nm9272037
tt10466656,nm3429511
tt10466678,nm10347993
tt10466686,nm3335036
tt10466718,nm9433540
tt10466784,nm10722619
tt10466844,nm8190487
tt10466846,nm8190487
tt10466848,nm10758270
tt10467012,nm11032593
tt10467202,nm10756984
tt10467208,nm8357689
tt10467240,nm10756984
tt10467266,nm8051355
tt10467274,nm4560669
tt10467280,nm8899901
tt10467288,nm12186161
tt10467292,nm12742806
tt10467314,nm12513413
tt10467316,nm5444622
tt10467318,nm5721132
tt10467330,nm4359163
tt10467332,nm13727535
tt10467344,nm11100142
tt10467354,nm10978790
tt10467448,nm6012963
tt10467460,nm10916151
tt10467478,nm7540636
tt10467496,nm2660376
tt10467496,nm3775183
tt10467508,nm10757182
tt10467518,nm5055500
tt10467542,nm10757202
tt10467566,nm5055500
tt10467590,nm2326842
tt10467592,nm5055500
tt10467652,nm1425563
tt10467652,nm6902707
tt10467700,nm0073953
tt10467700,nm1120190
tt10467754,nm6103037
tt10467764,nm9516777
tt10467794,nm4619655
tt10467834,nm10705091
tt10468012,nm6954217
tt10468018,nm7176092
tt10468082,nm0948149
tt10468098,nm6297652
tt10468182,nm10602673
tt10468236,nm10282564
tt10468236,nm10654345
tt10468238,nm10282564
tt10468238,nm10654345
tt10468240,nm10282564
tt10468240,nm10654345
tt10468242,nm10282564
tt10468242,nm10654345
tt10468244,nm10282564
tt10468244,nm10654345
tt10468246,nm10282564
tt10468246,nm10654345
tt10468248,nm10282564
tt10468248,nm10654345
tt10468250,nm10282564
tt10468250,nm10654345
tt10468256,nm10754950
tt10468258,nm3839502
tt10468264,nm2317489
tt10468264,nm2966130
tt10468264,nm3396542
tt10468264,nm4408508
tt10468264,nm5460645
tt10468264,nm7407874
tt10468264,nm8167328
tt10468280,nm7574214
tt10468302,nm0736792
tt10468354,nm5548016
tt10468360,nm10757823
tt10468394,nm5215182
tt10468394,nm8498369
tt10468444,nm8044140
tt10468462,nm5276726
tt10468476,nm10757948
tt10468638,nm6409136
tt10468702,nm1576693
tt10468706,nm1586022
tt10468710,nm4181028
tt10468782,nm10758088
tt10468788,nm5013655
tt10468860,nm10758208
tt10468938,nm10512209
tt10468938,nm10512210
tt10468938,nm12908174
tt10468938,nm3582934
tt10468938,nm8213447
tt10468938,nm8669327
tt10468940,nm10512209
tt10468940,nm10512210
tt10468940,nm12908174
tt10468940,nm3582934
tt10468940,nm8213447
tt10468940,nm8669327
tt10468942,nm10512209
tt10468942,nm10512210
tt10468942,nm12908174
tt10468942,nm3582934
tt10468942,nm8213447
tt10468942,nm8669327
tt10468944,nm10512209
tt10468944,nm10512210
tt10468944,nm12908174
tt10468944,nm3582934
tt10468944,nm8213447
tt10468944,nm8669327
tt10468948,nm10512209
tt10468948,nm10512210
tt10468948,nm12908174
tt10468948,nm3582934
tt10468948,nm8213447
tt10468948,nm8669327
tt10468950,nm10512209
tt10468950,nm10512210
tt10468950,nm12908174
tt10468950,nm3582934
tt10468950,nm8213447
tt10468950,nm8669327
tt10468952,nm10512209
tt10468952,nm10512210
tt10468952,nm12908174
tt10468952,nm3582934
tt10468952,nm8213447
tt10468952,nm8669327
tt10468954,nm10512209
tt10468954,nm10512210
tt10468954,nm12908174
tt10468954,nm3582934
tt10468954,nm8213447
tt10468954,nm8669327
tt10468956,nm10512209
tt10468956,nm10512210
tt10468956,nm12908174
tt10468956,nm3582934
tt10468956,nm8213447
tt10468956,nm8669327
tt10468958,nm10512209
tt10468958,nm10512210
tt10468958,nm12908174
tt10468958,nm3582934
tt10468958,nm8213447
tt10468958,nm8669327
tt10468964,nm10512209
tt10468964,nm10512210
tt10468964,nm12908174
tt10468964,nm3582934
tt10468964,nm8213447
tt10468964,nm8669327
tt10468966,nm10512209
tt10468966,nm10512210
tt10468966,nm12908174
tt10468966,nm3582934
tt10468966,nm8213447
tt10468966,nm8669327
tt10468968,nm10512209
tt10468968,nm10512210
tt10468968,nm12908174
tt10468968,nm3582934
tt10468968,nm8213447
tt10468968,nm8669327
tt10468970,nm10512209
tt10468970,nm10512210
tt10468970,nm12908174
tt10468970,nm3582934
tt10468970,nm8213447
tt10468970,nm8669327
tt10468972,nm10512209
tt10468972,nm10512210
tt10468972,nm12908174
tt10468972,nm3582934
tt10468972,nm8213447
tt10468972,nm8669327
tt10468974,nm10512209
tt10468974,nm10512210
tt10468974,nm12908174
tt10468974,nm3582934
tt10468974,nm8213447
tt10468974,nm8669327
tt10468976,nm10512209
tt10468976,nm10512210
tt10468976,nm12908174
tt10468976,nm3582934
tt10468976,nm8213447
tt10468976,nm8669327
tt10468978,nm10512209
tt10468978,nm10512210
tt10468978,nm12908174
tt10468978,nm3582934
tt10468978,nm8213447
tt10468978,nm8669327
tt10468982,nm10512209
tt10468982,nm10512210
tt10468982,nm12908174
tt10468982,nm3582934
tt10468982,nm8213447
tt10468982,nm8669327
tt10468984,nm10512209
tt10468984,nm10512210
tt10468984,nm12908174
tt10468984,nm3582934
tt10468984,nm8213447
tt10468984,nm8669327
tt10468986,nm9897047
tt10469176,nm7045863
tt10469230,nm10420568
tt10469486,nm13274981
tt10469488,nm13274981
tt10469490,nm13274981
tt10469494,nm13274981
tt10469496,nm13274981
tt10469500,nm13274981
tt10469502,nm13274981
tt10469504,nm13274981
tt10469508,nm13274981
tt10469510,nm13274981
tt10469512,nm13274981
tt10469514,nm13274981
tt10469516,nm13274981
tt10469518,nm13274981
tt10469522,nm13274981
tt10469526,nm13274981
tt10469528,nm13274981
tt10469530,nm13274981
tt10469532,nm13274981
tt10469534,nm13274981
tt10469536,nm13274981
tt10469538,nm13274981
tt10469540,nm13274981
tt10469542,nm13274981
tt10469544,nm13274981
tt10469548,nm13274981
tt10469550,nm13274981
tt10469552,nm13274981
tt10469554,nm13274981
tt10469556,nm13274981
tt10469558,nm13274981
tt10469560,nm13274981
tt10469562,nm13274981
tt10469564,nm11314668
tt10469564,nm13274981
tt10469566,nm13274981
tt10469568,nm13274981
tt10469572,nm13274981
tt10469574,nm11314668
tt10469574,nm13274981
tt10469576,nm13274981
tt10469578,nm13274981
tt10469584,nm9471001
tt10469716,nm11314668
tt10469732,nm11314668
tt10469744,nm6394240
tt10469810,nm5785112
tt10469822,nm5785112
tt10469824,nm11314668
tt10469828,nm5785112
tt10469832,nm10758459
tt10469834,nm5785112
tt10469838,nm5785112
tt10469842,nm11314668
tt10469848,nm5785112
tt10469850,nm11314668
tt10469852,nm10741284
tt10469860,nm5785112
tt10469868,nm10741284
tt10469870,nm6908650
tt10469872,nm6908650
tt10469874,nm6908650
tt10469876,nm6908650
tt10469878,nm6908650
tt10469880,nm6908650
tt10469882,nm10741284
tt10469884,nm6908650
tt10469886,nm6908650
tt10469888,nm6908650
tt10469890,nm6908650
tt10469892,nm6908650
tt10469896,nm6908650
tt10469900,nm6908650
tt10469902,nm6908650
tt10469908,nm6908650
tt10469910,nm6908650
tt10469912,nm6908650
tt10469914,nm10741284
tt10469916,nm6908650
tt10469918,nm6908650
tt10469924,nm10741284
tt10469938,nm0622350
tt10469938,nm1294793
tt10469938,nm1364603
tt10469938,nm4909944
tt10469940,nm0622350
tt10469940,nm1294793
tt10469940,nm1364603
tt10469940,nm4909944
tt10469942,nm0622350
tt10469942,nm1294793
tt10469942,nm1364603
tt10469942,nm4909944
tt10469944,nm0622350
tt10469944,nm1294793
tt10469944,nm1364603
tt10469944,nm4909944
tt10469946,nm0622350
tt10469946,nm1294793
tt10469946,nm1364603
tt10469946,nm4909944
tt10469950,nm0622350
tt10469950,nm1294793
tt10469950,nm1364603
tt10469950,nm4909944
tt10469954,nm0622350
tt10469954,nm1294793
tt10469954,nm1364603
tt10469954,nm4909944
tt10469960,nm0622350
tt10469960,nm1294793
tt10469960,nm1364603
tt10469960,nm4909944
tt10469962,nm0622350
tt10469962,nm1294793
tt10469962,nm1364603
tt10469962,nm4909944
tt10469964,nm0622350
tt10469964,nm1294793
tt10469964,nm1364603
tt10469964,nm4909944
tt10469966,nm0622350
tt10469966,nm1294793
tt10469966,nm1364603
tt10469966,nm4909944
tt10469968,nm0622350
tt10469968,nm1294793
tt10469968,nm1364603
tt10469968,nm4909944
tt10469974,nm0622350
tt10469974,nm1294793
tt10469974,nm1364603
tt10469974,nm4909944
tt10469976,nm0622350
tt10469976,nm1294793
tt10469976,nm1364603
tt10469976,nm4909944
tt10469978,nm0622350
tt10469978,nm1294793
tt10469978,nm1364603
tt10469978,nm4909944
tt10469982,nm0622350
tt10469982,nm1294793
tt10469982,nm1364603
tt10469982,nm4909944
tt10469984,nm0622350
tt10469984,nm1294793
tt10469984,nm1364603
tt10469984,nm4909944
tt10469988,nm0622350
tt10469988,nm1294793
tt10469988,nm1364603
tt10469988,nm4909944
tt10469992,nm0622350
tt10469992,nm1294793
tt10469992,nm1364603
tt10469992,nm4909944
tt10469994,nm0622350
tt10469994,nm1294793
tt10469994,nm1364603
tt10469994,nm4909944
tt10470002,nm8517862
tt10470004,nm10758480
tt10470008,nm6908650
tt10470010,nm6908650
tt10470012,nm6908650
tt10470016,nm6908650
tt10470018,nm6908650
tt10470020,nm6908650
tt10470022,nm6908650
tt10470024,nm6908650
tt10470028,nm6908650
tt10470030,nm6908650
tt10470032,nm6908650
tt10470036,nm6908650
tt10470038,nm6908650
tt10470040,nm6908650
tt10470044,nm6908650
tt10470046,nm6908650
tt10470048,nm6908650
tt10470050,nm6908650
tt10470054,nm6908650
tt10470056,nm6908650
tt10470066,nm6908650
tt10470068,nm6908650
tt10470072,nm6908650
tt10470074,nm6908650
tt10470076,nm6908650
tt10470078,nm6908650
tt10470082,nm6908650
tt10470084,nm6908650
tt10470086,nm6908650
tt10470090,nm6908650
tt10470092,nm6908650
tt10470100,nm6908650
tt10470102,nm6908650
tt10470104,nm6908650
tt10470108,nm6908650
tt10470110,nm6908650
tt10470112,nm6908650
tt10470114,nm6908650
tt10470116,nm6908650
tt10470118,nm6908650
tt10470120,nm6908650
tt10470122,nm6908650
tt10470124,nm6908650
tt10470126,nm6908650
tt10470128,nm6908650
tt10470130,nm6908650
tt10470132,nm6908650
tt10470134,nm6908650
tt10470136,nm6908650
tt10470138,nm6908650
tt10470140,nm6908650
tt10470142,nm9471001
tt10470144,nm6908650
tt10470148,nm6908650
tt10470150,nm6908650
tt10470154,nm7613308
tt10470406,nm4901064
tt10470406,nm6578772
tt10470436,nm0622350
tt10470436,nm1294793
tt10470436,nm1364603
tt10470436,nm4909944
tt10470440,nm0622350
tt10470440,nm1294793
tt10470440,nm1364603
tt10470440,nm4909944
tt10470442,nm0622350
tt10470442,nm1294793
tt10470442,nm1364603
tt10470442,nm4909944
tt10470448,nm0622350
tt10470448,nm1294793
tt10470448,nm1364603
tt10470448,nm4909944
tt10470450,nm0622350
tt10470450,nm1294793
tt10470450,nm1364603
tt10470450,nm4909944
tt10470452,nm0622350
tt10470452,nm1294793
tt10470452,nm1364603
tt10470452,nm4909944
tt10470456,nm0622350
tt10470456,nm1294793
tt10470456,nm1364603
tt10470456,nm4909944
tt10470458,nm0622350
tt10470458,nm1294793
tt10470458,nm1364603
tt10470458,nm4909944
tt10470460,nm0622350
tt10470460,nm1294793
tt10470460,nm1364603
tt10470460,nm4909944
tt10470462,nm0622350
tt10470462,nm1294793
tt10470462,nm1364603
tt10470462,nm4909944
tt10470464,nm0622350
tt10470464,nm1294793
tt10470464,nm1364603
tt10470464,nm4909944
tt10470466,nm0622350
tt10470466,nm1294793
tt10470466,nm1364603
tt10470466,nm4909944
tt10470468,nm0622350
tt10470468,nm1294793
tt10470468,nm1364603
tt10470468,nm4909944
tt10470470,nm0622350
tt10470470,nm1294793
tt10470470,nm1364603
tt10470470,nm4909944
tt10470474,nm0622350
tt10470474,nm1294793
tt10470474,nm1364603
tt10470474,nm4909944
tt10470476,nm0622350
tt10470476,nm1294793
tt10470476,nm1364603
tt10470476,nm4909944
tt10470478,nm0622350
tt10470478,nm1294793
tt10470478,nm1364603
tt10470478,nm4909944
tt10470480,nm0622350
tt10470480,nm1294793
tt10470480,nm1364603
tt10470480,nm4909944
tt10470482,nm3272700
tt10470510,nm4901064
tt10470510,nm6578772
tt10470532,nm4428567
tt10470536,nm4901064
tt10470536,nm6578772
tt10470546,nm10754809
tt10470586,nm4901064
tt10470586,nm6578772
tt10470634,nm4901064
tt10470634,nm6578772
tt10470636,nm0622350
tt10470636,nm1294793
tt10470636,nm1364603
tt10470638,nm0622350
tt10470638,nm1294793
tt10470638,nm1364603
tt10470640,nm0042745
tt10470642,nm0622350
tt10470642,nm1294793
tt10470642,nm1364603
tt10470644,nm0622350
tt10470644,nm1294793
tt10470644,nm1364603
tt10470646,nm0622350
tt10470646,nm1294793
tt10470646,nm1364603
tt10470650,nm0622350
tt10470650,nm1294793
tt10470650,nm1364603
tt10470652,nm0622350
tt10470652,nm1294793
tt10470652,nm1364603
tt10470654,nm0622350
tt10470654,nm1294793
tt10470654,nm1364603
tt10470656,nm0622350
tt10470656,nm1294793
tt10470656,nm1364603
tt10470660,nm0622350
tt10470660,nm1294793
tt10470660,nm1364603
tt10470662,nm0622350
tt10470662,nm1294793
tt10470662,nm1364603
tt10470664,nm0622350
tt10470664,nm1294793
tt10470664,nm1364603
tt10470666,nm0622350
tt10470666,nm1294793
tt10470666,nm1364603
tt10470668,nm0622350
tt10470668,nm1294793
tt10470668,nm1364603
tt10470670,nm0622350
tt10470670,nm1294793
tt10470670,nm1364603
tt10470672,nm0622350
tt10470672,nm1294793
tt10470672,nm1364603
tt10470676,nm0622350
tt10470676,nm1294793
tt10470676,nm1364603
tt10470678,nm0622350
tt10470678,nm1294793
tt10470678,nm1364603
tt10470680,nm0622350
tt10470680,nm1294793
tt10470680,nm1364603
tt10470682,nm0622350
tt10470682,nm1294793
tt10470682,nm1364603
tt10470684,nm4901064
tt10470684,nm6578772
tt10470686,nm0622350
tt10470686,nm1294793
tt10470686,nm1364603
tt10470688,nm0622350
tt10470688,nm1294793
tt10470688,nm1364603
tt10470696,nm0622350
tt10470696,nm1294793
tt10470696,nm1364603
tt10470698,nm0622350
tt10470698,nm1294793
tt10470698,nm1364603
tt10470716,nm9433924
tt10470722,nm0622350
tt10470722,nm1294793
tt10470722,nm1364603
tt10470732,nm0622350
tt10470732,nm1294793
tt10470732,nm1364603
tt10470742,nm4830328
tt10470742,nm9471001
tt10470746,nm0622350
tt10470746,nm1294793
tt10470746,nm1364603
tt10470754,nm4901064
tt10470754,nm6578772
tt10470776,nm4901064
tt10470776,nm6578772
tt10470800,nm4901064
tt10470800,nm6578772
tt10470818,nm4901064
tt10470818,nm6578772
tt10470834,nm4901064
tt10470834,nm6578772
tt10470844,nm4901064
tt10470844,nm6578772
tt10470858,nm4901064
tt10470858,nm6578772
tt10470868,nm4901064
tt10470868,nm6578772
tt10470872,nm2274596
tt10470892,nm4901064
tt10470892,nm6578772
tt10470912,nm1764800
tt10471066,nm12135228
tt10471066,nm12146147
tt10471192,nm2274596
tt10471346,nm10758941
tt10471378,nm10757524
tt10471464,nm9912393
tt10471470,nm0477806
tt10471518,nm0519983
tt10471518,nm1364603
tt10471574,nm3067111
tt10471610,nm0519983
tt10471610,nm1364603
tt10471612,nm0309116
tt10471612,nm1270012
tt10471612,nm1709235
tt10471612,nm4038772
tt10471616,nm9667981
tt10471618,nm0519983
tt10471618,nm1364603
tt10471624,nm0519983
tt10471624,nm1364603
tt10471626,nm0519983
tt10471626,nm1364603
tt10471630,nm0519983
tt10471630,nm1364603
tt10471632,nm0519983
tt10471632,nm1364603
tt10471634,nm0519983
tt10471634,nm1364603
tt10471638,nm0519983
tt10471638,nm1364603
tt10471640,nm0519983
tt10471640,nm1364603
tt10471644,nm0519983
tt10471644,nm1364603
tt10471646,nm0519983
tt10471646,nm1364603
tt10471648,nm0519983
tt10471648,nm1364603
tt10471650,nm0519983
tt10471650,nm1364603
tt10471652,nm0519983
tt10471652,nm1364603
tt10471654,nm0519983
tt10471654,nm1364603
tt10471658,nm0519983
tt10471658,nm1364603
tt10471660,nm0519983
tt10471660,nm1364603
tt10471662,nm0519983
tt10471662,nm1364603
tt10471664,nm0519983
tt10471664,nm1364603
tt10471666,nm0309116
tt10471666,nm1270012
tt10471666,nm1709235
tt10471666,nm4038772
tt10471668,nm0519983
tt10471668,nm1364603
tt10471684,nm3805989
tt10471688,nm0477806
tt10471702,nm2465288
tt10471712,nm7848271
tt10471724,nm5668015
tt10471734,nm4874441
tt10471750,nm10759331
tt10471766,nm10492431
tt10471832,nm3805989
tt10471858,nm9174185
tt10471908,nm7977942
tt10471974,nm8244204
tt10471978,nm0424395
tt10472004,nm7518657
tt10472004,nm8139688
tt10472032,nm8139688
tt10472040,nm1490822
tt10472108,nm9712022
tt10472144,nm2682591
tt10472166,nm2682591
tt10472198,nm10606345
tt10472202,nm10587251
tt10472212,nm2945270
tt10472222,nm1605178
tt10472234,nm5977285
tt10472234,nm9492054
tt10472278,nm3936056
tt10472288,nm3733739
tt10472300,nm10759829
tt10472352,nm10021639
tt10472368,nm3805989
tt10472380,nm1450084
tt10472388,nm1450084
tt10472390,nm1450084
tt10472398,nm1450084
tt10472400,nm1450084
tt10472402,nm10759926
tt10472490,nm1450084
tt10472522,nm1302708
tt10472542,nm10760042
tt10472720,nm10736033
tt10472750,nm1548732
tt10472774,nm10420568
tt10472936,nm1452641
tt10472938,nm5622958
tt10472938,nm5680511
tt10472944,nm3727651
tt10472956,nm1452641
tt10472982,nm8121218
tt10473012,nm1744979
tt10473020,nm3160468
tt10473028,nm10748741
tt10473038,nm10760360
tt10473154,nm6905592
tt10473190,nm6905592
tt10473202,nm6905592
tt10473206,nm1622296
tt10473206,nm4108306
tt10473214,nm6905592
tt10473218,nm10760440
tt10473224,nm6905592
tt10473230,nm10760440
tt10473236,nm4441179
tt10473282,nm10760579
tt10473298,nm10760586
tt10473308,nm0477806
tt10473328,nm10760699
tt10473348,nm10760727
tt10473356,nm0814694
tt10473358,nm2410514
tt10473368,nm11072520
tt10473414,nm7476548
tt10473426,nm10760440
tt10473436,nm10760440
tt10473450,nm0834650
tt10473458,nm10760440
tt10473540,nm1998257
tt10473608,nm10760826
tt10473636,nm5620266
tt10473664,nm0519983
tt10473664,nm1364603
tt10473666,nm0519983
tt10473666,nm1364603
tt10473668,nm0519983
tt10473668,nm1364603
tt10473670,nm0519983
tt10473670,nm1364603
tt10473672,nm0519983
tt10473672,nm1364603
tt10473674,nm5620266
tt10473676,nm0519983
tt10473676,nm1364603
tt10473678,nm0519983
tt10473678,nm1364603
tt10473680,nm0519983
tt10473680,nm1364603
tt10473682,nm0519983
tt10473682,nm1364603
tt10473684,nm0519983
tt10473684,nm1364603
tt10473686,nm0519983
tt10473686,nm1364603
tt10473688,nm0519983
tt10473688,nm1364603
tt10473692,nm0519983
tt10473692,nm1364603
tt10473694,nm0519983
tt10473694,nm1364603
tt10473696,nm0519983
tt10473696,nm1364603
tt10473698,nm0519983
tt10473698,nm1364603
tt10473700,nm0519983
tt10473700,nm1364603
tt10473702,nm0519983
tt10473702,nm1364603
tt10473704,nm0519983
tt10473704,nm1364603
tt10473708,nm0519983
tt10473708,nm1364603
tt10474016,nm0622350
tt10474016,nm1294793
tt10474016,nm1364603
tt10474020,nm0622350
tt10474020,nm1294793
tt10474020,nm1364603
tt10474026,nm0622350
tt10474026,nm1294793
tt10474026,nm1364603
tt10474028,nm0622350
tt10474028,nm1294793
tt10474028,nm1364603
tt10474030,nm0622350
tt10474030,nm1294793
tt10474030,nm1364603
tt10474032,nm0622350
tt10474032,nm1294793
tt10474032,nm1364603
tt10474034,nm0622350
tt10474034,nm1294793
tt10474034,nm1364603
tt10474036,nm0622350
tt10474036,nm1294793
tt10474036,nm1364603
tt10474038,nm0622350
tt10474038,nm1294793
tt10474038,nm1364603
tt10474040,nm0622350
tt10474040,nm1294793
tt10474040,nm1364603
tt10474042,nm0622350
tt10474042,nm1294793
tt10474042,nm1364603
tt10474044,nm0622350
tt10474044,nm1294793
tt10474044,nm1364603
tt10474046,nm0622350
tt10474046,nm1294793
tt10474046,nm1364603
tt10474050,nm0622350
tt10474050,nm1294793
tt10474050,nm1364603
tt10474052,nm0622350
tt10474052,nm1294793
tt10474052,nm1364603
tt10474054,nm0622350
tt10474054,nm1294793
tt10474054,nm1364603
tt10474056,nm0622350
tt10474056,nm1294793
tt10474056,nm1364603
tt10474060,nm0622350
tt10474060,nm1294793
tt10474060,nm1364603
tt10474062,nm0622350
tt10474062,nm1294793
tt10474062,nm1364603
tt10474064,nm0622350
tt10474064,nm1294793
tt10474064,nm1364603
tt10474066,nm0622350
tt10474066,nm1294793
tt10474066,nm1364603
tt10474068,nm0622350
tt10474068,nm1294793
tt10474068,nm1364603
tt10474072,nm0622350
tt10474072,nm1294793
tt10474072,nm1364603
tt10474074,nm0622350
tt10474074,nm1294793
tt10474074,nm1364603
tt10474076,nm0622350
tt10474076,nm1294793
tt10474076,nm1364603
tt10474078,nm0622350
tt10474078,nm1294793
tt10474078,nm1364603
tt10474080,nm0622350
tt10474080,nm1294793
tt10474080,nm1364603
tt10474082,nm0622350
tt10474082,nm1294793
tt10474082,nm1364603
tt10474084,nm0622350
tt10474084,nm1294793
tt10474084,nm1364603
tt10474086,nm0622350
tt10474086,nm1294793
tt10474086,nm1364603
tt10474090,nm0622350
tt10474090,nm1294793
tt10474090,nm1364603
tt10474092,nm0622350
tt10474092,nm1294793
tt10474092,nm1364603
tt10474094,nm0622350
tt10474094,nm1294793
tt10474094,nm1364603
tt10474096,nm0622350
tt10474096,nm1294793
tt10474096,nm1364603
tt10474098,nm0622350
tt10474098,nm1294793
tt10474098,nm1364603
tt10474100,nm0622350
tt10474100,nm1294793
tt10474100,nm1364603
tt10474266,nm0702965
tt10474298,nm0622350
tt10474298,nm1294793
tt10474298,nm1364603
tt10474298,nm4909944
tt10474300,nm0622350
tt10474300,nm1294793
tt10474300,nm1364603
tt10474300,nm4909944
tt10474302,nm0477806
tt10474304,nm0622350
tt10474304,nm1294793
tt10474304,nm1364603
tt10474304,nm4909944
tt10474306,nm0622350
tt10474306,nm1294793
tt10474306,nm1364603
tt10474306,nm4909944
tt10474308,nm0622350
tt10474308,nm1294793
tt10474308,nm1364603
tt10474308,nm4909944
tt10474312,nm0622350
tt10474312,nm1294793
tt10474312,nm1364603
tt10474312,nm4909944
tt10474314,nm0622350
tt10474314,nm1294793
tt10474314,nm1364603
tt10474314,nm4909944
tt10474316,nm0622350
tt10474316,nm1294793
tt10474316,nm1364603
tt10474316,nm4909944
tt10474318,nm0622350
tt10474318,nm1294793
tt10474318,nm1364603
tt10474318,nm4909944
tt10474320,nm0622350
tt10474320,nm1294793
tt10474320,nm1364603
tt10474320,nm4909944
tt10474324,nm0622350
tt10474324,nm1294793
tt10474324,nm1364603
tt10474324,nm4909944
tt10474326,nm0622350
tt10474326,nm1294793
tt10474326,nm1364603
tt10474326,nm4909944
tt10474328,nm0622350
tt10474328,nm1294793
tt10474328,nm1364603
tt10474328,nm4909944
tt10474330,nm0622350
tt10474330,nm1294793
tt10474330,nm1364603
tt10474330,nm4909944
tt10474332,nm0622350
tt10474332,nm1294793
tt10474332,nm1364603
tt10474332,nm4909944
tt10474338,nm0622350
tt10474338,nm1294793
tt10474338,nm1364603
tt10474338,nm4909944
tt10474340,nm0622350
tt10474340,nm1294793
tt10474340,nm1364603
tt10474340,nm4909944
tt10474342,nm0622350
tt10474342,nm1294793
tt10474342,nm1364603
tt10474342,nm4909944
tt10474344,nm0622350
tt10474344,nm1294793
tt10474344,nm1364603
tt10474344,nm4909944
tt10474346,nm0622350
tt10474346,nm1294793
tt10474346,nm1364603
tt10474346,nm4909944
tt10474370,nm3805989
tt10474386,nm2849107
tt10474422,nm12256819
tt10474422,nm2021602
tt10474482,nm10693200
tt10474764,nm6908650
tt10474766,nm6908650
tt10474768,nm6908650
tt10474772,nm6908650
tt10474774,nm6908650
tt10474776,nm6908650
tt10474778,nm6908650
tt10474780,nm6908650
tt10474782,nm6908650
tt10474786,nm6908650
tt10474788,nm6908650
tt10474790,nm6908650
tt10474792,nm6908650
tt10474794,nm6908650
tt10474802,nm6908650
tt10474808,nm6908650
tt10474810,nm6908650
tt10474812,nm6908650
tt10474814,nm6908650
tt10474820,nm6908650
tt10474824,nm6908650
tt10474826,nm6908650
tt10474830,nm6908650
tt10474832,nm6908650
tt10474834,nm6908650
tt10474836,nm6908650
tt10474838,nm6908650
tt10474844,nm6908650
tt10474848,nm6908650
tt10474850,nm6908650
tt10474854,nm6908650
tt10474864,nm6908650
tt10474866,nm6908650
tt10474872,nm6908650
tt10474876,nm6908650
tt10474878,nm6908650
tt10474880,nm6908650
tt10474882,nm6908650
tt10474884,nm6908650
tt10474888,nm6908650
tt10474890,nm6908650
tt10474894,nm6908650
tt10474898,nm6908650
tt10474900,nm6908650
tt10474904,nm6908650
tt10474906,nm6908650
tt10474908,nm6908650
tt10474912,nm6908650
tt10474920,nm6908650
tt10474924,nm6908650
tt10474926,nm6908650
tt10474934,nm6908650
tt10474938,nm6908650
tt10474940,nm6908650
tt10474944,nm6908650
tt10474946,nm6908650
tt10474948,nm6908650
tt10474954,nm6908650
tt10474968,nm0622350
tt10474968,nm1294793
tt10474968,nm1364603
tt10474968,nm4909944
tt10474974,nm0622350
tt10474974,nm1294793
tt10474974,nm1364603
tt10474974,nm4909944
tt10474976,nm0622350
tt10474976,nm1294793
tt10474976,nm1364603
tt10474976,nm4909944
tt10474978,nm0622350
tt10474978,nm1294793
tt10474978,nm1364603
tt10474978,nm4909944
tt10474980,nm0622350
tt10474980,nm1294793
tt10474980,nm1364603
tt10474980,nm4909944
tt10474982,nm0622350
tt10474982,nm1294793
tt10474982,nm1364603
tt10474982,nm4909944
tt10474984,nm0622350
tt10474984,nm1294793
tt10474984,nm1364603
tt10474984,nm4909944
tt10474986,nm0622350
tt10474986,nm1294793
tt10474986,nm1364603
tt10474986,nm4909944
tt10474988,nm0622350
tt10474988,nm1294793
tt10474988,nm1364603
tt10474988,nm4909944
tt10474990,nm0622350
tt10474990,nm1294793
tt10474990,nm1364603
tt10474990,nm4909944
tt10474992,nm0622350
tt10474992,nm1294793
tt10474992,nm1364603
tt10474992,nm4909944
tt10474996,nm0622350
tt10474996,nm1294793
tt10474996,nm1364603
tt10474996,nm4909944
tt10474998,nm0622350
tt10474998,nm1294793
tt10474998,nm1364603
tt10474998,nm4909944
tt10475000,nm0622350
tt10475000,nm1294793
tt10475000,nm1364603
tt10475000,nm4909944
tt10475002,nm0622350
tt10475002,nm1294793
tt10475002,nm1364603
tt10475002,nm4909944
tt10475008,nm0622350
tt10475008,nm1294793
tt10475008,nm1364603
tt10475008,nm4909944
tt10475010,nm0622350
tt10475010,nm1294793
tt10475010,nm1364603
tt10475010,nm4909944
tt10475016,nm6908650
tt10475018,nm6908650
tt10475020,nm6908650
tt10475022,nm6908650
tt10475024,nm6908650
tt10475026,nm6908650
tt10475028,nm6908650
tt10475030,nm6908650
tt10475032,nm6908650
tt10475036,nm6908650
tt10475038,nm6908650
tt10475040,nm6908650
tt10475042,nm6908650
tt10475044,nm0648729
tt10475046,nm6908650
tt10475048,nm6908650
tt10475050,nm6908650
tt10475052,nm6908650
tt10475054,nm6908650
tt10475056,nm6908650
tt10475060,nm5785112
tt10475062,nm11314668
tt10475062,nm5785112
tt10475064,nm5785112
tt10475074,nm5785112
tt10475076,nm11314668
tt10475080,nm5785112
tt10475082,nm5785112
tt10475086,nm11314668
tt10475092,nm5785112
tt10475098,nm5785112
tt10475114,nm5785112
tt10475122,nm5785112
tt10475124,nm5785112
tt10475132,nm5785112
tt10475134,nm5785112
tt10475136,nm5785112
tt10475144,nm5785112
tt10475148,nm11314668
tt10475150,nm11314668
tt10475152,nm5785112
tt10475154,nm5785112
tt10475156,nm5785112
tt10475158,nm5785112
tt10475198,nm11314668
tt10475266,nm10420568
tt10475298,nm13274981
tt10475300,nm13274981
tt10475302,nm13274981
tt10475304,nm5109173
tt10475306,nm13274981
tt10475308,nm13274981
tt10475310,nm13274981
tt10475312,nm13274981
tt10475314,nm13274981
tt10475316,nm13274981
tt10475318,nm11314668
tt10475318,nm13274981
tt10475320,nm13274981
tt10475322,nm13274981
tt10475324,nm13274981
tt10475326,nm13274981
tt10475328,nm13274981
tt10475332,nm13274981
tt10475334,nm13274981
tt10475336,nm13274981
tt10475338,nm13274981
tt10475340,nm11314668
tt10475340,nm13274981
tt10475344,nm6475153
tt10475348,nm13274981
tt10475352,nm13274981
tt10475354,nm13274981
tt10475356,nm13274981
tt10475358,nm13274981
tt10475360,nm13274981
tt10475362,nm13274981
tt10475364,nm13274981
tt10475366,nm13274981
tt10475368,nm13274981
tt10475370,nm13274981
tt10475374,nm13274981
tt10475376,nm13274981
tt10475378,nm11314668
tt10475378,nm13274981
tt10475380,nm13274981
tt10475382,nm13274981
tt10475384,nm13274981
tt10475386,nm13274981
tt10475388,nm13274981
tt10475390,nm11314668
tt10475390,nm13274981
tt10475612,nm1124882
tt10475788,nm10512209
tt10475788,nm10512210
tt10475788,nm12908174
tt10475788,nm3582934
tt10475788,nm8213447
tt10475788,nm8669327
tt10475794,nm10512209
tt10475794,nm10512210
tt10475794,nm12908174
tt10475794,nm3582934
tt10475794,nm8213447
tt10475794,nm8669327
tt10475798,nm10512209
tt10475798,nm10512210
tt10475798,nm12908174
tt10475798,nm3582934
tt10475798,nm8213447
tt10475798,nm8669327
tt10475802,nm10512209
tt10475802,nm10512210
tt10475802,nm12908174
tt10475802,nm3582934
tt10475802,nm8213447
tt10475802,nm8669327
tt10475804,nm10512209
tt10475804,nm10512210
tt10475804,nm12908174
tt10475804,nm3582934
tt10475804,nm8213447
tt10475804,nm8669327
tt10475806,nm10512209
tt10475806,nm10512210
tt10475806,nm12908174
tt10475806,nm3582934
tt10475806,nm8213447
tt10475806,nm8669327
tt10475810,nm10512209
tt10475810,nm10512210
tt10475810,nm12908174
tt10475810,nm3582934
tt10475810,nm8213447
tt10475810,nm8669327
tt10475812,nm10512209
tt10475812,nm10512210
tt10475812,nm12908174
tt10475812,nm3582934
tt10475812,nm8213447
tt10475812,nm8669327
tt10475814,nm10512209
tt10475814,nm10512210
tt10475814,nm12908174
tt10475814,nm3582934
tt10475814,nm8213447
tt10475814,nm8669327
tt10475816,nm10512209
tt10475816,nm10512210
tt10475816,nm12908174
tt10475816,nm3582934
tt10475816,nm8213447
tt10475816,nm8669327
tt10475818,nm10512209
tt10475818,nm10512210
tt10475818,nm12908174
tt10475818,nm3582934
tt10475818,nm8213447
tt10475818,nm8669327
tt10475820,nm10512209
tt10475820,nm10512210
tt10475820,nm12908174
tt10475820,nm3582934
tt10475820,nm8213447
tt10475820,nm8669327
tt10475824,nm10512209
tt10475824,nm10512210
tt10475824,nm12908174
tt10475824,nm3582934
tt10475824,nm8213447
tt10475824,nm8669327
tt10475826,nm10512209
tt10475826,nm10512210
tt10475826,nm12908174
tt10475826,nm3582934
tt10475826,nm8213447
tt10475826,nm8669327
tt10475830,nm10512209
tt10475830,nm10512210
tt10475830,nm12908174
tt10475830,nm3582934
tt10475830,nm8213447
tt10475830,nm8669327
tt10475832,nm10512209
tt10475832,nm10512210
tt10475832,nm12908174
tt10475832,nm3582934
tt10475832,nm8213447
tt10475832,nm8669327
tt10475834,nm10512209
tt10475834,nm10512210
tt10475834,nm12908174
tt10475834,nm3582934
tt10475834,nm8213447
tt10475834,nm8669327
tt10475836,nm10512209
tt10475836,nm10512210
tt10475836,nm12908174
tt10475836,nm3582934
tt10475836,nm8213447
tt10475836,nm8669327
tt10475838,nm10512209
tt10475838,nm10512210
tt10475838,nm12908174
tt10475838,nm3582934
tt10475838,nm8213447
tt10475838,nm8669327
tt10475840,nm10512209
tt10475840,nm10512210
tt10475840,nm12908174
tt10475840,nm3582934
tt10475840,nm8213447
tt10475840,nm8669327
tt10475890,nm9376380
tt10475942,nm8022943
tt10475950,nm10761340
tt10476214,nm10761340
tt10476336,nm3634486
tt10476416,nm3175264
tt10476438,nm8632879
tt10476472,nm10761510
tt10476482,nm5515245
tt10476528,nm10436791
tt10476528,nm10438680
tt10476528,nm10438681
tt10476528,nm10689964
tt10476528,nm10717520
tt10476528,nm10983290
tt10476528,nm11031294
tt10476528,nm11694545
tt10476528,nm11694623
tt10476528,nm11696777
tt10476528,nm13256245
tt10476554,nm10761592
tt10476556,nm3163464
tt10476566,nm5515245
tt10476602,nm10405014
tt10476616,nm10761608
tt10476632,nm10761614
tt10476638,nm3971995
tt10476646,nm3971995
tt10476652,nm3971995
tt10476658,nm3971995
tt10476662,nm3971995
tt10476670,nm3971995
tt10476674,nm3971995
tt10476688,nm3971995
tt10476692,nm3971995
tt10476788,nm10761723
tt10476802,nm1629758
tt10476824,nm7853154
tt10476922,nm8376686
tt10476970,nm9870231
tt10477042,nm5096199
tt10477058,nm0504489
tt10477084,nm10761925
tt10477086,nm10761929
tt10477102,nm3358108
tt10477174,nm10021639
tt10477188,nm0573047
tt10477188,nm0771364
tt10477188,nm2902000
tt10477188,nm3703366
tt10477188,nm4987516
tt10477214,nm10302573
tt10477214,nm9862624
tt10477262,nm0355245
tt10477266,nm5592581
tt10477288,nm10652782
tt10477308,nm6995059
tt10477346,nm10762142
tt10477346,nm10762143
tt10477346,nm10762144
tt10477356,nm10762153
tt10477356,nm6650337
tt10477378,nm6701073
tt10477396,nm6650337
tt10477404,nm10762183
tt10477436,nm5313279
tt10477444,nm2682591
tt10477454,nm7273876
tt10477454,nm8133003
tt10477498,nm7555720
tt10477634,nm3278366
tt10477636,nm3278366
tt10477638,nm3278366
tt10477640,nm3278366
tt10477650,nm0463715
tt10477684,nm10420568
tt10477846,nm7157134
tt10477852,nm10757628
tt10477872,nm3215156
tt10477934,nm1118814
tt10477938,nm10762686
tt10477946,nm8347940
tt10477962,nm10762714
tt10477990,nm2337207
tt10477990,nm2641395
tt10477990,nm4981578
tt10477990,nm8809889
tt10477990,nm9244613
tt10478066,nm1941705
tt10478066,nm2749250
tt10478068,nm1941705
tt10478068,nm2749250
tt10478074,nm1941705
tt10478074,nm2749250
tt10478080,nm1941705
tt10478080,nm2749250
tt10478088,nm1941705
tt10478088,nm2749250
tt10478092,nm6868143
tt10478094,nm1941705
tt10478094,nm2749250
tt10478096,nm6868143
tt10478098,nm1941705
tt10478098,nm2749250
tt10478106,nm1941705
tt10478106,nm2749250
tt10478276,nm7315199
tt10478290,nm7213811
tt10478398,nm10762965
tt10478504,nm10614536
tt10478510,nm10763012
tt10478516,nm5923806
tt10478550,nm7366756
tt10478568,nm13256245
tt10478572,nm5243569
tt10478580,nm10717520
tt10478596,nm0477806
tt10478650,nm10697508
tt10478662,nm6800669
tt10478672,nm5668405
tt10478684,nm10689964
tt10478742,nm10762965
tt10478744,nm10763314
tt10478790,nm1005022
tt10478794,nm3160207
tt10478796,nm3160207
tt10478798,nm3160207
tt10478800,nm3160207
tt10478802,nm3160207
tt10478804,nm3160207
tt10478806,nm3160207
tt10478808,nm3160207
tt10478834,nm10763401
tt10478860,nm10075793
tt10478870,nm1193005
tt10478928,nm7273876
tt10478928,nm8133003
tt10478938,nm7273876
tt10478938,nm8133003
tt10478942,nm7273876
tt10478942,nm8133003
tt10478952,nm7273876
tt10478952,nm8133003
tt10478970,nm3339591
tt10478974,nm3339591
tt10478980,nm3339591
tt10478986,nm3339591
tt10479006,nm7273876
tt10479006,nm8133003
tt10479036,nm7273876
tt10479036,nm8133003
tt10479072,nm7273876
tt10479072,nm8133003
tt10479116,nm7273876
tt10479116,nm8133003
tt10479314,nm10512209
tt10479314,nm10512210
tt10479314,nm12908174
tt10479314,nm3582934
tt10479314,nm8213447
tt10479314,nm8669327
tt10479316,nm10512209
tt10479316,nm10512210
tt10479316,nm12908174
tt10479316,nm3582934
tt10479316,nm8213447
tt10479316,nm8669327
tt10479318,nm10512209
tt10479318,nm10512210
tt10479318,nm12908174
tt10479318,nm3582934
tt10479318,nm8213447
tt10479318,nm8669327
tt10479320,nm10512209
tt10479320,nm10512210
tt10479320,nm12908174
tt10479320,nm3582934
tt10479320,nm8213447
tt10479320,nm8669327
tt10479322,nm10512209
tt10479322,nm10512210
tt10479322,nm12908174
tt10479322,nm3582934
tt10479322,nm8213447
tt10479322,nm8669327
tt10479324,nm10512209
tt10479324,nm10512210
tt10479324,nm12908174
tt10479324,nm3582934
tt10479324,nm8213447
tt10479324,nm8669327
tt10479326,nm10512209
tt10479326,nm10512210
tt10479326,nm12908174
tt10479326,nm3582934
tt10479326,nm8213447
tt10479326,nm8669327
tt10479328,nm10512209
tt10479328,nm10512210
tt10479328,nm12908174
tt10479328,nm3582934
tt10479328,nm8213447
tt10479328,nm8669327
tt10479330,nm10512209
tt10479330,nm10512210
tt10479330,nm12908174
tt10479330,nm3582934
tt10479330,nm8213447
tt10479330,nm8669327
tt10479334,nm10512209
tt10479334,nm10512210
tt10479334,nm12908174
tt10479334,nm3582934
tt10479334,nm8213447
tt10479334,nm8669327
tt10479336,nm10512209
tt10479336,nm10512210
tt10479336,nm12908174
tt10479336,nm3582934
tt10479336,nm8213447
tt10479336,nm8669327
tt10479342,nm10512209
tt10479342,nm10512210
tt10479342,nm12908174
tt10479342,nm3582934
tt10479342,nm8213447
tt10479342,nm8669327
tt10479344,nm10512209
tt10479344,nm10512210
tt10479344,nm12908174
tt10479344,nm3582934
tt10479344,nm8213447
tt10479344,nm8669327
tt10479346,nm10512209
tt10479346,nm10512210
tt10479346,nm12908174
tt10479346,nm3582934
tt10479346,nm8213447
tt10479346,nm8669327
tt10479348,nm10512209
tt10479348,nm10512210
tt10479348,nm12908174
tt10479348,nm3582934
tt10479348,nm8213447
tt10479348,nm8669327
tt10479350,nm10512209
tt10479350,nm10512210
tt10479350,nm12908174
tt10479350,nm3582934
tt10479350,nm8213447
tt10479350,nm8669327
tt10479352,nm10512209
tt10479352,nm10512210
tt10479352,nm12908174
tt10479352,nm3582934
tt10479352,nm8213447
tt10479352,nm8669327
tt10479354,nm10512209
tt10479354,nm10512210
tt10479354,nm12908174
tt10479354,nm3582934
tt10479354,nm8213447
tt10479354,nm8669327
tt10479356,nm10512209
tt10479356,nm10512210
tt10479356,nm12908174
tt10479356,nm3582934
tt10479356,nm8213447
tt10479356,nm8669327
tt10479358,nm10512209
tt10479358,nm10512210
tt10479358,nm12908174
tt10479358,nm3582934
tt10479358,nm8213447
tt10479358,nm8669327
tt10479384,nm9718017
tt10479412,nm10762965
tt10479512,nm10762965
tt10479678,nm10781875
tt10479678,nm9433924
tt10479792,nm13274981
tt10479798,nm13274981
tt10479800,nm13274981
tt10479802,nm13274981
tt10479806,nm13274981
tt10479810,nm11314668
tt10479810,nm13274981
tt10479812,nm13274981
tt10479814,nm13274981
tt10479816,nm13274981
tt10479818,nm13274981
tt10479822,nm13274981
tt10479826,nm11314668
tt10479826,nm13274981
tt10479830,nm13274981
tt10479832,nm13274981
tt10479834,nm13274981
tt10479836,nm13274981
tt10479838,nm13274981
tt10479840,nm13274981
tt10479846,nm13274981
tt10479852,nm11314668
tt10479852,nm13274981
tt10479856,nm13274981
tt10479858,nm11314668
tt10479858,nm13274981
tt10479860,nm13274981
tt10479866,nm13274981
tt10479868,nm13274981
tt10479870,nm13274981
tt10479872,nm11314668
tt10479872,nm13274981
tt10479876,nm11314668
tt10479876,nm13274981
tt10479878,nm13274981
tt10479880,nm13274981
tt10479882,nm13274981
tt10479884,nm13274981
tt10479886,nm11314668
tt10479886,nm13274981
tt10479888,nm13274981
tt10479890,nm11314668
tt10479890,nm13274981
tt10479892,nm13274981
tt10479900,nm13274981
tt10479902,nm11314668
tt10479902,nm13274981
tt10479904,nm11314668
tt10479904,nm13274981
tt10479906,nm11314668
tt10479906,nm13274981
tt10479930,nm7609838
tt10480110,nm10763614
tt10480130,nm10763638
tt10480152,nm3689588
tt10480158,nm10763651
tt10480164,nm3358108
tt10480242,nm10763688
tt10480258,nm11314668
tt10480280,nm11314668
tt10480284,nm11314668
tt10480288,nm10763697
tt10480300,nm6908650
tt10480302,nm6908650
tt10480304,nm6908650
tt10480306,nm6908650
tt10480310,nm6908650
tt10480312,nm6908650
tt10480314,nm6908650
tt10480318,nm6908650
tt10480320,nm6908650
tt10480322,nm6908650
tt10480324,nm6908650
tt10480328,nm6908650
tt10480330,nm6908650
tt10480332,nm6908650
tt10480336,nm6908650
tt10480338,nm6908650
tt10480340,nm6908650
tt10480342,nm6908650
tt10480344,nm6908650
tt10480346,nm6908650
tt10480348,nm6908650
tt10480350,nm6908650
tt10480352,nm6908650
tt10480354,nm6908650
tt10480356,nm6908650
tt10480358,nm6908650
tt10480364,nm0622350
tt10480364,nm1294793
tt10480364,nm1364603
tt10480364,nm4909944
tt10480366,nm0622350
tt10480366,nm1294793
tt10480366,nm1364603
tt10480366,nm4909944
tt10480368,nm0622350
tt10480368,nm1294793
tt10480368,nm1364603
tt10480368,nm4909944
tt10480370,nm0622350
tt10480370,nm1294793
tt10480370,nm1364603
tt10480370,nm4909944
tt10480372,nm0622350
tt10480372,nm1294793
tt10480372,nm1364603
tt10480372,nm4909944
tt10480374,nm0622350
tt10480374,nm1294793
tt10480374,nm1364603
tt10480374,nm4909944
tt10480376,nm0622350
tt10480376,nm1294793
tt10480376,nm1364603
tt10480376,nm4909944
tt10480386,nm0622350
tt10480386,nm1294793
tt10480386,nm1364603
tt10480386,nm4909944
tt10480388,nm0622350
tt10480388,nm1294793
tt10480388,nm1364603
tt10480388,nm4909944
tt10480390,nm0622350
tt10480390,nm1294793
tt10480390,nm1364603
tt10480390,nm4909944
tt10480392,nm0622350
tt10480392,nm1294793
tt10480392,nm1364603
tt10480392,nm4909944
tt10480394,nm0622350
tt10480394,nm1294793
tt10480394,nm1364603
tt10480394,nm4909944
tt10480396,nm0622350
tt10480396,nm1294793
tt10480396,nm1364603
tt10480396,nm4909944
tt10480398,nm0622350
tt10480398,nm1294793
tt10480398,nm1364603
tt10480398,nm4909944
tt10480400,nm0622350
tt10480400,nm1294793
tt10480400,nm1364603
tt10480400,nm4909944
tt10480402,nm0622350
tt10480402,nm1294793
tt10480402,nm1364603
tt10480402,nm4909944
tt10480406,nm0622350
tt10480406,nm1294793
tt10480406,nm1364603
tt10480406,nm4909944
tt10480408,nm0622350
tt10480408,nm1294793
tt10480408,nm1364603
tt10480408,nm4909944
tt10480410,nm0622350
tt10480410,nm1294793
tt10480410,nm1364603
tt10480410,nm4909944
tt10480420,nm6908650
tt10480422,nm6908650
tt10480424,nm6908650
tt10480426,nm6908650
tt10480428,nm6908650
tt10480430,nm6908650
tt10480432,nm6908650
tt10480434,nm6908650
tt10480436,nm6908650
tt10480438,nm6908650
tt10480440,nm6908650
tt10480442,nm0053339
tt10480442,nm7582810
tt10480444,nm6908650
tt10480446,nm6908650
tt10480448,nm6908650
tt10480450,nm6908650
tt10480452,nm6908650
tt10480454,nm6908650
tt10480456,nm6908650
tt10480458,nm6908650
tt10480462,nm6908650
tt10480470,nm6908650
tt10480472,nm6908650
tt10480474,nm6908650
tt10480476,nm6908650
tt10480480,nm6908650
tt10480482,nm6908650
tt10480484,nm6908650
tt10480488,nm6908650
tt10480490,nm6908650
tt10480492,nm6908650
tt10480494,nm6908650
tt10480496,nm6908650
tt10480498,nm6908650
tt10480500,nm6908650
tt10480502,nm6908650
tt10480504,nm6908650
tt10480506,nm6908650
tt10480508,nm6908650
tt10480510,nm6908650
tt10480514,nm7997390
tt10480520,nm6908650
tt10480524,nm6908650
tt10480526,nm6908650
tt10480528,nm6908650
tt10480530,nm6908650
tt10480534,nm6908650
tt10480536,nm6908650
tt10480538,nm6908650
tt10480540,nm6908650
tt10480542,nm6908650
tt10480544,nm6908650
tt10480546,nm6908650
tt10480550,nm6908650
tt10480552,nm6908650
tt10480554,nm10763638
tt10480556,nm6908650
tt10480558,nm6908650
tt10480560,nm6908650
tt10480562,nm6908650
tt10480564,nm6908650
tt10480568,nm6908650
tt10480622,nm3358108
tt10480638,nm9433924
tt10480684,nm9433924
tt10480710,nm10741800
tt10480754,nm10741800
tt10480766,nm4598872
tt10480782,nm10741800
tt10480842,nm9433924
tt10480852,nm0622350
tt10480852,nm1294793
tt10480852,nm1364603
tt10480852,nm4909944
tt10480854,nm4598872
tt10480856,nm0622350
tt10480856,nm1294793
tt10480856,nm1364603
tt10480856,nm4909944
tt10480858,nm0622350
tt10480858,nm1294793
tt10480858,nm1364603
tt10480858,nm4909944
tt10480860,nm0622350
tt10480860,nm1294793
tt10480860,nm1364603
tt10480860,nm4909944
tt10480862,nm0622350
tt10480862,nm1294793
tt10480862,nm1364603
tt10480862,nm4909944
tt10480864,nm0622350
tt10480864,nm1294793
tt10480864,nm1364603
tt10480864,nm4909944
tt10480866,nm0622350
tt10480866,nm1294793
tt10480866,nm1364603
tt10480866,nm4909944
tt10480870,nm0622350
tt10480870,nm1294793
tt10480870,nm1364603
tt10480870,nm4909944
tt10480872,nm0622350
tt10480872,nm1294793
tt10480872,nm1364603
tt10480872,nm4909944
tt10480874,nm0622350
tt10480874,nm1294793
tt10480874,nm1364603
tt10480874,nm4909944
tt10480878,nm0622350
tt10480878,nm1294793
tt10480878,nm1364603
tt10480878,nm4909944
tt10480880,nm0622350
tt10480880,nm1294793
tt10480880,nm1364603
tt10480880,nm4909944
tt10480882,nm0854922
tt10480884,nm0622350
tt10480884,nm1294793
tt10480884,nm1364603
tt10480884,nm4909944
tt10480888,nm0622350
tt10480888,nm1294793
tt10480888,nm1364603
tt10480888,nm4909944
tt10480890,nm0622350
tt10480890,nm1294793
tt10480890,nm1364603
tt10480890,nm4909944
tt10480892,nm0622350
tt10480892,nm1294793
tt10480892,nm1364603
tt10480892,nm4909944
tt10480894,nm0622350
tt10480894,nm1294793
tt10480894,nm1364603
tt10480894,nm4909944
tt10480896,nm0622350
tt10480896,nm1294793
tt10480896,nm1364603
tt10480896,nm4909944
tt10480898,nm0622350
tt10480898,nm1294793
tt10480898,nm1364603
tt10480898,nm4909944
tt10480900,nm0854922
tt10480924,nm0854922
tt10480952,nm4598872
tt10480966,nm0854922
tt10481020,nm8888170
tt10481044,nm9625164
tt10481048,nm0622350
tt10481048,nm1294793
tt10481048,nm1364603
tt10481050,nm0622350
tt10481050,nm1294793
tt10481050,nm1364603
tt10481052,nm0622350
tt10481052,nm1294793
tt10481052,nm1364603
tt10481054,nm0622350
tt10481054,nm1294793
tt10481054,nm1364603
tt10481056,nm0622350
tt10481056,nm1294793
tt10481056,nm1364603
tt10481060,nm0622350
tt10481060,nm1294793
tt10481060,nm1364603
tt10481062,nm0622350
tt10481062,nm1294793
tt10481062,nm1364603
tt10481064,nm0622350
tt10481064,nm1294793
tt10481064,nm1364603
tt10481066,nm0622350
tt10481066,nm1294793
tt10481066,nm1364603
tt10481068,nm0622350
tt10481068,nm1294793
tt10481068,nm1364603
tt10481072,nm0622350
tt10481072,nm1294793
tt10481072,nm1364603
tt10481074,nm0622350
tt10481074,nm1294793
tt10481074,nm1364603
tt10481078,nm0622350
tt10481078,nm1294793
tt10481078,nm1364603
tt10481080,nm0622350
tt10481080,nm1294793
tt10481080,nm1364603
tt10481082,nm0622350
tt10481082,nm1294793
tt10481082,nm1364603
tt10481084,nm0622350
tt10481084,nm1294793
tt10481084,nm1364603
tt10481086,nm0622350
tt10481086,nm1294793
tt10481086,nm1364603
tt10481088,nm0622350
tt10481088,nm1294793
tt10481088,nm1364603
tt10481090,nm0622350
tt10481090,nm1294793
tt10481090,nm1364603
tt10481094,nm0622350
tt10481094,nm1294793
tt10481094,nm1364603
tt10481096,nm0622350
tt10481096,nm1294793
tt10481096,nm1364603
tt10481098,nm0622350
tt10481098,nm1294793
tt10481098,nm1364603
tt10481102,nm0622350
tt10481102,nm1294793
tt10481102,nm1364603
tt10481104,nm0622350
tt10481104,nm1294793
tt10481104,nm1364603
tt10481106,nm0622350
tt10481106,nm1294793
tt10481106,nm1364603
tt10481108,nm0622350
tt10481108,nm1294793
tt10481108,nm1364603
tt10481110,nm0622350
tt10481110,nm1294793
tt10481110,nm1364603
tt10481112,nm0622350
tt10481112,nm1294793
tt10481112,nm1364603
tt10481114,nm0622350
tt10481114,nm1294793
tt10481114,nm1364603
tt10481116,nm0622350
tt10481116,nm1294793
tt10481116,nm1364603
tt10481118,nm0622350
tt10481118,nm1294793
tt10481118,nm1364603
tt10481122,nm0622350
tt10481122,nm1294793
tt10481122,nm1364603
tt10481124,nm0622350
tt10481124,nm1294793
tt10481124,nm1364603
tt10481126,nm0622350
tt10481126,nm1294793
tt10481126,nm1364603
tt10481128,nm0622350
tt10481128,nm1294793
tt10481128,nm1364603
tt10481130,nm0622350
tt10481130,nm1294793
tt10481130,nm1364603
tt10481134,nm0622350
tt10481134,nm1294793
tt10481134,nm1364603
tt10481136,nm0622350
tt10481136,nm1294793
tt10481136,nm1364603
tt10481140,nm0622350
tt10481140,nm1294793
tt10481140,nm1364603
tt10481142,nm0622350
tt10481142,nm1294793
tt10481142,nm1364603
tt10481144,nm0622350
tt10481144,nm1294793
tt10481144,nm1364603
tt10481144,nm4909944
tt10481146,nm0622350
tt10481146,nm1294793
tt10481146,nm1364603
tt10481146,nm4909944
tt10481148,nm0622350
tt10481148,nm1294793
tt10481148,nm1364603
tt10481148,nm4909944
tt10481150,nm0622350
tt10481150,nm1294793
tt10481150,nm1364603
tt10481150,nm4909944
tt10481152,nm3971995
tt10481154,nm0622350
tt10481154,nm1294793
tt10481154,nm1364603
tt10481154,nm4909944
tt10481156,nm0622350
tt10481156,nm1294793
tt10481156,nm1364603
tt10481156,nm4909944
tt10481158,nm0622350
tt10481158,nm1294793
tt10481158,nm1364603
tt10481158,nm4909944
tt10481160,nm0622350
tt10481160,nm1294793
tt10481160,nm1364603
tt10481160,nm4909944
tt10481162,nm0622350
tt10481162,nm1294793
tt10481162,nm1364603
tt10481162,nm4909944
tt10481164,nm0622350
tt10481164,nm1294793
tt10481164,nm1364603
tt10481164,nm4909944
tt10481166,nm0622350
tt10481166,nm1294793
tt10481166,nm1364603
tt10481166,nm4909944
tt10481168,nm0622350
tt10481168,nm1294793
tt10481168,nm1364603
tt10481168,nm4909944
tt10481172,nm0622350
tt10481172,nm1294793
tt10481172,nm1364603
tt10481172,nm4909944
tt10481174,nm0622350
tt10481174,nm1294793
tt10481174,nm1364603
tt10481174,nm4909944
tt10481176,nm0622350
tt10481176,nm1294793
tt10481176,nm1364603
tt10481176,nm4909944
tt10481178,nm0622350
tt10481178,nm1294793
tt10481178,nm1364603
tt10481178,nm4909944
tt10481180,nm0622350
tt10481180,nm1294793
tt10481180,nm1364603
tt10481180,nm4909944
tt10481182,nm0622350
tt10481182,nm1294793
tt10481182,nm1364603
tt10481182,nm4909944
tt10481186,nm0622350
tt10481186,nm1294793
tt10481186,nm1364603
tt10481186,nm4909944
tt10481188,nm0622350
tt10481188,nm1294793
tt10481188,nm1364603
tt10481188,nm4909944
tt10481192,nm3971995
tt10481218,nm3971995
tt10481236,nm3971995
tt10481270,nm3971995
tt10481324,nm3971995
tt10481356,nm3971995
tt10481404,nm10438681
tt10481440,nm0519983
tt10481440,nm1364603
tt10481442,nm0519983
tt10481442,nm1364603
tt10481446,nm0519983
tt10481446,nm1364603
tt10481448,nm0519983
tt10481448,nm1364603
tt10481450,nm0519983
tt10481450,nm1364603
tt10481452,nm0519983
tt10481452,nm1364603
tt10481456,nm0519983
tt10481456,nm1364603
tt10481458,nm0519983
tt10481458,nm1364603
tt10481460,nm0519983
tt10481460,nm1364603
tt10481464,nm0519983
tt10481464,nm1364603
tt10481466,nm0519983
tt10481466,nm1364603
tt10481468,nm0519983
tt10481468,nm1364603
tt10481470,nm0519983
tt10481470,nm1364603
tt10481472,nm0519983
tt10481472,nm1364603
tt10481474,nm0519983
tt10481474,nm1364603
tt10481476,nm0519983
tt10481476,nm1364603
tt10481478,nm0519983
tt10481478,nm1364603
tt10481482,nm0519983
tt10481482,nm1364603
tt10481484,nm0519983
tt10481484,nm1364603
tt10481502,nm5785112
tt10481506,nm5785112
tt10481510,nm5785112
tt10481512,nm11314668
tt10481512,nm5785112
tt10481514,nm5785112
tt10481516,nm5785112
tt10481518,nm5785112
tt10481520,nm5785112
tt10481522,nm11314668
tt10481522,nm5785112
tt10481526,nm5785112
tt10481528,nm5785112
tt10481532,nm5785112
tt10481534,nm5785112
tt10481540,nm11314668
tt10481540,nm5785112
tt10481542,nm5785112
tt10481610,nm4598872
tt10481622,nm4598872
tt10481636,nm4598872
tt10481646,nm4598872
tt10481652,nm4598872
tt10481662,nm4598872
tt10481670,nm4598872
tt10481672,nm4598872
tt10481674,nm4598872
tt10481682,nm4598872
tt10481686,nm4598872
tt10481708,nm10438680
tt10481722,nm10436791
tt10481726,nm10561797
tt10481730,nm5920470
tt10481748,nm1376133
tt1048176,nm0005601
tt1048176,nm0009953
tt10481810,nm10764110
tt10481826,nm1376748
tt10481898,nm10764143
tt10481904,nm0173933
tt10481950,nm3597657
tt10481950,nm3766090
tt10482038,nm10764268
tt10482042,nm5820721
tt10482048,nm10764277
tt10482138,nm1005127
tt10482138,nm7073072
tt10482152,nm10764450
tt10482208,nm2130235
tt10482218,nm10086853
tt10482218,nm10764515
tt10482270,nm10764575
tt10482292,nm3888713
tt10482314,nm4777248
tt10482318,nm10229843
tt10482318,nm9278354
tt10482324,nm4352756
tt10482354,nm4358683
tt10482362,nm8580962
tt10482384,nm10243977
tt10482448,nm4352756
tt10482462,nm0101453
tt10482482,nm10764719
tt10482482,nm10764720
tt10482488,nm3525693
tt10482496,nm7942465
tt10482506,nm10452259
tt10482518,nm2781240
tt10482532,nm10764771
tt10482562,nm8669287
tt10482570,nm0101453
tt10482610,nm8669287
tt10482624,nm8669287
tt10482738,nm10764936
tt10482744,nm10544049
tt10482766,nm10764960
tt10482778,nm10764989
tt10482872,nm10765039
tt10482874,nm9186540
tt10482902,nm10420568
tt10482908,nm10741800
tt10482912,nm10741800
tt10482914,nm9186540
tt10482918,nm10741800
tt10482920,nm10741800
tt10482934,nm10741800
tt10482938,nm10741800
tt10482940,nm9186540
tt10482942,nm10741800
tt10482944,nm10741800
tt10482954,nm10741800
tt10482956,nm10741800
tt10482958,nm6603571
tt10482960,nm10741800
tt10482990,nm1988788
tt10483010,nm8605302
tt10483014,nm1988788
tt10483016,nm4750824
tt10483028,nm10765122
tt10483028,nm10765123
tt10483052,nm10765133
tt10483052,nm2731342
tt10483062,nm10691339
tt10483062,nm10765150
tt10483066,nm9800370
tt10483100,nm1513353
tt10483100,nm6108603
tt10483102,nm9800370
tt10483120,nm5230140
tt10483124,nm10765191
tt10483130,nm5614552
tt10483130,nm6465383
tt10483132,nm5614552
tt10483132,nm6465383
tt10483134,nm5614552
tt10483134,nm6465383
tt10483136,nm5614552
tt10483136,nm6465383
tt10483138,nm5614552
tt10483138,nm6465383
tt10483200,nm2139773
tt10483212,nm3141189
tt10483212,nm3689924
tt10483226,nm7842950
tt10483238,nm0814546
tt10483296,nm5076803
tt10483424,nm10765285
tt10483498,nm1710180
tt10483556,nm10763934
tt10483558,nm10763934
tt10483584,nm10579113
tt10483586,nm10579113
tt10483590,nm10579113
tt10483592,nm10579113
tt10483594,nm10579113
tt10483596,nm10579113
tt10483652,nm6823691
tt10483654,nm6823691
tt10483656,nm6823691
tt10483658,nm6823691
tt10483660,nm6823691
tt10483662,nm10762965
tt10483672,nm10762965
tt10483678,nm10762965
tt10483686,nm10762965
tt10483696,nm10762965
tt10483706,nm10654395
tt10483708,nm10654395
tt10483710,nm10654395
tt10483712,nm10654395
tt10483714,nm10654395
tt10483720,nm10762965
tt10483748,nm10765379
tt10483754,nm10762965
tt10483756,nm10590283
tt10483758,nm10590283
tt10483760,nm10590283
tt10483762,nm10590283
tt10483766,nm5100121
tt10483768,nm10578911
tt10483770,nm5100121
tt10483872,nm8892532
tt10483922,nm10765734
tt10483968,nm11802177
tt10484130,nm10753115
tt10484174,nm10765886
tt10484206,nm7273876
tt10484206,nm8133003
tt10484214,nm7273876
tt10484214,nm8133003
tt10484216,nm7273876
tt10484216,nm8133003
tt10484222,nm7273876
tt10484222,nm8133003
tt10484226,nm7273876
tt10484226,nm8133003
tt10484238,nm7273876
tt10484238,nm8133003
tt10484246,nm7273876
tt10484246,nm8133003
tt10484256,nm7273876
tt10484256,nm8133003
tt10484262,nm5675643
tt10484264,nm7273876
tt10484264,nm8133003
tt10484268,nm5675643
tt10484272,nm5675643
tt10484278,nm5675643
tt10484280,nm7273876
tt10484280,nm8133003
tt10484296,nm7273876
tt10484296,nm8133003
tt10484304,nm5785112
tt10484306,nm7273876
tt10484306,nm8133003
tt10484310,nm5785112
tt10484312,nm5785112
tt10484316,nm5785112
tt10484318,nm5785112
tt10484320,nm5785112
tt10484324,nm5785112
tt10484328,nm5785112
tt10484332,nm5785112
tt10484334,nm5785112
tt10484336,nm5785112
tt10484342,nm7273876
tt10484342,nm8133003
tt10484346,nm5785112
tt10484348,nm5785112
tt10484350,nm5785112
tt10484354,nm5785112
tt10484360,nm7273876
tt10484360,nm8133003
tt10484362,nm0519983
tt10484362,nm1364603
tt10484364,nm0519983
tt10484364,nm1364603
tt10484366,nm0519983
tt10484366,nm1364603
tt10484368,nm0519983
tt10484368,nm1364603
tt10484370,nm0519983
tt10484370,nm1364603
tt10484372,nm0519983
tt10484372,nm1364603
tt10484374,nm0519983
tt10484374,nm1364603
tt10484378,nm0519983
tt10484378,nm1364603
tt10484380,nm0519983
tt10484380,nm1364603
tt10484382,nm0519983
tt10484382,nm1364603
tt10484384,nm0519983
tt10484384,nm1364603
tt10484386,nm0519983
tt10484386,nm1364603
tt10484388,nm0519983
tt10484388,nm1364603
tt10484392,nm0519983
tt10484392,nm1364603
tt10484394,nm0519983
tt10484394,nm1364603
tt10484396,nm0519983
tt10484396,nm1364603
tt10484398,nm0519983
tt10484398,nm1364603
tt10484404,nm0519983
tt10484404,nm1364603
tt10484410,nm0519983
tt10484410,nm1364603
tt10484418,nm7273876
tt10484418,nm8133003
tt10484458,nm7273876
tt10484458,nm8133003
tt10484474,nm7273876
tt10484474,nm8133003
tt10484502,nm7273876
tt10484502,nm8133003
tt10484572,nm10765907
tt10484620,nm9084885
tt10484624,nm0622350
tt10484624,nm1294793
tt10484624,nm1364603
tt10484624,nm4909944
tt10484626,nm0622350
tt10484626,nm1294793
tt10484626,nm1364603
tt10484626,nm4909944
tt10484628,nm0622350
tt10484628,nm1294793
tt10484628,nm1364603
tt10484628,nm4909944
tt10484630,nm0622350
tt10484630,nm1294793
tt10484630,nm1364603
tt10484630,nm4909944
tt10484632,nm0622350
tt10484632,nm1294793
tt10484632,nm1364603
tt10484632,nm4909944
tt10484634,nm0622350
tt10484634,nm1294793
tt10484634,nm1364603
tt10484634,nm4909944
tt10484636,nm0622350
tt10484636,nm1294793
tt10484636,nm1364603
tt10484636,nm4909944
tt10484638,nm0622350
tt10484638,nm1294793
tt10484638,nm1364603
tt10484638,nm4909944
tt10484640,nm0622350
tt10484640,nm1294793
tt10484640,nm1364603
tt10484640,nm4909944
tt10484642,nm0622350
tt10484642,nm1294793
tt10484642,nm1364603
tt10484642,nm4909944
tt10484646,nm0622350
tt10484646,nm1294793
tt10484646,nm1364603
tt10484646,nm4909944
tt10484648,nm0622350
tt10484648,nm1294793
tt10484648,nm1364603
tt10484648,nm4909944
tt10484650,nm0622350
tt10484650,nm1294793
tt10484650,nm1364603
tt10484650,nm4909944
tt10484652,nm0622350
tt10484652,nm1294793
tt10484652,nm1364603
tt10484652,nm4909944
tt10484654,nm0622350
tt10484654,nm1294793
tt10484654,nm1364603
tt10484654,nm4909944
tt10484658,nm0622350
tt10484658,nm1294793
tt10484658,nm1364603
tt10484658,nm4909944
tt10484660,nm0622350
tt10484660,nm1294793
tt10484660,nm1364603
tt10484660,nm4909944
tt10484662,nm0622350
tt10484662,nm1294793
tt10484662,nm1364603
tt10484662,nm4909944
tt10484664,nm0622350
tt10484664,nm1294793
tt10484664,nm1364603
tt10484664,nm4909944
tt10484666,nm0622350
tt10484666,nm1294793
tt10484666,nm1364603
tt10484666,nm4909944
tt10484670,nm0622350
tt10484670,nm1294793
tt10484670,nm1364603
tt10484672,nm0622350
tt10484672,nm1294793
tt10484672,nm1364603
tt10484674,nm0622350
tt10484674,nm1294793
tt10484674,nm1364603
tt10484676,nm0622350
tt10484676,nm1294793
tt10484676,nm1364603
tt10484678,nm0622350
tt10484678,nm1294793
tt10484678,nm1364603
tt10484680,nm0622350
tt10484680,nm1294793
tt10484680,nm1364603
tt10484682,nm0622350
tt10484682,nm1294793
tt10484682,nm1364603
tt10484684,nm0622350
tt10484684,nm1294793
tt10484684,nm1364603
tt10484686,nm0622350
tt10484686,nm1294793
tt10484686,nm1364603
tt10484688,nm0622350
tt10484688,nm1294793
tt10484688,nm1364603
tt10484696,nm0622350
tt10484696,nm1294793
tt10484696,nm1364603
tt10484698,nm0622350
tt10484698,nm1294793
tt10484698,nm1364603
tt10484700,nm0622350
tt10484700,nm1294793
tt10484700,nm1364603
tt10484702,nm0622350
tt10484702,nm1294793
tt10484702,nm1364603
tt10484704,nm0622350
tt10484704,nm1294793
tt10484704,nm1364603
tt10484706,nm0622350
tt10484706,nm1294793
tt10484706,nm1364603
tt10484708,nm0622350
tt10484708,nm1294793
tt10484708,nm1364603
tt10484710,nm0622350
tt10484710,nm1294793
tt10484710,nm1364603
tt10484712,nm0622350
tt10484712,nm1294793
tt10484712,nm1364603
tt10484846,nm9084885
tt10484854,nm0622350
tt10484854,nm1294793
tt10484854,nm1364603
tt10484854,nm4909944
tt10484856,nm0622350
tt10484856,nm1294793
tt10484856,nm1364603
tt10484856,nm4909944
tt10484858,nm0622350
tt10484858,nm1294793
tt10484858,nm1364603
tt10484858,nm4909944
tt10484862,nm0622350
tt10484862,nm1294793
tt10484862,nm1364603
tt10484862,nm4909944
tt10484864,nm0622350
tt10484864,nm1294793
tt10484864,nm1364603
tt10484864,nm4909944
tt10484866,nm0622350
tt10484866,nm1294793
tt10484866,nm1364603
tt10484866,nm4909944
tt10484868,nm0622350
tt10484868,nm1294793
tt10484868,nm1364603
tt10484868,nm4909944
tt10484870,nm0622350
tt10484870,nm1294793
tt10484870,nm1364603
tt10484870,nm4909944
tt10484872,nm0622350
tt10484872,nm1294793
tt10484872,nm1364603
tt10484872,nm4909944
tt10484874,nm0622350
tt10484874,nm1294793
tt10484874,nm1364603
tt10484874,nm4909944
tt10484876,nm0622350
tt10484876,nm1294793
tt10484876,nm1364603
tt10484876,nm4909944
tt10484878,nm0622350
tt10484878,nm1294793
tt10484878,nm1364603
tt10484878,nm4909944
tt10484880,nm0622350
tt10484880,nm1294793
tt10484880,nm1364603
tt10484880,nm4909944
tt10484882,nm0622350
tt10484882,nm1294793
tt10484882,nm1364603
tt10484882,nm4909944
tt10484884,nm0622350
tt10484884,nm1294793
tt10484884,nm1364603
tt10484884,nm4909944
tt10484886,nm0622350
tt10484886,nm1294793
tt10484886,nm1364603
tt10484886,nm4909944
tt10484888,nm0622350
tt10484888,nm1294793
tt10484888,nm1364603
tt10484888,nm4909944
tt10484890,nm9717486
tt10484892,nm0622350
tt10484892,nm1294793
tt10484892,nm1364603
tt10484892,nm4909944
tt10484896,nm0622350
tt10484896,nm1294793
tt10484896,nm1364603
tt10484896,nm4909944
tt10485180,nm6908650
tt10485182,nm6908650
tt10485184,nm6908650
tt10485186,nm6908650
tt10485188,nm6908650
tt10485190,nm6908650
tt10485192,nm6908650
tt10485194,nm6908650
tt10485196,nm6908650
tt10485198,nm6908650
tt10485200,nm6908650
tt10485202,nm6908650
tt10485204,nm6908650
tt10485206,nm6908650
tt10485208,nm6908650
tt10485210,nm6908650
tt10485214,nm6908650
tt10485216,nm6908650
tt10485220,nm6908650
tt10485222,nm6908650
tt10485224,nm6908650
tt10485228,nm6908650
tt10485230,nm6908650
tt10485232,nm6908650
tt10485234,nm6908650
tt10485236,nm6908650
tt10485238,nm6908650
tt10485240,nm6908650
tt10485242,nm6908650
tt10485246,nm6908650
tt10485248,nm6908650
tt10485252,nm6908650
tt10485254,nm6908650
tt10485256,nm6908650
tt10485260,nm6908650
tt10485262,nm6908650
tt10485264,nm6908650
tt10485266,nm6908650
tt10485268,nm6908650
tt10485270,nm6908650
tt10485272,nm6908650
tt10485274,nm6908650
tt10485276,nm6908650
tt10485278,nm6908650
tt10485280,nm6908650
tt10485282,nm6908650
tt10485286,nm6908650
tt10485288,nm6908650
tt10485290,nm6908650
tt10485292,nm6908650
tt10485294,nm6908650
tt10485296,nm6908650
tt10485300,nm6908650
tt10485302,nm6908650
tt10485304,nm6908650
tt10485306,nm6908650
tt10485308,nm6908650
tt10485310,nm6908650
tt10485314,nm6908650
tt10485316,nm6908650
tt10485318,nm6908650
tt10485320,nm6908650
tt10485322,nm6908650
tt10485324,nm6908650
tt10485328,nm6908650
tt10485330,nm6908650
tt10485332,nm6908650
tt10485334,nm6908650
tt10485336,nm6908650
tt10485338,nm0622350
tt10485338,nm1294793
tt10485338,nm1364603
tt10485338,nm4909944
tt10485340,nm0622350
tt10485340,nm1294793
tt10485340,nm1364603
tt10485340,nm4909944
tt10485344,nm0622350
tt10485344,nm1294793
tt10485344,nm1364603
tt10485344,nm4909944
tt10485348,nm0622350
tt10485348,nm1294793
tt10485348,nm1364603
tt10485348,nm4909944
tt10485350,nm0622350
tt10485350,nm1294793
tt10485350,nm1364603
tt10485350,nm4909944
tt10485352,nm0622350
tt10485352,nm1294793
tt10485352,nm1364603
tt10485352,nm4909944
tt10485354,nm0622350
tt10485354,nm1294793
tt10485354,nm1364603
tt10485354,nm4909944
tt10485362,nm0622350
tt10485362,nm1294793
tt10485362,nm1364603
tt10485362,nm4909944
tt10485364,nm0622350
tt10485364,nm1294793
tt10485364,nm1364603
tt10485364,nm4909944
tt10485366,nm0622350
tt10485366,nm1294793
tt10485366,nm1364603
tt10485366,nm4909944
tt10485370,nm0622350
tt10485370,nm1294793
tt10485370,nm1364603
tt10485370,nm4909944
tt10485372,nm0622350
tt10485372,nm1294793
tt10485372,nm1364603
tt10485372,nm4909944
tt10485374,nm0622350
tt10485374,nm1294793
tt10485374,nm1364603
tt10485374,nm4909944
tt10485380,nm0622350
tt10485380,nm1294793
tt10485380,nm1364603
tt10485380,nm4909944
tt10485384,nm0622350
tt10485384,nm1294793
tt10485384,nm1364603
tt10485384,nm4909944
tt10485390,nm0622350
tt10485390,nm1294793
tt10485390,nm1364603
tt10485390,nm4909944
tt10485394,nm0622350
tt10485394,nm1294793
tt10485394,nm1364603
tt10485394,nm4909944
tt10485400,nm0622350
tt10485400,nm1294793
tt10485400,nm1364603
tt10485400,nm4909944
tt10485408,nm6908650
tt10485412,nm6908650
tt10485414,nm6908650
tt10485416,nm6908650
tt10485418,nm6908650
tt10485420,nm6908650
tt10485422,nm0184362
tt10485424,nm6908650
tt10485426,nm6908650
tt10485428,nm6908650
tt10485430,nm6908650
tt10485432,nm6908650
tt10485434,nm6908650
tt10485436,nm6908650
tt10485440,nm6908650
tt10485442,nm6908650
tt10485444,nm6908650
tt10485446,nm6908650
tt10485448,nm6908650
tt10485450,nm6908650
tt10485454,nm6908650
tt10485458,nm6908650
tt10485460,nm6908650
tt10485462,nm6908650
tt10485466,nm6908650
tt10485468,nm0184362
tt10485470,nm6908650
tt10485472,nm6908650
tt10485474,nm6908650
tt10485476,nm6908650
tt10485478,nm6908650
tt10485480,nm6908650
tt10485484,nm6908650
tt10485486,nm6908650
tt10485490,nm6908650
tt10485492,nm6908650
tt10485498,nm2207098
tt10485508,nm5306436
tt10485516,nm2207098
tt10485518,nm11314668
tt10485554,nm9895535
tt10485562,nm2207098
tt10485570,nm0184362
tt10485574,nm0184362
tt10485584,nm0184362
tt10485592,nm2207098
tt10485698,nm13274981
tt10485700,nm13274981
tt10485706,nm13274981
tt10485710,nm11314668
tt10485710,nm13274981
tt10485712,nm13274981
tt10485714,nm11314668
tt10485714,nm13274981
tt10485716,nm11314668
tt10485716,nm13274981
tt10485718,nm11314668
tt10485718,nm13274981
tt10485720,nm13274981
tt10485722,nm13274981
tt10485724,nm13274981
tt10485726,nm13274981
tt10485728,nm13274981
tt10485732,nm13274981
tt10485738,nm11314668
tt10485738,nm13274981
tt10485740,nm13274981
tt10485742,nm13274981
tt10485744,nm11314668
tt10485744,nm13274981
tt10485746,nm13274981
tt10485748,nm13274981
tt10485752,nm13274981
tt10485754,nm13274981
tt10485756,nm13274981
tt10485758,nm11314668
tt10485758,nm13274981
tt10485760,nm13274981
tt10485762,nm13274981
tt10485766,nm13274981
tt10485768,nm11314668
tt10485768,nm13274981
tt10485772,nm13274981
tt10485774,nm13274981
tt10485776,nm13274981
tt10485780,nm13274981
tt10485782,nm13274981
tt10485784,nm9895535
tt10485786,nm13274981
tt10485788,nm13274981
tt10485790,nm13274981
tt10485794,nm13274981
tt10485796,nm13274981
tt10485798,nm13274981
tt10485800,nm13274981
tt10485870,nm10756129
tt10485870,nm10756136
tt10485914,nm10438680
tt10485928,nm4743754
tt10485932,nm3136289
tt10486124,nm10512209
tt10486124,nm10512210
tt10486124,nm12908174
tt10486124,nm3582934
tt10486124,nm8213447
tt10486124,nm8669327
tt10486126,nm10512209
tt10486126,nm10512210
tt10486126,nm12908174
tt10486126,nm3582934
tt10486126,nm8213447
tt10486126,nm8669327
tt10486128,nm10512209
tt10486128,nm10512210
tt10486128,nm12908174
tt10486128,nm3582934
tt10486128,nm8213447
tt10486128,nm8669327
tt10486130,nm10512209
tt10486130,nm10512210
tt10486130,nm12908174
tt10486130,nm3582934
tt10486130,nm8213447
tt10486130,nm8669327
tt10486132,nm10512209
tt10486132,nm10512210
tt10486132,nm12908174
tt10486132,nm3582934
tt10486132,nm8213447
tt10486132,nm8669327
tt10486134,nm10512209
tt10486134,nm10512210
tt10486134,nm12908174
tt10486134,nm3582934
tt10486134,nm8213447
tt10486134,nm8669327
tt10486136,nm10512209
tt10486136,nm10512210
tt10486136,nm12908174
tt10486136,nm3582934
tt10486136,nm8213447
tt10486136,nm8669327
tt10486138,nm10512209
tt10486138,nm10512210
tt10486138,nm12908174
tt10486138,nm3582934
tt10486138,nm8213447
tt10486138,nm8669327
tt10486142,nm10512209
tt10486142,nm10512210
tt10486142,nm12908174
tt10486142,nm3582934
tt10486142,nm8213447
tt10486142,nm8669327
tt10486146,nm10512209
tt10486146,nm10512210
tt10486146,nm12908174
tt10486146,nm3582934
tt10486146,nm8213447
tt10486146,nm8669327
tt10486150,nm10512209
tt10486150,nm10512210
tt10486150,nm12908174
tt10486150,nm3582934
tt10486150,nm8213447
tt10486150,nm8669327
tt10486152,nm10512209
tt10486152,nm10512210
tt10486152,nm12908174
tt10486152,nm3582934
tt10486152,nm8213447
tt10486152,nm8669327
tt10486156,nm10512209
tt10486156,nm10512210
tt10486156,nm12908174
tt10486156,nm3582934
tt10486156,nm8213447
tt10486156,nm8669327
tt10486158,nm10512209
tt10486158,nm10512210
tt10486158,nm12908174
tt10486158,nm3582934
tt10486158,nm8213447
tt10486158,nm8669327
tt10486160,nm10512209
tt10486160,nm10512210
tt10486160,nm12908174
tt10486160,nm3582934
tt10486160,nm8213447
tt10486160,nm8669327
tt10486162,nm10512209
tt10486162,nm10512210
tt10486162,nm12908174
tt10486162,nm3582934
tt10486162,nm8213447
tt10486162,nm8669327
tt10486164,nm10512209
tt10486164,nm10512210
tt10486164,nm12908174
tt10486164,nm3582934
tt10486164,nm8213447
tt10486164,nm8669327
tt10486168,nm10512209
tt10486168,nm10512210
tt10486168,nm12908174
tt10486168,nm3582934
tt10486168,nm8213447
tt10486168,nm8669327
tt10486172,nm10512209
tt10486172,nm10512210
tt10486172,nm12908174
tt10486172,nm3582934
tt10486172,nm8213447
tt10486172,nm8669327
tt10486174,nm10512209
tt10486174,nm10512210
tt10486174,nm12908174
tt10486174,nm3582934
tt10486174,nm8213447
tt10486174,nm8669327
tt10486614,nm10766464
tt10486664,nm10766495
tt10486692,nm2395946
tt10486768,nm6400266
tt10486778,nm9738877
tt10486814,nm0184362
tt10486820,nm2207098
tt10486832,nm2207098
tt10486834,nm2207098
tt10486836,nm8810489
tt10486842,nm0184362
tt10486848,nm0184362
tt10486856,nm10766546
tt10486860,nm2207098
tt10486864,nm0184362
tt10486870,nm0184362
tt10486876,nm1937506
tt10486878,nm0184362
tt10486884,nm2207098
tt10486890,nm0184362
tt10486892,nm8889482
tt10486894,nm2207098
tt10486898,nm0184362
tt10486902,nm0184362
tt10486912,nm2207098
tt10486916,nm0184362
tt10486922,nm0184362
tt10486930,nm2207098
tt10486936,nm0184362
tt10486944,nm2207098
tt10486960,nm0367889
tt10486970,nm2207098
tt10486978,nm2207098
tt10486984,nm2763383
tt10486990,nm0184362
tt10486996,nm2763383
tt10486998,nm2207098
tt10487002,nm2207098
tt10487012,nm0184362
tt10487034,nm2763383
tt10487040,nm2763383
tt10487104,nm2395946
tt10487116,nm5193226
tt10487134,nm7676446
tt10487146,nm2395946
tt10487152,nm10266088
tt10487184,nm1864815
tt10487192,nm7676446
tt10487200,nm3277715
tt10487240,nm3277715
tt10487278,nm10499799
tt10487310,nm6922125
tt10487310,nm9513613
tt10487322,nm3215497
tt10487338,nm8886699
tt10487408,nm2635618
tt10487436,nm3277715
tt10487452,nm2207098
tt10487458,nm2207098
tt10487462,nm3277715
tt10487474,nm0184362
tt10487476,nm3277715
tt10487482,nm0184362
tt10487486,nm0184362
tt10487490,nm0184362
tt10487502,nm2207098
tt10487506,nm0184362
tt10487506,nm2207098
tt10487514,nm0184362
tt10487522,nm2207098
tt10487530,nm2207098
tt10487536,nm0184362
tt10487542,nm2207098
tt10487630,nm3277715
tt10487632,nm10767020
tt10487642,nm9192776
tt10487692,nm0784723
tt10487710,nm7345676
tt10487716,nm9811063
tt10487740,nm7273876
tt10487740,nm8133003
tt10487752,nm7273876
tt10487752,nm8133003
tt10487756,nm7273876
tt10487756,nm8133003
tt10487758,nm3277715
tt10487760,nm7273876
tt10487760,nm8133003
tt10487762,nm7273876
tt10487762,nm8133003
tt10487764,nm7273876
tt10487764,nm8133003
tt10487770,nm7273876
tt10487770,nm8133003
tt10487776,nm7273876
tt10487776,nm8133003
tt10487780,nm7273876
tt10487780,nm8133003
tt10487782,nm7273876
tt10487782,nm8133003
tt10487790,nm7273876
tt10487790,nm8133003
tt10487792,nm7273876
tt10487792,nm8133003
tt10487796,nm7273876
tt10487796,nm8133003
tt10487800,nm7273876
tt10487800,nm8133003
tt10487806,nm7273876
tt10487806,nm8133003
tt10487810,nm7273876
tt10487810,nm8133003
tt10487814,nm7273876
tt10487814,nm8133003
tt10487816,nm7273876
tt10487816,nm8133003
tt10487818,nm7273876
tt10487818,nm8133003
tt10487824,nm7273876
tt10487824,nm8133003
tt10487826,nm7273876
tt10487826,nm8133003
tt10487828,nm7273876
tt10487828,nm8133003
tt10487832,nm7273876
tt10487832,nm8133003
tt10487998,nm7273876
tt10487998,nm8133003
tt10488084,nm10767284
tt10488244,nm3590026
tt10488258,nm2682591
tt10488264,nm6251136
tt10488266,nm10766592
tt10488310,nm4860661
tt10488400,nm0458804
tt10488416,nm3891455
tt10488444,nm8065607
tt10488458,nm5933828
tt10488458,nm5933829
tt10488522,nm10708369
tt10488530,nm3528280
tt10488628,nm9738877
tt10488630,nm9738877
tt10488642,nm9738877
tt10488648,nm9738877
tt10488692,nm8597672
tt10488770,nm10708676
tt10488784,nm10708676
tt10488800,nm10708676
tt10488826,nm10708676
tt10488876,nm8785551
tt10488892,nm1818089
tt10488914,nm10708676
tt10488940,nm10708676
tt10489298,nm0573047
tt10489298,nm0771364
tt10489298,nm3433439
tt10489298,nm3703366
tt10489300,nm0573047
tt10489300,nm0771364
tt10489300,nm3433439
tt10489300,nm4265066
tt10489300,nm6649123
tt10489308,nm10536089
tt10489402,nm10768068
tt10489408,nm10366764
tt10489432,nm1403029
tt10489552,nm0777068
tt10489580,nm8022946
tt10489642,nm10035259
tt10489776,nm10768175
tt10490150,nm10512209
tt10490150,nm10512210
tt10490150,nm12908174
tt10490150,nm3582934
tt10490150,nm8213447
tt10490150,nm8669327
tt10490152,nm10512209
tt10490152,nm10512210
tt10490152,nm12908174
tt10490152,nm3582934
tt10490152,nm8213447
tt10490152,nm8669327
tt10490154,nm10512209
tt10490154,nm10512210
tt10490154,nm12908174
tt10490154,nm3582934
tt10490154,nm8213447
tt10490154,nm8669327
tt10490156,nm10512209
tt10490156,nm10512210
tt10490156,nm12908174
tt10490156,nm3582934
tt10490156,nm8213447
tt10490156,nm8669327
tt10490158,nm10512209
tt10490158,nm10512210
tt10490158,nm12908174
tt10490158,nm3582934
tt10490158,nm8213447
tt10490158,nm8669327
tt10490160,nm10512209
tt10490160,nm10512210
tt10490160,nm12908174
tt10490160,nm3582934
tt10490160,nm8213447
tt10490160,nm8669327
tt10490162,nm10512209
tt10490162,nm10512210
tt10490162,nm12908174
tt10490162,nm3582934
tt10490162,nm8213447
tt10490162,nm8669327
tt10490164,nm10512209
tt10490164,nm10512210
tt10490164,nm12908174
tt10490164,nm3582934
tt10490164,nm8213447
tt10490164,nm8669327
tt10490166,nm10512209
tt10490166,nm10512210
tt10490166,nm12908174
tt10490166,nm3582934
tt10490166,nm8213447
tt10490166,nm8669327
tt10490168,nm10512209
tt10490168,nm10512210
tt10490168,nm12908174
tt10490168,nm3582934
tt10490168,nm8213447
tt10490168,nm8669327
tt10490172,nm10512209
tt10490172,nm10512210
tt10490172,nm12908174
tt10490172,nm3582934
tt10490172,nm8213447
tt10490172,nm8669327
tt10490174,nm10512209
tt10490174,nm10512210
tt10490174,nm12908174
tt10490174,nm3582934
tt10490174,nm8213447
tt10490174,nm8669327
tt10490178,nm10512209
tt10490178,nm10512210
tt10490178,nm12908174
tt10490178,nm3582934
tt10490178,nm8213447
tt10490178,nm8669327
tt10490180,nm10512209
tt10490180,nm10512210
tt10490180,nm12908174
tt10490180,nm3582934
tt10490180,nm8213447
tt10490180,nm8669327
tt10490182,nm10512209
tt10490182,nm10512210
tt10490182,nm12908174
tt10490182,nm3582934
tt10490182,nm8213447
tt10490182,nm8669327
tt10490184,nm10512209
tt10490184,nm10512210
tt10490184,nm12908174
tt10490184,nm3582934
tt10490184,nm8213447
tt10490184,nm8669327
tt10490186,nm10512209
tt10490186,nm10512210
tt10490186,nm12908174
tt10490186,nm3582934
tt10490186,nm8213447
tt10490186,nm8669327
tt10490188,nm10512209
tt10490188,nm10512210
tt10490188,nm12908174
tt10490188,nm3582934
tt10490188,nm8213447
tt10490188,nm8669327
tt10490190,nm10512209
tt10490190,nm10512210
tt10490190,nm12908174
tt10490190,nm3582934
tt10490190,nm8213447
tt10490190,nm8669327
tt10490192,nm10512209
tt10490192,nm10512210
tt10490192,nm12908174
tt10490192,nm3582934
tt10490192,nm8213447
tt10490192,nm8669327
tt10490290,nm10768279
tt10490494,nm13274981
tt10490496,nm13274981
tt10490498,nm13274981
tt10490500,nm13274981
tt10490502,nm13274981
tt10490504,nm13274981
tt10490506,nm13274981
tt10490508,nm13274981
tt10490512,nm13274981
tt10490514,nm13274981
tt10490516,nm13274981
tt10490518,nm13274981
tt10490520,nm13274981
tt10490522,nm13274981
tt10490524,nm13274981
tt10490526,nm13274981
tt10490530,nm13274981
tt10490532,nm13274981
tt10490534,nm13274981
tt10490536,nm13274981
tt10490542,nm13274981
tt10490544,nm13274981
tt10490546,nm11314668
tt10490546,nm13274981
tt10490548,nm11314668
tt10490548,nm13274981
tt10490550,nm13274981
tt10490552,nm11314668
tt10490552,nm13274981
tt10490554,nm13274981
tt10490556,nm11314668
tt10490556,nm13274981
tt10490558,nm11314668
tt10490558,nm13274981
tt10490560,nm13274981
tt10490562,nm11314668
tt10490562,nm13274981
tt10490564,nm13274981
tt10490566,nm11314668
tt10490566,nm13274981
tt10490568,nm11314668
tt10490568,nm13274981
tt10490570,nm11314668
tt10490570,nm13274981
tt10490572,nm13274981
tt10490574,nm13274981
tt10490576,nm13274981
tt10490578,nm13274981
tt10490580,nm13274981
tt10490584,nm5902042
tt10490586,nm10768310
tt10490662,nm11314668
tt10490686,nm11314668
tt10490694,nm11314668
tt10490708,nm6908650
tt10490710,nm6908650
tt10490714,nm6908650
tt10490716,nm6908650
tt10490718,nm6908650
tt10490720,nm6908650
tt10490722,nm6908650
tt10490726,nm6908650
tt10490728,nm6908650
tt10490730,nm6908650
tt10490732,nm6908650
tt10490740,nm6908650
tt10490742,nm6908650
tt10490744,nm6908650
tt10490746,nm6908650
tt10490748,nm6908650
tt10490752,nm6908650
tt10490754,nm6908650
tt10490756,nm6908650
tt10490760,nm6908650
tt10490762,nm6908650
tt10490768,nm6908650
tt10490770,nm6908650
tt10490772,nm6908650
tt10490774,nm6908650
tt10490776,nm6908650
tt10490778,nm6908650
tt10490780,nm6908650
tt10490782,nm6908650
tt10490784,nm6908650
tt10490786,nm6908650
tt10490788,nm6908650
tt10490790,nm6908650
tt10490792,nm6908650
tt10490806,nm0622350
tt10490806,nm1294793
tt10490806,nm1364603
tt10490806,nm4909944
tt10490808,nm0622350
tt10490808,nm1294793
tt10490808,nm1364603
tt10490808,nm4909944
tt10490810,nm0622350
tt10490810,nm1294793
tt10490810,nm1364603
tt10490810,nm4909944
tt10490812,nm0622350
tt10490812,nm1294793
tt10490812,nm1364603
tt10490812,nm4909944
tt10490814,nm0622350
tt10490814,nm1294793
tt10490814,nm1364603
tt10490814,nm4909944
tt10490816,nm0622350
tt10490816,nm1294793
tt10490816,nm1364603
tt10490816,nm4909944
tt10490818,nm0622350
tt10490818,nm1294793
tt10490818,nm1364603
tt10490818,nm4909944
tt10490822,nm0622350
tt10490822,nm1294793
tt10490822,nm1364603
tt10490822,nm4909944
tt10490824,nm0622350
tt10490824,nm1294793
tt10490824,nm1364603
tt10490824,nm4909944
tt10490830,nm0622350
tt10490830,nm1294793
tt10490830,nm1364603
tt10490830,nm4909944
tt10490832,nm0622350
tt10490832,nm1294793
tt10490832,nm1364603
tt10490832,nm4909944
tt10490834,nm0622350
tt10490834,nm1294793
tt10490834,nm1364603
tt10490834,nm4909944
tt10490836,nm0622350
tt10490836,nm1294793
tt10490836,nm1364603
tt10490836,nm4909944
tt10490846,nm6908650
tt10490848,nm6908650
tt10490850,nm6908650
tt10490854,nm6908650
tt10490856,nm6908650
tt10490858,nm6908650
tt10490860,nm6908650
tt10490864,nm6908650
tt10490866,nm6908650
tt10490868,nm6908650
tt10490870,nm6908650
tt10490872,nm6908650
tt10490874,nm6908650
tt10490876,nm6908650
tt10490878,nm6908650
tt10490880,nm6908650
tt10490882,nm6908650
tt10490884,nm6908650
tt10490886,nm6908650
tt10490892,nm6908650
tt10490896,nm6908650
tt10490898,nm6908650
tt10490900,nm6908650
tt10490902,nm6908650
tt10490904,nm6908650
tt10490906,nm6908650
tt10490908,nm6908650
tt10490922,nm6908650
tt10490924,nm6908650
tt10490926,nm6908650
tt10490928,nm6908650
tt10490930,nm6908650
tt10490932,nm6908650
tt10490934,nm6908650
tt10490936,nm6908650
tt10490938,nm6908650
tt10490940,nm6908650
tt10490942,nm6908650
tt10490944,nm6908650
tt10490946,nm6908650
tt10490948,nm6908650
tt10491082,nm4429977
tt10491226,nm0622350
tt10491226,nm1294793
tt10491226,nm1364603
tt10491226,nm4909944
tt10491228,nm0622350
tt10491228,nm1294793
tt10491228,nm1364603
tt10491228,nm4909944
tt10491230,nm0622350
tt10491230,nm1294793
tt10491230,nm1364603
tt10491230,nm4909944
tt10491234,nm0622350
tt10491234,nm1294793
tt10491234,nm1364603
tt10491234,nm4909944
tt10491236,nm0622350
tt10491236,nm1294793
tt10491236,nm1364603
tt10491236,nm4909944
tt10491238,nm0622350
tt10491238,nm1294793
tt10491238,nm1364603
tt10491238,nm4909944
tt10491240,nm0622350
tt10491240,nm1294793
tt10491240,nm1364603
tt10491240,nm4909944
tt10491242,nm0622350
tt10491242,nm1294793
tt10491242,nm1364603
tt10491242,nm4909944
tt10491244,nm0622350
tt10491244,nm1294793
tt10491244,nm1364603
tt10491244,nm4909944
tt10491246,nm0622350
tt10491246,nm1294793
tt10491246,nm1364603
tt10491246,nm4909944
tt10491248,nm0622350
tt10491248,nm1294793
tt10491248,nm1364603
tt10491248,nm4909944
tt10491254,nm0622350
tt10491254,nm1294793
tt10491254,nm1364603
tt10491254,nm4909944
tt10491256,nm0622350
tt10491256,nm1294793
tt10491256,nm1364603
tt10491256,nm4909944
tt10491258,nm0622350
tt10491258,nm1294793
tt10491258,nm1364603
tt10491258,nm4909944
tt10491260,nm0622350
tt10491260,nm1294793
tt10491260,nm1364603
tt10491260,nm4909944
tt10491262,nm0622350
tt10491262,nm1294793
tt10491262,nm1364603
tt10491262,nm4909944
tt10491264,nm0622350
tt10491264,nm1294793
tt10491264,nm1364603
tt10491264,nm4909944
tt10491266,nm0622350
tt10491266,nm1294793
tt10491266,nm1364603
tt10491266,nm4909944
tt10491268,nm0622350
tt10491268,nm1294793
tt10491268,nm1364603
tt10491268,nm4909944
tt10491328,nm8162053
tt10491338,nm2361715
tt10491482,nm0622350
tt10491482,nm1294793
tt10491482,nm1364603
tt10491484,nm0622350
tt10491484,nm1294793
tt10491484,nm1364603
tt10491486,nm0622350
tt10491486,nm1294793
tt10491486,nm1364603
tt10491488,nm0622350
tt10491488,nm1294793
tt10491488,nm1364603
tt10491490,nm0622350
tt10491490,nm1294793
tt10491490,nm1364603
tt10491492,nm0622350
tt10491492,nm1294793
tt10491492,nm1364603
tt10491494,nm0622350
tt10491494,nm1294793
tt10491494,nm1364603
tt10491496,nm0622350
tt10491496,nm1294793
tt10491496,nm1364603
tt10491498,nm0622350
tt10491498,nm1294793
tt10491498,nm1364603
tt10491500,nm0622350
tt10491500,nm1294793
tt10491500,nm1364603
tt10491502,nm0622350
tt10491502,nm1294793
tt10491502,nm1364603
tt10491504,nm0622350
tt10491504,nm1294793
tt10491504,nm1364603
tt10491506,nm0622350
tt10491506,nm1294793
tt10491506,nm1364603
tt10491508,nm0622350
tt10491508,nm1294793
tt10491508,nm1364603
tt10491510,nm0622350
tt10491510,nm1294793
tt10491510,nm1364603
tt10491512,nm0622350
tt10491512,nm1294793
tt10491512,nm1364603
tt10491514,nm0622350
tt10491514,nm1294793
tt10491514,nm1364603
tt10491516,nm0622350
tt10491516,nm1294793
tt10491516,nm1364603
tt10491518,nm0622350
tt10491518,nm1294793
tt10491518,nm1364603
tt10491520,nm0622350
tt10491520,nm1294793
tt10491520,nm1364603
tt10491522,nm10768279
tt10491526,nm0622350
tt10491526,nm1294793
tt10491526,nm1364603
tt10491526,nm4909944
tt10491528,nm0622350
tt10491528,nm1294793
tt10491528,nm1364603
tt10491528,nm4909944
tt10491530,nm0622350
tt10491530,nm1294793
tt10491530,nm1364603
tt10491530,nm4909944
tt10491532,nm0622350
tt10491532,nm1294793
tt10491532,nm1364603
tt10491532,nm4909944
tt10491534,nm0622350
tt10491534,nm1294793
tt10491534,nm1364603
tt10491534,nm4909944
tt10491536,nm0622350
tt10491536,nm1294793
tt10491536,nm1364603
tt10491536,nm4909944
tt10491538,nm0622350
tt10491538,nm1294793
tt10491538,nm1364603
tt10491538,nm4909944
tt10491540,nm0622350
tt10491540,nm1294793
tt10491540,nm1364603
tt10491540,nm4909944
tt10491544,nm0622350
tt10491544,nm1294793
tt10491544,nm1364603
tt10491544,nm4909944
tt10491546,nm0622350
tt10491546,nm1294793
tt10491546,nm1364603
tt10491546,nm4909944
tt10491548,nm0622350
tt10491548,nm1294793
tt10491548,nm1364603
tt10491548,nm4909944
tt10491550,nm0622350
tt10491550,nm1294793
tt10491550,nm1364603
tt10491550,nm4909944
tt10491554,nm0622350
tt10491554,nm1294793
tt10491554,nm1364603
tt10491554,nm4909944
tt10491556,nm0622350
tt10491556,nm1294793
tt10491556,nm1364603
tt10491556,nm4909944
tt10491558,nm0622350
tt10491558,nm1294793
tt10491558,nm1364603
tt10491558,nm4909944
tt10491560,nm0622350
tt10491560,nm1294793
tt10491560,nm1364603
tt10491560,nm4909944
tt10491562,nm0622350
tt10491562,nm1294793
tt10491562,nm1364603
tt10491562,nm4909944
tt10491564,nm0622350
tt10491564,nm1294793
tt10491564,nm1364603
tt10491564,nm4909944
tt10491566,nm0622350
tt10491566,nm1294793
tt10491566,nm1364603
tt10491566,nm4909944
tt10491572,nm0622350
tt10491572,nm1294793
tt10491572,nm1364603
tt10491572,nm4909944
tt10491650,nm10768279
tt10491674,nm10031734
tt10491764,nm10768279
tt10491768,nm0519983
tt10491768,nm1364603
tt10491770,nm0519983
tt10491770,nm1364603
tt10491772,nm0519983
tt10491772,nm1364603
tt10491778,nm0519983
tt10491778,nm1364603
tt10491780,nm0519983
tt10491780,nm1364603
tt10491784,nm0519983
tt10491784,nm1364603
tt10491786,nm0519983
tt10491786,nm1364603
tt10491790,nm0519983
tt10491790,nm1364603
tt10491792,nm0519983
tt10491792,nm1364603
tt10491796,nm0519983
tt10491796,nm1364603
tt10491798,nm0519983
tt10491798,nm1364603
tt10491800,nm0519983
tt10491800,nm1364603
tt10491804,nm0519983
tt10491804,nm1364603
tt10491806,nm6778002
tt10491808,nm0519983
tt10491808,nm1364603
tt10491810,nm0519983
tt10491810,nm1364603
tt10491814,nm0519983
tt10491814,nm1364603
tt10491816,nm0519983
tt10491816,nm1364603
tt10491818,nm10768554
tt10491820,nm0519983
tt10491820,nm1364603
tt10491828,nm0519983
tt10491828,nm1364603
tt10491830,nm0519983
tt10491830,nm1364603
tt10491844,nm5785112
tt10491850,nm11314668
tt10491850,nm5785112
tt10491852,nm5785112
tt10491860,nm5785112
tt10491864,nm5785112
tt10491866,nm5785112
tt10491868,nm11314668
tt10491868,nm5785112
tt10491874,nm5785112
tt10491882,nm5785112
tt10491894,nm11314668
tt10491894,nm5785112
tt10491896,nm5785112
tt10491900,nm5785112
tt10492180,nm10768571
tt10492228,nm10768622
tt10492264,nm3956527
tt10492368,nm10768696
tt10492374,nm8971277
tt10492402,nm10768720
tt10492512,nm6902731
tt10492558,nm10768868
tt10492558,nm10768869
tt10492594,nm4236620
tt10492606,nm5747178
tt10492656,nm6251136
tt10492664,nm5747178
tt10492680,nm5747178
tt10492742,nm0573047
tt10492742,nm0771364
tt10492742,nm2902000
tt10492742,nm3433439
tt10492746,nm6251136
tt10492760,nm10765146
tt10492782,nm2589122
tt10492790,nm2589122
tt10492794,nm5747178
tt10492796,nm2589122
tt10492802,nm2589122
tt10492816,nm2589122
tt10492820,nm2589122
tt10492824,nm10765146
tt10492826,nm2589122
tt10492830,nm2589122
tt10492834,nm2589122
tt10492840,nm2589122
tt10492854,nm2589122
tt10492856,nm10769055
tt10492860,nm2589122
tt10492862,nm9256059
tt10492864,nm2589122
tt10492870,nm9256059
tt10492874,nm9256059
tt10492880,nm2589122
tt10492882,nm9256059
tt10492886,nm9256059
tt10492888,nm2589122
tt10492890,nm9256059
tt10492892,nm10765146
tt10492894,nm9256059
tt10492896,nm10704534
tt10492896,nm10704535
tt10492898,nm2589122
tt10492900,nm9256059
tt10492904,nm9256059
tt10492910,nm2589122
tt10492914,nm9256059
tt10492918,nm9256059
tt10492920,nm2589122
tt10492928,nm2589122
tt10492936,nm2589122
tt10492940,nm2589122
tt10492942,nm2589122
tt10492948,nm2589122
tt10492954,nm2589122
tt10492962,nm2589122
tt10492968,nm2589122
tt10492970,nm10765146
tt10492974,nm10348104
tt10492974,nm3792494
tt10492982,nm2589122
tt10492984,nm2589122
tt10492990,nm2589122
tt10492992,nm2589122
tt10492994,nm2589122
tt10493000,nm2589122
tt10493006,nm2589122
tt10493010,nm2589122
tt10493014,nm2589122
tt10493016,nm2589122
tt10493018,nm2589122
tt10493022,nm2589122
tt10493026,nm2589122
tt10493028,nm9296992
tt10493034,nm8198477
tt10493040,nm10769105
tt10493040,nm7460494
tt10493284,nm7460494
tt10493332,nm5785112
tt10493336,nm5785112
tt10493340,nm11314668
tt10493340,nm5785112
tt10493342,nm5785112
tt10493344,nm5785112
tt10493346,nm5785112
tt10493348,nm11314668
tt10493348,nm5785112
tt10493350,nm5785112
tt10493354,nm5785112
tt10493356,nm5785112
tt10493360,nm5785112
tt10493362,nm5785112
tt10493364,nm5785112
tt10493366,nm5785112
tt10493368,nm5785112
tt10493372,nm0519983
tt10493372,nm1364603
tt10493374,nm0519983
tt10493374,nm1364603
tt10493376,nm0519983
tt10493376,nm1364603
tt10493378,nm0519983
tt10493378,nm1364603
tt10493380,nm0519983
tt10493380,nm1364603
tt10493382,nm0519983
tt10493382,nm1364603
tt10493384,nm0519983
tt10493384,nm1364603
tt10493386,nm0519983
tt10493386,nm1364603
tt10493388,nm0519983
tt10493388,nm1364603
tt10493390,nm0519983
tt10493390,nm1364603
tt10493392,nm0519983
tt10493392,nm1364603
tt10493394,nm0519983
tt10493394,nm1364603
tt10493396,nm0519983
tt10493396,nm1364603
tt10493398,nm0519983
tt10493398,nm1364603
tt10493400,nm0519983
tt10493400,nm1364603
tt10493402,nm0519983
tt10493402,nm1364603
tt10493404,nm0519983
tt10493404,nm1364603
tt10493406,nm0519983
tt10493406,nm1364603
tt10493408,nm0519983
tt10493408,nm1364603
tt10493410,nm0519983
tt10493410,nm1364603
tt10493488,nm2445258
tt10493488,nm2450064
tt10493548,nm10769207
tt10493550,nm0622350
tt10493550,nm1294793
tt10493550,nm1364603
tt10493550,nm4909944
tt10493552,nm0622350
tt10493552,nm1294793
tt10493552,nm1364603
tt10493552,nm4909944
tt10493554,nm0622350
tt10493554,nm1294793
tt10493554,nm1364603
tt10493554,nm4909944
tt10493556,nm0622350
tt10493556,nm1294793
tt10493556,nm1364603
tt10493556,nm4909944
tt10493558,nm0622350
tt10493558,nm1294793
tt10493558,nm1364603
tt10493558,nm4909944
tt10493560,nm0622350
tt10493560,nm1294793
tt10493560,nm1364603
tt10493560,nm4909944
tt10493562,nm0622350
tt10493562,nm1294793
tt10493562,nm1364603
tt10493562,nm4909944
tt10493564,nm0622350
tt10493564,nm1294793
tt10493564,nm1364603
tt10493564,nm4909944
tt10493566,nm0622350
tt10493566,nm1294793
tt10493566,nm1364603
tt10493566,nm4909944
tt10493568,nm0622350
tt10493568,nm1294793
tt10493568,nm1364603
tt10493568,nm4909944
tt10493570,nm0622350
tt10493570,nm1294793
tt10493570,nm1364603
tt10493570,nm4909944
tt10493572,nm0622350
tt10493572,nm1294793
tt10493572,nm1364603
tt10493572,nm4909944
tt10493574,nm0622350
tt10493574,nm1294793
tt10493574,nm1364603
tt10493574,nm4909944
tt10493576,nm0622350
tt10493576,nm1294793
tt10493576,nm1364603
tt10493576,nm4909944
tt10493578,nm0622350
tt10493578,nm1294793
tt10493578,nm1364603
tt10493578,nm4909944
tt10493580,nm0622350
tt10493580,nm1294793
tt10493580,nm1364603
tt10493580,nm4909944
tt10493582,nm0622350
tt10493582,nm1294793
tt10493582,nm1364603
tt10493582,nm4909944
tt10493584,nm0622350
tt10493584,nm1294793
tt10493584,nm1364603
tt10493584,nm4909944
tt10493586,nm0622350
tt10493586,nm1294793
tt10493586,nm1364603
tt10493586,nm4909944
tt10493588,nm0622350
tt10493588,nm1294793
tt10493588,nm1364603
tt10493588,nm4909944
tt10493594,nm0622350
tt10493594,nm1294793
tt10493594,nm1364603
tt10493594,nm4909944
tt10493596,nm0622350
tt10493596,nm1294793
tt10493596,nm1364603
tt10493596,nm4909944
tt10493598,nm0622350
tt10493598,nm1294793
tt10493598,nm1364603
tt10493598,nm4909944
tt10493600,nm0622350
tt10493600,nm1294793
tt10493600,nm1364603
tt10493600,nm4909944
tt10493602,nm0622350
tt10493602,nm1294793
tt10493602,nm1364603
tt10493602,nm4909944
tt10493604,nm0622350
tt10493604,nm1294793
tt10493604,nm1364603
tt10493606,nm0622350
tt10493606,nm1294793
tt10493606,nm1364603
tt10493608,nm0622350
tt10493608,nm1294793
tt10493608,nm1364603
tt10493610,nm0622350
tt10493610,nm1294793
tt10493610,nm1364603
tt10493612,nm0622350
tt10493612,nm1294793
tt10493612,nm1364603
tt10493614,nm0622350
tt10493614,nm1294793
tt10493614,nm1364603
tt10493616,nm0622350
tt10493616,nm1294793
tt10493616,nm1364603
tt10493618,nm0622350
tt10493618,nm1294793
tt10493618,nm1364603
tt10493620,nm0622350
tt10493620,nm1294793
tt10493620,nm1364603
tt10493624,nm0622350
tt10493624,nm1294793
tt10493624,nm1364603
tt10493626,nm0622350
tt10493626,nm1294793
tt10493626,nm1364603
tt10493628,nm0622350
tt10493628,nm1294793
tt10493628,nm1364603
tt10493630,nm0622350
tt10493630,nm1294793
tt10493630,nm1364603
tt10493632,nm0622350
tt10493632,nm1294793
tt10493632,nm1364603
tt10493634,nm0622350
tt10493634,nm1294793
tt10493634,nm1364603
tt10493636,nm0622350
tt10493636,nm1294793
tt10493636,nm1364603
tt10493638,nm0622350
tt10493638,nm1294793
tt10493638,nm1364603
tt10493640,nm0622350
tt10493640,nm1294793
tt10493640,nm1364603
tt10493642,nm0622350
tt10493642,nm1294793
tt10493642,nm1364603
tt10493832,nm2573472
tt10493940,nm9192776
tt10494036,nm9192776
tt10494104,nm9183147
tt10494354,nm4409273
tt10494394,nm10769455
tt10494402,nm6475153
tt10494410,nm6475153
tt10494416,nm6475153
tt10494422,nm6475153
tt10494432,nm6475153
tt10494440,nm6475153
tt10494482,nm5264239
tt10494552,nm8070983
tt10494626,nm6474714
tt10494694,nm5866102
tt10494722,nm8522504
tt10494790,nm10766453
tt10494848,nm0266605
tt10494854,nm0266605
tt10494858,nm0367889
tt10494868,nm0367889
tt10494876,nm2763383
tt10494882,nm2763383
tt10494886,nm7786476
tt10494938,nm10141418
tt10494944,nm10765146
tt10494972,nm10765146
tt10495024,nm10765146
tt10495042,nm1438677
tt10495070,nm10765146
tt10495082,nm10780292
tt10495082,nm10780293
tt10495082,nm8309350
tt10495084,nm5747178
tt10495096,nm5747178
tt10495100,nm10661435
tt10495102,nm5747178
tt10495352,nm7478517
tt10495376,nm2506412
tt10495498,nm0335107
tt10495498,nm2698491
tt10495618,nm7828365
tt10495736,nm9571339
tt10496020,nm6908650
tt10496022,nm6908650
tt10496024,nm6908650
tt10496028,nm6908650
tt10496032,nm6908650
tt10496034,nm6908650
tt10496038,nm6908650
tt10496040,nm6908650
tt10496042,nm6908650
tt10496044,nm6908650
tt10496046,nm6908650
tt10496050,nm6908650
tt10496052,nm6908650
tt10496054,nm6908650
tt10496056,nm6908650
tt10496058,nm6908650
tt10496060,nm6908650
tt10496062,nm6908650
tt10496064,nm6908650
tt10496068,nm6908650
tt10496072,nm6908650
tt10496074,nm6908650
tt10496080,nm6908650
tt10496082,nm6908650
tt10496084,nm6908650
tt10496086,nm6908650
tt10496088,nm6908650
tt10496092,nm6908650
tt10496096,nm6908650
tt10496098,nm6908650
tt10496100,nm6908650
tt10496104,nm6908650
tt10496106,nm6908650
tt10496108,nm6908650
tt10496112,nm6908650
tt10496114,nm6908650
tt10496116,nm6908650
tt10496118,nm6908650
tt10496120,nm6908650
tt10496126,nm2523759
tt10496244,nm1052695
tt10496286,nm1641723
tt10496352,nm13274981
tt10496354,nm11314668
tt10496354,nm13274981
tt10496356,nm11314668
tt10496356,nm13274981
tt10496358,nm13274981
tt10496364,nm13274981
tt10496366,nm13274981
tt10496370,nm1052695
tt10496372,nm13274981
tt10496374,nm13274981
tt10496376,nm13274981
tt10496380,nm13274981
tt10496382,nm13274981
tt10496384,nm13274981
tt10496388,nm13274981
tt10496392,nm13274981
tt10496394,nm13274981
tt10496396,nm13274981
tt10496398,nm13274981
tt10496400,nm11314668
tt10496400,nm13274981
tt10496404,nm13274981
tt10496408,nm13274981
tt10496422,nm13274981
tt10496426,nm13274981
tt10496428,nm13274981
tt10496430,nm13274981
tt10496432,nm13274981
tt10496436,nm13274981
tt10496438,nm1641723
tt10496440,nm13274981
tt10496442,nm13274981
tt10496448,nm13274981
tt10496450,nm13274981
tt10496452,nm13274981
tt10496454,nm13274981
tt10496458,nm13274981
tt10496460,nm13274981
tt10496464,nm13274981
tt10496466,nm13274981
tt10496468,nm13274981
tt10496472,nm13274981
tt10496474,nm13274981
tt10496476,nm13274981
tt10496514,nm1641723
tt10496594,nm6131856
tt10496600,nm1641723
tt10496616,nm0031565
tt10496626,nm0031565
tt10496636,nm0031565
tt10496638,nm9433924
tt10496656,nm0031565
tt10496714,nm0031565
tt10496742,nm0031565
tt10496796,nm0031565
tt10496836,nm0031565
tt10496862,nm0031565
tt10496922,nm0031565
tt10496926,nm10512209
tt10496926,nm10512210
tt10496926,nm12908174
tt10496926,nm3582934
tt10496926,nm8213447
tt10496926,nm8669327
tt10496928,nm10512209
tt10496928,nm10512210
tt10496928,nm12908174
tt10496928,nm3582934
tt10496928,nm8213447
tt10496928,nm8669327
tt10496932,nm10512209
tt10496932,nm10512210
tt10496932,nm12908174
tt10496932,nm3582934
tt10496932,nm8213447
tt10496932,nm8669327
tt10496934,nm10512209
tt10496934,nm10512210
tt10496934,nm12908174
tt10496934,nm3582934
tt10496934,nm8213447
tt10496934,nm8669327
tt10496938,nm10512209
tt10496938,nm10512210
tt10496938,nm12908174
tt10496938,nm3582934
tt10496938,nm8213447
tt10496938,nm8669327
tt10496942,nm10512209
tt10496942,nm10512210
tt10496942,nm12908174
tt10496942,nm3582934
tt10496942,nm8213447
tt10496942,nm8669327
tt10496944,nm10512209
tt10496944,nm10512210
tt10496944,nm12908174
tt10496944,nm3582934
tt10496944,nm8213447
tt10496944,nm8669327
tt10496950,nm10512209
tt10496950,nm10512210
tt10496950,nm12908174
tt10496950,nm3582934
tt10496950,nm8213447
tt10496950,nm8669327
tt10496952,nm10512209
tt10496952,nm10512210
tt10496952,nm12908174
tt10496952,nm3582934
tt10496952,nm8213447
tt10496952,nm8669327
tt10496954,nm10512209
tt10496954,nm10512210
tt10496954,nm12908174
tt10496954,nm3582934
tt10496954,nm8213447
tt10496954,nm8669327
tt10496956,nm10512209
tt10496956,nm10512210
tt10496956,nm12908174
tt10496956,nm3582934
tt10496956,nm8213447
tt10496956,nm8669327
tt10496958,nm10512209
tt10496958,nm10512210
tt10496958,nm12908174
tt10496958,nm3582934
tt10496958,nm8213447
tt10496958,nm8669327
tt10496960,nm10512209
tt10496960,nm10512210
tt10496960,nm12908174
tt10496960,nm3582934
tt10496960,nm8213447
tt10496960,nm8669327
tt10496962,nm10512209
tt10496962,nm10512210
tt10496962,nm12908174
tt10496962,nm3582934
tt10496962,nm8213447
tt10496962,nm8669327
tt10496966,nm10512209
tt10496966,nm10512210
tt10496966,nm12908174
tt10496966,nm3582934
tt10496966,nm8213447
tt10496966,nm8669327
tt10496968,nm10512209
tt10496968,nm10512210
tt10496968,nm12908174
tt10496968,nm3582934
tt10496968,nm8213447
tt10496968,nm8669327
tt10496970,nm10512209
tt10496970,nm10512210
tt10496970,nm12908174
tt10496970,nm3582934
tt10496970,nm8213447
tt10496970,nm8669327
tt10496974,nm10512209
tt10496974,nm10512210
tt10496974,nm12908174
tt10496974,nm3582934
tt10496974,nm8213447
tt10496974,nm8669327
tt10496976,nm10512209
tt10496976,nm10512210
tt10496976,nm12908174
tt10496976,nm3582934
tt10496976,nm8213447
tt10496976,nm8669327
tt10496980,nm10512209
tt10496980,nm10512210
tt10496980,nm12908174
tt10496980,nm3582934
tt10496980,nm8213447
tt10496980,nm8669327
tt10496988,nm10512209
tt10496988,nm10512210
tt10496988,nm12908174
tt10496988,nm3582934
tt10496988,nm8213447
tt10496988,nm8669327
tt10496990,nm10512209
tt10496990,nm10512210
tt10496990,nm12908174
tt10496990,nm3582934
tt10496990,nm8213447
tt10496990,nm8669327
tt10496992,nm10512209
tt10496992,nm10512210
tt10496992,nm12908174
tt10496992,nm3582934
tt10496992,nm8213447
tt10496992,nm8669327
tt10496994,nm10512209
tt10496994,nm10512210
tt10496994,nm12908174
tt10496994,nm3582934
tt10496994,nm8213447
tt10496994,nm8669327
tt10497000,nm10512209
tt10497000,nm10512210
tt10497000,nm12908174
tt10497000,nm3582934
tt10497000,nm8213447
tt10497000,nm8669327
tt10497002,nm10512209
tt10497002,nm10512210
tt10497002,nm12908174
tt10497002,nm3582934
tt10497002,nm8213447
tt10497002,nm8669327
tt10497004,nm10512209
tt10497004,nm10512210
tt10497004,nm12908174
tt10497004,nm3582934
tt10497004,nm8213447
tt10497004,nm8669327
tt10497016,nm10512209
tt10497016,nm10512210
tt10497016,nm12908174
tt10497016,nm3582934
tt10497016,nm8213447
tt10497016,nm8669327
tt10497018,nm10512209
tt10497018,nm10512210
tt10497018,nm12908174
tt10497018,nm3582934
tt10497018,nm8213447
tt10497018,nm8669327
tt10497022,nm10512209
tt10497022,nm10512210
tt10497022,nm12908174
tt10497022,nm3582934
tt10497022,nm8213447
tt10497022,nm8669327
tt10497024,nm10512209
tt10497024,nm10512210
tt10497024,nm12908174
tt10497024,nm3582934
tt10497024,nm8213447
tt10497024,nm8669327
tt10497026,nm10512209
tt10497026,nm10512210
tt10497026,nm12908174
tt10497026,nm3582934
tt10497026,nm8213447
tt10497026,nm8669327
tt10497028,nm10512209
tt10497028,nm10512210
tt10497028,nm12908174
tt10497028,nm3582934
tt10497028,nm8213447
tt10497028,nm8669327
tt10497030,nm10512209
tt10497030,nm10512210
tt10497030,nm12908174
tt10497030,nm3582934
tt10497030,nm8213447
tt10497030,nm8669327
tt10497034,nm10512209
tt10497034,nm10512210
tt10497034,nm12908174
tt10497034,nm3582934
tt10497034,nm8213447
tt10497034,nm8669327
tt10497038,nm10512209
tt10497038,nm10512210
tt10497038,nm12908174
tt10497038,nm3582934
tt10497038,nm8213447
tt10497038,nm8669327
tt10497040,nm10512209
tt10497040,nm10512210
tt10497040,nm12908174
tt10497040,nm3582934
tt10497040,nm8213447
tt10497040,nm8669327
tt10497046,nm10512209
tt10497046,nm10512210
tt10497046,nm12908174
tt10497046,nm3582934
tt10497046,nm8213447
tt10497046,nm8669327
tt10497048,nm10512209
tt10497048,nm10512210
tt10497048,nm12908174
tt10497048,nm3582934
tt10497048,nm8213447
tt10497048,nm8669327
tt10497126,nm10770401
tt10497242,nm8022946
tt10497352,nm2387350
tt10497448,nm10769358
tt10497476,nm2606710
tt10497508,nm10770512
tt10497508,nm9506110
tt10497528,nm7385793
tt10497556,nm9433924
tt10497578,nm7112883
tt10497594,nm9433924
tt10497620,nm10770579
tt10497622,nm9433924
tt10497710,nm10282632
tt10497710,nm10282633
tt10497718,nm5264239
tt10497720,nm10282632
tt10497720,nm10282633
tt10497728,nm10282632
tt10497728,nm10282633
tt10497748,nm10282632
tt10497748,nm10282633
tt10497762,nm10282632
tt10497762,nm10282633
tt10497780,nm10282632
tt10497780,nm10282633
tt10497794,nm10282632
tt10497794,nm10282633
tt10497808,nm10282632
tt10497808,nm10282633
tt10497832,nm10282632
tt10497832,nm10282633
tt10497834,nm10282632
tt10497834,nm10282633
tt10497844,nm6353680
tt10497850,nm10282632
tt10497850,nm10282633
tt10497858,nm10282632
tt10497858,nm10282633
tt10497878,nm10282632
tt10497878,nm10282633
tt10497888,nm10282632
tt10497888,nm10282633
tt10497896,nm10282632
tt10497896,nm10282633
tt10497898,nm3444574
tt10497904,nm9192776
tt10497906,nm9192776
tt10497910,nm11370772
tt10497910,nm2935460
tt10497910,nm3140864
tt10497910,nm8005118
tt10497910,nm8005119
tt10497912,nm7494531
tt10497922,nm10282632
tt10497922,nm10282633
tt10497926,nm12072139
tt10497926,nm12072141
tt10497958,nm8994870
tt10498008,nm2018750
tt10498008,nm6920555
tt10498010,nm10282632
tt10498010,nm10282633
tt10498028,nm10282632
tt10498028,nm10282633
tt10498042,nm10282632
tt10498042,nm10282633
tt10498050,nm10282632
tt10498050,nm10282633
tt10498064,nm10770843
tt10498070,nm9494649
tt10498088,nm10568695
tt10498150,nm10393612
tt10498150,nm5259506
tt10498160,nm0387702
tt10498176,nm2098025
tt10498224,nm0677398
tt10498228,nm5035776
tt10498260,nm7580105
tt10498298,nm4241812
tt10498316,nm10568695
tt10498322,nm1048962
tt10498322,nm1520755
tt10498322,nm5226810
tt10498322,nm6339980
tt10498322,nm6806296
tt10498356,nm9645805
tt10498358,nm2932996
tt10498358,nm7658025
tt10498364,nm4493605
tt10498364,nm4816005
tt10498364,nm9622899
tt10498366,nm4493605
tt10498366,nm4816005
tt10498366,nm9622899
tt10498370,nm4493605
tt10498370,nm4816005
tt10498370,nm9622899
tt10498374,nm4493605
tt10498374,nm4816005
tt10498374,nm9622899
tt10498376,nm4493605
tt10498376,nm4816005
tt10498376,nm9622899
tt10498378,nm4493605
tt10498378,nm4816005
tt10498378,nm9622899
tt10498382,nm4493605
tt10498382,nm4816005
tt10498382,nm9622899
tt10498384,nm4493605
tt10498384,nm4816005
tt10498384,nm9622899
tt10498386,nm4493605
tt10498386,nm4816005
tt10498404,nm2932996
tt10498404,nm7658025
tt10498406,nm2932996
tt10498406,nm7658025
tt10498408,nm2932996
tt10498408,nm7658025
tt10498410,nm2932996
tt10498410,nm7658025
tt10498412,nm2932996
tt10498412,nm7658025
tt10498414,nm2932996
tt10498414,nm7658025
tt10498416,nm2932996
tt10498416,nm7658025
tt10498418,nm2932996
tt10498418,nm7658025
tt10498420,nm2932996
tt10498420,nm7658025
tt10498422,nm2932996
tt10498422,nm7658025
tt10498424,nm2932996
tt10498424,nm7658025
tt10498452,nm4087886
tt10498496,nm4581750
tt10498648,nm10771153
tt10498652,nm5472313
tt10498654,nm8201201
tt10498674,nm6525639
tt10498690,nm10771153
tt10498702,nm7460494
tt10498710,nm9317438
tt10498720,nm10771194
tt10498722,nm5757701
tt10498728,nm4413138
tt10498752,nm7904514
tt10498768,nm6650337
tt10498770,nm10771153
tt10498782,nm10771153
tt10498812,nm0387702
tt10498812,nm5809336
tt10498816,nm10771334
tt10498832,nm0387702
tt10498832,nm5809336
tt10498898,nm6119176
tt10498908,nm5752092
tt10498928,nm10771461
tt10498930,nm0387702
tt10498948,nm5752092
tt10498964,nm10771483
tt10498966,nm10771489
tt10498972,nm1830174
tt10499004,nm10771499
tt10499096,nm9433924
tt10499110,nm4529853
tt10499138,nm0238135
tt10499164,nm6603547
tt10499164,nm8986850
tt10499180,nm8986850
tt10499220,nm6597177
tt10499228,nm5561018
tt10499244,nm10771666
tt10499252,nm10771666
tt10499266,nm1055063
tt10499360,nm10771788
tt10499374,nm10771804
tt10499386,nm10771816
tt10499392,nm10770500
tt10499400,nm8381093
tt10499406,nm10771847
tt10499418,nm3739001
tt10499426,nm5140352
tt10499430,nm1492770
tt10499432,nm5608594
tt10499436,nm14459495
tt10499446,nm4518735
tt10499448,nm10888904
tt10499464,nm9094207
tt10499474,nm3767221
tt10499476,nm11233251
tt10499478,nm9779072
tt10499504,nm5662583
tt10499524,nm10771858
tt10499528,nm6758812
tt10499534,nm10357514
tt10499542,nm10771867
tt10499602,nm0420926
tt10499612,nm0048056
tt10499636,nm8381083
tt10499646,nm1123163
tt10499690,nm10762965
tt10499692,nm3465246
tt10499712,nm10762965
tt10499716,nm10758366
tt10499800,nm10163296
tt10499802,nm10163296
tt10499804,nm0406092
tt10499804,nm10748308
tt10499806,nm8814083
tt10499808,nm8814083
tt10499810,nm0406092
tt10499810,nm10748308
tt10499812,nm0406092
tt10499812,nm10748308
tt10499814,nm0406092
tt10499814,nm10748308
tt10499940,nm5472313
tt10499952,nm5472313
tt10499958,nm5472313
tt10499960,nm5472313
tt10499976,nm7674510
tt10499978,nm5472313
tt10499988,nm5472313
tt10499996,nm8543959
tt10499998,nm5472313
tt10500002,nm10772224
tt10500016,nm5472313
tt10500028,nm5472313
tt10500030,nm10722733
tt10500034,nm10436796
tt10500034,nm10438677
tt10500034,nm10689964
tt10500040,nm5472313
tt10500046,nm10762965
tt10500050,nm5472313
tt10500054,nm5472313
tt10500058,nm10520448
tt10500058,nm4383056
tt10500058,nm8408060
tt10500060,nm11694623
tt10500066,nm10762965
tt10500070,nm5472313
tt10500074,nm5472313
tt10500076,nm10762965
tt10500078,nm5472313
tt10500084,nm5472313
tt10500086,nm10762965
tt10500094,nm8710568
tt10500096,nm5472313
tt10500108,nm10762965
tt10500126,nm10762965
tt10500144,nm10772317
tt10500148,nm10762965
tt10500160,nm10762965
tt10500178,nm5018116
tt10500186,nm10772389
tt10500190,nm9279458
tt10500200,nm8739793
tt10500254,nm3095542
tt10500266,nm10590285
tt10500294,nm9433924
tt10500314,nm9433924
tt10500332,nm10379366
tt10500346,nm9433924
tt10500352,nm10614110
tt10500358,nm10772462
tt10500374,nm11370221
tt10500382,nm1864859
tt10500392,nm14359100
tt10500398,nm10772479
tt10500400,nm10689964
tt10500420,nm10436796
tt10500424,nm6596349
tt10500436,nm10772505
tt10500458,nm1048559
tt10500508,nm5259506
tt10500532,nm5299166
tt10500548,nm6465439
tt10500612,nm5259506
tt10500616,nm6465439
tt10500630,nm10772651
tt10500632,nm8786192
tt10500656,nm6465439
tt10500668,nm6465439
tt10500674,nm6465439
tt10500678,nm6465439
tt10500684,nm6465439
tt10500698,nm6465439
tt10500752,nm6465439
tt10500962,nm1066081
tt10500962,nm7195251
tt10501060,nm8786192
tt10501180,nm8786192
tt10501196,nm10512209
tt10501196,nm10512210
tt10501196,nm12908174
tt10501196,nm3582934
tt10501196,nm8213447
tt10501196,nm8669327
tt10501200,nm10512209
tt10501200,nm10512210
tt10501200,nm12908174
tt10501200,nm3582934
tt10501200,nm8213447
tt10501200,nm8669327
tt10501202,nm10512209
tt10501202,nm10512210
tt10501202,nm12908174
tt10501202,nm3582934
tt10501202,nm8213447
tt10501202,nm8669327
tt10501204,nm10512209
tt10501204,nm10512210
tt10501204,nm12908174
tt10501204,nm3582934
tt10501204,nm8213447
tt10501204,nm8669327
tt10501206,nm10512209
tt10501206,nm10512210
tt10501206,nm12908174
tt10501206,nm3582934
tt10501206,nm8213447
tt10501206,nm8669327
tt10501208,nm10512209
tt10501208,nm10512210
tt10501208,nm12908174
tt10501208,nm3582934
tt10501208,nm8213447
tt10501208,nm8669327
tt10501210,nm10512209
tt10501210,nm10512210
tt10501210,nm12908174
tt10501210,nm3582934
tt10501210,nm8213447
tt10501210,nm8669327
tt10501212,nm3513211
tt10501216,nm10512209
tt10501216,nm10512210
tt10501216,nm12908174
tt10501216,nm3582934
tt10501216,nm8213447
tt10501216,nm8669327
tt10501218,nm10512209
tt10501218,nm10512210
tt10501218,nm12908174
tt10501218,nm3582934
tt10501218,nm8213447
tt10501218,nm8669327
tt10501220,nm10512209
tt10501220,nm10512210
tt10501220,nm12908174
tt10501220,nm3582934
tt10501220,nm8213447
tt10501220,nm8669327
tt10501222,nm10512209
tt10501222,nm10512210
tt10501222,nm12908174
tt10501222,nm3582934
tt10501222,nm8213447
tt10501222,nm8669327
tt10501224,nm10512209
tt10501224,nm10512210
tt10501224,nm12908174
tt10501224,nm3582934
tt10501224,nm8213447
tt10501224,nm8669327
tt10501226,nm10512209
tt10501226,nm10512210
tt10501226,nm12908174
tt10501226,nm3582934
tt10501226,nm8213447
tt10501226,nm8669327
tt10501228,nm10512209
tt10501228,nm10512210
tt10501228,nm12908174
tt10501228,nm3582934
tt10501228,nm8213447
tt10501228,nm8669327
tt10501230,nm10512209
tt10501230,nm10512210
tt10501230,nm12908174
tt10501230,nm3582934
tt10501230,nm8213447
tt10501230,nm8669327
tt10501232,nm10512209
tt10501232,nm10512210
tt10501232,nm12908174
tt10501232,nm3582934
tt10501232,nm8213447
tt10501232,nm8669327
tt10501234,nm10512209
tt10501234,nm10512210
tt10501234,nm12908174
tt10501234,nm3582934
tt10501234,nm8213447
tt10501234,nm8669327
tt10501236,nm10512209
tt10501236,nm10512210
tt10501236,nm12908174
tt10501236,nm3582934
tt10501236,nm8213447
tt10501236,nm8669327
tt10501238,nm10512209
tt10501238,nm10512210
tt10501238,nm12908174
tt10501238,nm3582934
tt10501238,nm8213447
tt10501238,nm8669327
tt10501240,nm10512209
tt10501240,nm10512210
tt10501240,nm12908174
tt10501240,nm3582934
tt10501240,nm8213447
tt10501240,nm8669327
tt10501242,nm10512209
tt10501242,nm10512210
tt10501242,nm12908174
tt10501242,nm3582934
tt10501242,nm8213447
tt10501242,nm8669327
tt10501534,nm13274981
tt10501536,nm13274981
tt10501538,nm13274981
tt10501540,nm13274981
tt10501542,nm13274981
tt10501544,nm13274981
tt10501546,nm13274981
tt10501548,nm13274981
tt10501550,nm13274981
tt10501552,nm13274981
tt10501554,nm13274981
tt10501556,nm13274981
tt10501558,nm13274981
tt10501562,nm13274981
tt10501564,nm13274981
tt10501566,nm13274981
tt10501568,nm13274981
tt10501570,nm13274981
tt10501572,nm13274981
tt10501574,nm13274981
tt10501624,nm6908650
tt10501628,nm6908650
tt10501630,nm6908650
tt10501632,nm6908650
tt10501634,nm6908650
tt10501638,nm6908650
tt10501642,nm6908650
tt10501644,nm6908650
tt10501646,nm6908650
tt10501648,nm6908650
tt10501652,nm6908650
tt10501656,nm6908650
tt10501658,nm6908650
tt10501660,nm6908650
tt10501662,nm6908650
tt10501664,nm6908650
tt10501670,nm6908650
tt10501672,nm6908650
tt10501674,nm6908650
tt10501676,nm6908650
tt10501684,nm6908650
tt10501688,nm6908650
tt10501690,nm6908650
tt10501692,nm6908650
tt10501694,nm6908650
tt10501696,nm6908650
tt10501698,nm6908650
tt10501702,nm6908650
tt10501706,nm6908650
tt10501710,nm6908650
tt10501714,nm6908650
tt10501716,nm6908650
tt10501718,nm6908650
tt10501720,nm6908650
tt10501722,nm6908650
tt10501724,nm6908650
tt10501728,nm6908650
tt10501730,nm6908650
tt10501732,nm6908650
tt10501734,nm6908650
tt10501752,nm1361889
tt10501808,nm5620266
tt10501834,nm0772092
tt10501834,nm2563127
tt10502026,nm2566383
tt10502126,nm6506161
tt10502140,nm10297100
tt10502144,nm0622350
tt10502144,nm1294793
tt10502144,nm1364603
tt10502148,nm0622350
tt10502148,nm1294793
tt10502148,nm1364603
tt10502150,nm0622350
tt10502150,nm1294793
tt10502150,nm1364603
tt10502152,nm0622350
tt10502152,nm1294793
tt10502152,nm1364603
tt10502154,nm0622350
tt10502154,nm1294793
tt10502154,nm1364603
tt10502156,nm0622350
tt10502156,nm1294793
tt10502156,nm1364603
tt10502158,nm0622350
tt10502158,nm1294793
tt10502158,nm1364603
tt10502160,nm0622350
tt10502160,nm1294793
tt10502160,nm1364603
tt10502162,nm0622350
tt10502162,nm1294793
tt10502162,nm1364603
tt10502164,nm0622350
tt10502164,nm1294793
tt10502164,nm1364603
tt10502166,nm0622350
tt10502166,nm1294793
tt10502166,nm1364603
tt10502168,nm0622350
tt10502168,nm1294793
tt10502168,nm1364603
tt10502172,nm0622350
tt10502172,nm1294793
tt10502172,nm1364603
tt10502174,nm0622350
tt10502174,nm1294793
tt10502174,nm1364603
tt10502176,nm0622350
tt10502176,nm1294793
tt10502176,nm1364603
tt10502178,nm0622350
tt10502178,nm1294793
tt10502178,nm1364603
tt10502180,nm0622350
tt10502180,nm1294793
tt10502180,nm1364603
tt10502182,nm0622350
tt10502182,nm1294793
tt10502182,nm1364603
tt10502184,nm0622350
tt10502184,nm1294793
tt10502184,nm1364603
tt10502186,nm0622350
tt10502186,nm1294793
tt10502186,nm1364603
tt10502406,nm5785112
tt10502408,nm5785112
tt10502412,nm5785112
tt10502422,nm5785112
tt10502426,nm5785112
tt10502466,nm10708369
tt10502666,nm1118814
tt10502700,nm10612206
tt10502784,nm10770512
tt10502784,nm9506110
tt10502786,nm10770512
tt10502786,nm9506110
tt10502788,nm10770512
tt10502788,nm9506110
tt10502790,nm10770512
tt10502790,nm9506110
tt10502792,nm10770512
tt10502792,nm9506110
tt10502794,nm10770512
tt10502794,nm9506110
tt10502796,nm10770512
tt10502796,nm9506110
tt10502798,nm10770512
tt10502798,nm9506110
tt10502800,nm9942060
tt10502802,nm10770512
tt10502802,nm9506110
tt10502804,nm10770512
tt10502804,nm9506110
tt10502806,nm10770512
tt10502806,nm9506110
tt10502808,nm10770512
tt10502808,nm9506110
tt10502810,nm10770512
tt10502810,nm9506110
tt10502812,nm10770512
tt10502812,nm9506110
tt10502814,nm10770512
tt10502814,nm9506110
tt10502816,nm10770512
tt10502816,nm9506110
tt10502818,nm10770512
tt10502818,nm9506110
tt10502820,nm10770512
tt10502820,nm9506110
tt10502822,nm10770512
tt10502822,nm9506110
tt10502824,nm10770512
tt10502824,nm9506110
tt10502826,nm10770512
tt10502826,nm9506110
tt10502828,nm10770512
tt10502828,nm9506110
tt10502830,nm10770512
tt10502830,nm9506110
tt10502834,nm10770512
tt10502834,nm9506110
tt10502840,nm10770512
tt10502840,nm9506110
tt10502842,nm10770512
tt10502842,nm9506110
tt10502850,nm10770512
tt10502850,nm9506110
tt10502858,nm10770512
tt10502858,nm9506110
tt10502860,nm10770512
tt10502860,nm9506110
tt10502862,nm10770512
tt10502862,nm9506110
tt10502866,nm10770512
tt10502866,nm9506110
tt10502868,nm10770512
tt10502868,nm9506110
tt10502870,nm10770512
tt10502870,nm9506110
tt10502872,nm10770512
tt10502872,nm9506110
tt10502878,nm10770512
tt10502878,nm9506110
tt10502880,nm10770512
tt10502880,nm9506110
tt10502882,nm10770512
tt10502882,nm9506110
tt10502890,nm10770512
tt10502890,nm9506110
tt10502892,nm10770512
tt10502892,nm9506110
tt10502912,nm10770512
tt10502912,nm9506110
tt10502914,nm10770512
tt10502914,nm9506110
tt10502918,nm10770512
tt10502918,nm9506110
tt10502920,nm10770512
tt10502920,nm9506110
tt10502922,nm10770512
tt10502922,nm9506110
tt10502924,nm10770512
tt10502924,nm9506110
tt10502926,nm10770512
tt10502926,nm9506110
tt10502932,nm10770512
tt10502932,nm9506110
tt10502934,nm10770512
tt10502934,nm9506110
tt10502936,nm10770512
tt10502936,nm9506110
tt10502938,nm10770512
tt10502938,nm9506110
tt10502940,nm10770512
tt10502940,nm9506110
tt10502942,nm10770512
tt10502942,nm9506110
tt10502944,nm10770512
tt10502944,nm9506110
tt10502946,nm10770512
tt10502946,nm9506110
tt10502948,nm10770512
tt10502948,nm9506110
tt10502950,nm10770512
tt10502950,nm9506110
tt10502992,nm9433924
tt10503000,nm9433924
tt10503028,nm8064485
tt10503048,nm8064485
tt10503158,nm5460792
tt10503172,nm6702150
tt10503192,nm8376686
tt10503258,nm6658602
tt10503274,nm10773453
tt10503282,nm8363401
tt10503328,nm7405876
tt10503582,nm10773635
tt10503688,nm3465582
tt10503700,nm10773723
tt10503700,nm6266540
tt10503884,nm2439307
tt10503892,nm2439307
tt10503900,nm2439307
tt10503940,nm10465196
tt10503976,nm10773956
tt10504010,nm2398947
tt10504016,nm1479045
tt10504046,nm2579867
tt10504074,nm5444574
tt10504152,nm1018400
tt10504156,nm3277715
tt10504160,nm3277715
tt10504188,nm3277715
tt10504202,nm10774075
tt10504210,nm3277715
tt10504258,nm9217539
tt10504268,nm0974708
tt10504270,nm6108603
tt10504354,nm9164936
tt10504442,nm3557656
tt10504442,nm9202067
tt10504532,nm10734624
tt10504580,nm3557656
tt10504580,nm9202067
tt10504582,nm9807256
tt10504686,nm0793525
tt10504742,nm10774543
tt10504750,nm8581770
tt10504758,nm10622981
tt10504818,nm10774605
tt10504824,nm9631440
tt10504832,nm9962945
tt10504926,nm10760787
tt10504930,nm5672954
tt10504932,nm5444574
tt10504942,nm1740890
tt10504952,nm10760787
tt10504972,nm0746461
tt10504972,nm1096104
tt10504996,nm10760787
tt10505044,nm3632644
tt10505048,nm8971373
tt10505066,nm12112081
tt10505066,nm3131243
tt10505094,nm1212489
tt10505094,nm2184846
tt10505098,nm1081354
tt10505100,nm0067747
tt10505100,nm13585249
tt10505126,nm6505977
tt10505130,nm7523047
tt10505144,nm3643796
tt10505156,nm5710325
tt10505164,nm5747178
tt10505166,nm10713580
tt10505168,nm5747178
tt10505218,nm5349472
tt10505220,nm5747178
tt10505222,nm5747178
tt10505228,nm5747178
tt10505230,nm3662125
tt10505284,nm8976134
tt10505346,nm8493875
tt10505350,nm3953794
tt10505374,nm8010223
tt10505420,nm0848570
tt10505420,nm1361416
tt10505422,nm5136909
tt10505422,nm7306673
tt10505424,nm0321687
tt10505436,nm2658127
tt10505436,nm8499119
tt10505498,nm4724947
tt10505508,nm5685343
tt10505540,nm10775071
tt10505558,nm10775093
tt10505592,nm10775123
tt10505612,nm10775124
tt10505712,nm3729535
tt10506070,nm3782372
tt10506102,nm8493875
tt10506116,nm10770512
tt10506116,nm9506110
tt10506118,nm10770512
tt10506118,nm9506110
tt10506120,nm10770512
tt10506120,nm9506110
tt10506126,nm10770512
tt10506126,nm9506110
tt10506128,nm10770512
tt10506128,nm9506110
tt10506130,nm10770512
tt10506130,nm9506110
tt10506132,nm10770512
tt10506132,nm9506110
tt10506134,nm10770512
tt10506134,nm9506110
tt10506136,nm10770512
tt10506136,nm9506110
tt10506138,nm10770512
tt10506138,nm9506110
tt10506140,nm10770512
tt10506140,nm9506110
tt10506144,nm10770512
tt10506144,nm9506110
tt10506146,nm10770512
tt10506146,nm9506110
tt10506148,nm10770512
tt10506148,nm9506110
tt10506150,nm10770512
tt10506150,nm9506110
tt10506152,nm10770512
tt10506152,nm9506110
tt10506156,nm10770512
tt10506156,nm9506110
tt10506160,nm10770512
tt10506160,nm9506110
tt10506162,nm10770512
tt10506162,nm9506110
tt10506164,nm10770512
tt10506164,nm9506110
tt10506166,nm10770512
tt10506166,nm9506110
tt10506170,nm10770512
tt10506170,nm9506110
tt10506174,nm10770512
tt10506174,nm9506110
tt10506176,nm10770512
tt10506176,nm9506110
tt10506180,nm10770512
tt10506180,nm9506110
tt10506182,nm10770512
tt10506182,nm9506110
tt10506184,nm10770512
tt10506184,nm9506110
tt10506186,nm10770512
tt10506186,nm9506110
tt10506188,nm10770512
tt10506188,nm9506110
tt10506190,nm10770512
tt10506190,nm9506110
tt10506194,nm10770512
tt10506194,nm9506110
tt10506196,nm10770512
tt10506196,nm9506110
tt10506200,nm10770512
tt10506200,nm9506110
tt10506202,nm10770512
tt10506202,nm9506110
tt10506204,nm10770512
tt10506204,nm9506110
tt10506208,nm10770512
tt10506208,nm9506110
tt10506210,nm10770512
tt10506210,nm9506110
tt10506212,nm10770512
tt10506212,nm9506110
tt10506214,nm10770512
tt10506214,nm9506110
tt10506216,nm10770512
tt10506216,nm9506110
tt10506220,nm10770512
tt10506220,nm9506110
tt10506222,nm10770512
tt10506222,nm9506110
tt10506224,nm10770512
tt10506224,nm9506110
tt10506226,nm10770512
tt10506226,nm9506110
tt10506228,nm10770512
tt10506228,nm9506110
tt10506230,nm10770512
tt10506230,nm9506110
tt10506232,nm10770512
tt10506232,nm9506110
tt10506238,nm10770512
tt10506238,nm9506110
tt10506240,nm10770512
tt10506240,nm9506110
tt10506242,nm10770512
tt10506242,nm9506110
tt10506244,nm10770512
tt10506244,nm9506110
tt10506246,nm10770512
tt10506246,nm9506110
tt10506248,nm10770512
tt10506248,nm9506110
tt10506252,nm10770512
tt10506252,nm9506110
tt10506254,nm10770512
tt10506254,nm9506110
tt10506256,nm10770512
tt10506256,nm9506110
tt10506258,nm10770512
tt10506258,nm9506110
tt10506260,nm10770512
tt10506260,nm9506110
tt10506262,nm10770512
tt10506262,nm9506110
tt10506264,nm10770512
tt10506264,nm9506110
tt10506362,nm10465196
tt10506404,nm3324023
tt10506560,nm1586022
tt10506798,nm0622350
tt10506798,nm1294793
tt10506798,nm1364603
tt10506800,nm0622350
tt10506800,nm1294793
tt10506800,nm1364603
tt10506802,nm0622350
tt10506802,nm1294793
tt10506802,nm1364603
tt10506804,nm0622350
tt10506804,nm1294793
tt10506804,nm1364603
tt10506806,nm0622350
tt10506806,nm1294793
tt10506806,nm1364603
tt10506808,nm0622350
tt10506808,nm1294793
tt10506808,nm1364603
tt10506810,nm0622350
tt10506810,nm1294793
tt10506810,nm1364603
tt10506812,nm0622350
tt10506812,nm1294793
tt10506812,nm1364603
tt10506814,nm0622350
tt10506814,nm1294793
tt10506814,nm1364603
tt10506818,nm0622350
tt10506818,nm1294793
tt10506818,nm1364603
tt10506820,nm0622350
tt10506820,nm1294793
tt10506820,nm1364603
tt10506822,nm0622350
tt10506822,nm1294793
tt10506822,nm1364603
tt10506824,nm0622350
tt10506824,nm1294793
tt10506824,nm1364603
tt10506826,nm10775372
tt10506828,nm0622350
tt10506828,nm1294793
tt10506828,nm1364603
tt10506840,nm0622350
tt10506840,nm1294793
tt10506840,nm1364603
tt10506946,nm5189199
tt10507048,nm10465196
tt10507144,nm6908650
tt10507146,nm6908650
tt10507148,nm6908650
tt10507152,nm6908650
tt10507154,nm6908650
tt10507156,nm6908650
tt10507158,nm6908650
tt10507162,nm6908650
tt10507164,nm6908650
tt10507166,nm6908650
tt10507168,nm6908650
tt10507170,nm6908650
tt10507172,nm6908650
tt10507174,nm6908650
tt10507178,nm6908650
tt10507180,nm6908650
tt10507182,nm6908650
tt10507184,nm6908650
tt10507188,nm6908650
tt10507190,nm6908650
tt10507192,nm6908650
tt10507196,nm6908650
tt10507198,nm6908650
tt10507200,nm6908650
tt10507202,nm6908650
tt10507204,nm6908650
tt10507206,nm6908650
tt10507208,nm6908650
tt10507210,nm6908650
tt10507212,nm6908650
tt10507214,nm6908650
tt10507216,nm6908650
tt10507218,nm6908650
tt10507220,nm6908650
tt10507222,nm6908650
tt10507224,nm6908650
tt10507226,nm6908650
tt10507230,nm6908650
tt10507232,nm6908650
tt10507234,nm6908650
tt10507320,nm13274981
tt10507322,nm13274981
tt10507324,nm13274981
tt10507326,nm13274981
tt10507328,nm13274981
tt10507330,nm13274981
tt10507332,nm13274981
tt10507334,nm11314668
tt10507334,nm13274981
tt10507338,nm13274981
tt10507340,nm13274981
tt10507342,nm13274981
tt10507344,nm13274981
tt10507346,nm13274981
tt10507348,nm11314668
tt10507348,nm13274981
tt10507350,nm13274981
tt10507352,nm13274981
tt10507356,nm13274981
tt10507358,nm13274981
tt10507360,nm13274981
tt10507362,nm13274981
tt10507370,nm3557656
tt10507370,nm9202067
tt10507372,nm13274981
tt10507374,nm13274981
tt10507376,nm13274981
tt10507378,nm11314668
tt10507378,nm13274981
tt10507380,nm13274981
tt10507386,nm13274981
tt10507390,nm13274981
tt10507392,nm13274981
tt10507394,nm13274981
tt10507396,nm13274981
tt10507398,nm11314668
tt10507398,nm13274981
tt10507400,nm13274981
tt10507402,nm13274981
tt10507404,nm13274981
tt10507406,nm13274981
tt10507408,nm13274981
tt10507410,nm13274981
tt10507412,nm13274981
tt10507414,nm13274981
tt10507416,nm13274981
tt10507474,nm3557656
tt10507474,nm9202067
tt10507516,nm10186961
tt10507540,nm5533603
tt10507570,nm3557656
tt10507570,nm9202067
tt10507644,nm3557656
tt10507644,nm9202067
tt10507662,nm7811388
tt10507758,nm10186961
tt10507758,nm10775474
tt10507768,nm10512209
tt10507768,nm10512210
tt10507768,nm12908174
tt10507768,nm3582934
tt10507768,nm8213447
tt10507768,nm8669327
tt10507770,nm10512209
tt10507770,nm10512210
tt10507770,nm12908174
tt10507770,nm3582934
tt10507770,nm8213447
tt10507770,nm8669327
tt10507776,nm10512209
tt10507776,nm10512210
tt10507776,nm12908174
tt10507776,nm3582934
tt10507776,nm8213447
tt10507776,nm8669327
tt10507778,nm10512209
tt10507778,nm10512210
tt10507778,nm12908174
tt10507778,nm3582934
tt10507778,nm8213447
tt10507778,nm8669327
tt10507784,nm10512209
tt10507784,nm10512210
tt10507784,nm12908174
tt10507784,nm3582934
tt10507784,nm8213447
tt10507784,nm8669327
tt10507786,nm10512209
tt10507786,nm10512210
tt10507786,nm12908174
tt10507786,nm3582934
tt10507786,nm8213447
tt10507786,nm8669327
tt10507788,nm3557656
tt10507788,nm9202067
tt10507790,nm10512209
tt10507790,nm10512210
tt10507790,nm12908174
tt10507790,nm3582934
tt10507790,nm8213447
tt10507790,nm8669327
tt10507792,nm10512209
tt10507792,nm10512210
tt10507792,nm12908174
tt10507792,nm3582934
tt10507792,nm8213447
tt10507792,nm8669327
tt10507794,nm10512209
tt10507794,nm10512210
tt10507794,nm12908174
tt10507794,nm3582934
tt10507794,nm8213447
tt10507794,nm8669327
tt10507800,nm10512209
tt10507800,nm10512210
tt10507800,nm12908174
tt10507800,nm3582934
tt10507800,nm8213447
tt10507800,nm8669327
tt10507802,nm10512209
tt10507802,nm10512210
tt10507802,nm12908174
tt10507802,nm3582934
tt10507802,nm8213447
tt10507802,nm8669327
tt10507804,nm10512209
tt10507804,nm10512210
tt10507804,nm12908174
tt10507804,nm3582934
tt10507804,nm8213447
tt10507804,nm8669327
tt10507806,nm10512209
tt10507806,nm10512210
tt10507806,nm12908174
tt10507806,nm3582934
tt10507806,nm8213447
tt10507806,nm8669327
tt10507810,nm10512209
tt10507810,nm10512210
tt10507810,nm12908174
tt10507810,nm3582934
tt10507810,nm8213447
tt10507810,nm8669327
tt10507812,nm10512209
tt10507812,nm10512210
tt10507812,nm12908174
tt10507812,nm3582934
tt10507812,nm8213447
tt10507812,nm8669327
tt10507814,nm10512209
tt10507814,nm10512210
tt10507814,nm12908174
tt10507814,nm3582934
tt10507814,nm8213447
tt10507814,nm8669327
tt10507820,nm10512209
tt10507820,nm10512210
tt10507820,nm12908174
tt10507820,nm3582934
tt10507820,nm8213447
tt10507820,nm8669327
tt10507822,nm10512209
tt10507822,nm10512210
tt10507822,nm12908174
tt10507822,nm3582934
tt10507822,nm8213447
tt10507822,nm8669327
tt10507824,nm10512209
tt10507824,nm10512210
tt10507824,nm12908174
tt10507824,nm3582934
tt10507824,nm8213447
tt10507824,nm8669327
tt10507826,nm10512209
tt10507826,nm10512210
tt10507826,nm12908174
tt10507826,nm3582934
tt10507826,nm8213447
tt10507826,nm8669327
tt10508028,nm10775560
tt10508058,nm10001907
tt10508058,nm10057016
tt10508112,nm10775607
tt10508212,nm10191961
tt10508244,nm8402596
tt10508354,nm2357165
tt10508376,nm4528171
tt10508464,nm4555808
tt10508510,nm0538192
tt10508526,nm2606732
tt10508608,nm0812728
tt10508664,nm10775800
tt10508734,nm10775828
tt10508738,nm10678955
tt10508738,nm8761832
tt10508766,nm10678955
tt10508766,nm8761832
tt10508784,nm0836848
tt10508800,nm0836848
tt10508802,nm10678955
tt10508802,nm8761832
tt10508806,nm0836848
tt10508848,nm10135385
tt10508862,nm4158442
tt10508872,nm0836848
tt10508878,nm0836848
tt10508880,nm4953077
tt10508884,nm0836848
tt10508902,nm9164936
tt10508908,nm3227816
tt10508916,nm10186118
tt10508930,nm10775995
tt10508958,nm9164936
tt10508966,nm8309350
tt10509010,nm10776055
tt10509020,nm4206553
tt10509042,nm8309350
tt10509082,nm10776085
tt10509092,nm5367914
tt10509120,nm9132178
tt10509140,nm10715308
tt10509170,nm6321259
tt10509182,nm4286054
tt10509224,nm10775474
tt10509226,nm10186961
tt10509230,nm10775474
tt10509236,nm10186961
tt10509238,nm9003026
tt10509248,nm5381535
tt10509272,nm6395586
tt10509292,nm0550446
tt10509316,nm10776350
tt10509324,nm7740161
tt10509326,nm7740161
tt10509328,nm7740161
tt10509330,nm7740161
tt10509332,nm7740161
tt10509334,nm7740161
tt10509336,nm7740161
tt10509372,nm8402596
tt10509398,nm8402596
tt10509412,nm8402596
tt10509416,nm0590108
tt10509436,nm8402596
tt10509440,nm9201700
tt10509450,nm8402596
tt10509474,nm0590108
tt10509476,nm4625722
tt10509588,nm10691328
tt10509642,nm8513203
tt10509684,nm0550446
tt10509702,nm10018872
tt10509712,nm8522504
tt10509802,nm0550446
tt10509806,nm6321259
tt10509816,nm10776546
tt10509828,nm0550446
tt10509844,nm0550446
tt10509870,nm0550446
tt10509876,nm10773956
tt10509888,nm0550446
tt10509890,nm10773956
tt10509892,nm10773956
tt10509896,nm0550446
tt10509898,nm11577256
tt10509898,nm3990357
tt10509954,nm7530631
tt10510036,nm10776685
tt10510036,nm11916995
tt10510052,nm2398106
tt10510110,nm10776704
tt10510194,nm6755660
tt10510208,nm10776845
tt10510264,nm9818247
tt10510266,nm1386196
tt10510334,nm1006590
tt10510354,nm10776968
tt10510356,nm2013099
tt10510356,nm2610394
tt10510356,nm4519624
tt10510356,nm6652955
tt10510366,nm9791028
tt10510366,nm9791029
tt10510368,nm5014083
tt10510390,nm10691328
tt10510452,nm1361889
tt10510470,nm1361889
tt10510486,nm6371476
tt10510490,nm1361889
tt10510518,nm6371476
tt10510530,nm10777142
tt10510530,nm8492907
tt10510542,nm3765535
tt10510564,nm9671527
tt10510572,nm5000829
tt10510578,nm5000829
tt10510582,nm5000829
tt10510584,nm5000829
tt10510588,nm5000829
tt10510592,nm5000829
tt10510598,nm6405048
tt10510676,nm7681676
tt10510682,nm4729055
tt10510694,nm2734727
tt10510698,nm6267703
tt10510704,nm1031912
tt10510704,nm4335072
tt10510734,nm10777389
tt10510744,nm7345019
tt10510748,nm2728221
tt10510750,nm9269211
tt10510758,nm5358732
tt10510766,nm9164936
tt10510794,nm2208077
tt10510846,nm7502555
tt10510884,nm0253727
tt10510886,nm0253727
tt10510896,nm0253727
tt10510898,nm0253727
tt10510900,nm0253727
tt10510904,nm0253727
tt10510910,nm0253727
tt10510914,nm0253727
tt10510918,nm0253727
tt10510930,nm0253727
tt10510934,nm0253727
tt10510938,nm0253727
tt10510942,nm0253727
tt10510944,nm10519606
tt10510948,nm0253727
tt10510950,nm0253727
tt10510954,nm0253727
tt10510958,nm0253727
tt10510966,nm0253727
tt10510968,nm0253727
tt10510972,nm0253727
tt10510974,nm0253727
tt10510976,nm9408189
tt10510978,nm0253727
tt10510982,nm0253727
tt10510984,nm0253727
tt10510986,nm0253727
tt10510988,nm10764497
tt10510990,nm0253727
tt10510994,nm10438677
tt10510996,nm0253727
tt10511024,nm6413462
tt10511038,nm2822866
tt10511040,nm2822866
tt10511046,nm2822866
tt10511048,nm2822866
tt10511050,nm2822866
tt10511052,nm2822866
tt10511054,nm2822866
tt10511058,nm2822866
tt10511062,nm2822866
tt10511086,nm5422777
tt10511152,nm6822037
tt10511158,nm8067305
tt10511288,nm0105680
tt10511290,nm1279424
tt10511312,nm4322560
tt10511316,nm3544769
tt10511336,nm7714371
tt10511398,nm9685074
tt10511426,nm10678955
tt10511426,nm8761832
tt10511436,nm9859292
tt10511460,nm10678955
tt10511460,nm8761832
tt10511612,nm10678955
tt10511612,nm8761832
tt10511694,nm0188804
tt10511698,nm10678955
tt10511698,nm8761832
tt10511740,nm10778301
tt10511860,nm10678955
tt10511860,nm8761832
tt10511930,nm10678955
tt10512008,nm10678955
tt10512064,nm10678955
tt10512064,nm10778360
tt10512136,nm3724102
tt10512158,nm10778372
tt10512166,nm10678955
tt10512198,nm10512209
tt10512198,nm10512210
tt10512198,nm12908174
tt10512198,nm3582934
tt10512198,nm8213447
tt10512198,nm8669327
tt1051220,nm0509448
tt1051220,nm0550931
tt1051220,nm0877427
tt1051220,nm1089736
tt1051220,nm1168394
tt10512202,nm10512209
tt10512202,nm10512210
tt10512202,nm12908174
tt10512202,nm3582934
tt10512202,nm8213447
tt10512202,nm8669327
tt10512204,nm10512209
tt10512204,nm10512210
tt10512204,nm12908174
tt10512204,nm3582934
tt10512204,nm8213447
tt10512204,nm8669327
tt10512212,nm10512209
tt10512212,nm10512210
tt10512212,nm12908174
tt10512212,nm3582934
tt10512212,nm8213447
tt10512212,nm8669327
tt10512214,nm10512209
tt10512214,nm10512210
tt10512214,nm12908174
tt10512214,nm3582934
tt10512214,nm8213447
tt10512214,nm8669327
tt10512218,nm10512209
tt10512218,nm10512210
tt10512218,nm12908174
tt10512218,nm3582934
tt10512218,nm8213447
tt10512218,nm8669327
tt10512220,nm10512209
tt10512220,nm10512210
tt10512220,nm12908174
tt10512220,nm3582934
tt10512220,nm8213447
tt10512220,nm8669327
tt10512222,nm10512209
tt10512222,nm10512210
tt10512222,nm12908174
tt10512222,nm3582934
tt10512222,nm8213447
tt10512222,nm8669327
tt10512224,nm10512209
tt10512224,nm10512210
tt10512224,nm12908174
tt10512224,nm3582934
tt10512224,nm8213447
tt10512224,nm8669327
tt10512228,nm10512209
tt10512228,nm10512210
tt10512228,nm12908174
tt10512228,nm3582934
tt10512228,nm8213447
tt10512228,nm8669327
tt10512230,nm10512209
tt10512230,nm10512210
tt10512230,nm12908174
tt10512230,nm3582934
tt10512230,nm8213447
tt10512230,nm8669327
tt10512232,nm10512209
tt10512232,nm10512210
tt10512232,nm12908174
tt10512232,nm3582934
tt10512232,nm8213447
tt10512232,nm8669327
tt10512234,nm10512209
tt10512234,nm10512210
tt10512234,nm12908174
tt10512234,nm3582934
tt10512234,nm8213447
tt10512234,nm8669327
tt10512238,nm10512209
tt10512238,nm10512210
tt10512238,nm12908174
tt10512238,nm3582934
tt10512238,nm8213447
tt10512238,nm8669327
tt10512240,nm10512209
tt10512240,nm10512210
tt10512240,nm12908174
tt10512240,nm3582934
tt10512240,nm8213447
tt10512240,nm8669327
tt10512246,nm10512209
tt10512246,nm10512210
tt10512246,nm12908174
tt10512246,nm3582934
tt10512246,nm8213447
tt10512246,nm8669327
tt10512252,nm10512209
tt10512252,nm10512210
tt10512252,nm12908174
tt10512252,nm3582934
tt10512252,nm8213447
tt10512252,nm8669327
tt10512256,nm10512209
tt10512256,nm10512210
tt10512256,nm12908174
tt10512256,nm3582934
tt10512256,nm8213447
tt10512256,nm8669327
tt10512258,nm10512209
tt10512258,nm10512210
tt10512258,nm12908174
tt10512258,nm3582934
tt10512258,nm8213447
tt10512258,nm8669327
tt10512260,nm10512209
tt10512260,nm10512210
tt10512260,nm12908174
tt10512260,nm3582934
tt10512260,nm8213447
tt10512260,nm8669327
tt1051229,nm2677124
tt10512372,nm0590108
tt10512534,nm2701607
tt10512560,nm4396821
tt10512570,nm13274981
tt10512572,nm13274981
tt10512574,nm13274981
tt10512576,nm13274981
tt10512578,nm13274981
tt10512580,nm13274981
tt10512582,nm13274981
tt10512584,nm13274981
tt10512586,nm11314668
tt10512586,nm13274981
tt10512588,nm13274981
tt10512590,nm13274981
tt10512594,nm11314668
tt10512594,nm13274981
tt10512596,nm11314668
tt10512596,nm13274981
tt10512598,nm13274981
tt10512600,nm11314668
tt10512600,nm13274981
tt10512602,nm13274981
tt10512604,nm13274981
tt10512606,nm13274981
tt10512608,nm13274981
tt10512610,nm13274981
tt10512618,nm6908650
tt10512620,nm2719893
tt10512622,nm6908650
tt10512626,nm6908650
tt10512628,nm6908650
tt10512630,nm6908650
tt10512632,nm6908650
tt10512636,nm10778489
tt10512656,nm6908650
tt10512658,nm6908650
tt10512660,nm6908650
tt10512666,nm6908650
tt10512670,nm6908650
tt10512672,nm6908650
tt10512674,nm6908650
tt10512676,nm6908650
tt10512678,nm6908650
tt10512680,nm6908650
tt10512682,nm6908650
tt10512686,nm6908650
tt10512688,nm6908650
tt10512690,nm6908650
tt10512696,nm6908650
tt10512698,nm6908650
tt10512700,nm6908650
tt10512702,nm6908650
tt10512704,nm6908650
tt10512706,nm6908650
tt10512712,nm6908650
tt10512714,nm6908650
tt10512716,nm6908650
tt10512718,nm6908650
tt10512720,nm6908650
tt10512724,nm6908650
tt10512726,nm6908650
tt10512728,nm6908650
tt10512730,nm6908650
tt10512736,nm0590108
tt10512736,nm3410243
tt10512736,nm6010663
tt10512738,nm6908650
tt10512740,nm6908650
tt10512742,nm6908650
tt10512744,nm6908650
tt10512746,nm6908650
tt10512792,nm0590108
tt10512792,nm6010663
tt10512834,nm6116184
tt10512872,nm0590108
tt10512876,nm2193558
tt10513028,nm0622350
tt10513028,nm1294793
tt10513028,nm1364603
tt10513032,nm0622350
tt10513032,nm1294793
tt10513032,nm1364603
tt10513034,nm0622350
tt10513034,nm1294793
tt10513034,nm1364603
tt10513040,nm0622350
tt10513040,nm1294793
tt10513040,nm1364603
tt10513042,nm0622350
tt10513042,nm1294793
tt10513042,nm1364603
tt10513044,nm0622350
tt10513044,nm1294793
tt10513044,nm1364603
tt10513046,nm0622350
tt10513046,nm1294793
tt10513046,nm1364603
tt10513048,nm0622350
tt10513048,nm1294793
tt10513048,nm1364603
tt10513050,nm0622350
tt10513050,nm1294793
tt10513050,nm1364603
tt10513052,nm0622350
tt10513052,nm1294793
tt10513052,nm1364603
tt10513054,nm0622350
tt10513054,nm1294793
tt10513054,nm1364603
tt10513056,nm0622350
tt10513056,nm1294793
tt10513056,nm1364603
tt10513058,nm0622350
tt10513058,nm1294793
tt10513058,nm1364603
tt10513060,nm6250488
tt10513062,nm0622350
tt10513062,nm1294793
tt10513062,nm1364603
tt10513064,nm0622350
tt10513064,nm1294793
tt10513064,nm1364603
tt10513066,nm0622350
tt10513066,nm1294793
tt10513066,nm1364603
tt10513068,nm0622350
tt10513068,nm1294793
tt10513068,nm1364603
tt10513130,nm3430639
tt10513134,nm8053606
tt10513154,nm9830913
tt10513176,nm9830913
tt10513276,nm10776968
tt10513372,nm9173645
tt10513480,nm10770512
tt10513480,nm9506110
tt10513482,nm10770512
tt10513482,nm9506110
tt10513484,nm10770512
tt10513484,nm9506110
tt10513486,nm10770512
tt10513486,nm9506110
tt10513488,nm10770512
tt10513488,nm9506110
tt10513492,nm10770512
tt10513492,nm9506110
tt10513494,nm10770512
tt10513494,nm9506110
tt10513496,nm10770512
tt10513496,nm9506110
tt10513498,nm10770512
tt10513498,nm9506110
tt10513500,nm10770512
tt10513500,nm9506110
tt10513502,nm10770512
tt10513502,nm9506110
tt10513504,nm10770512
tt10513504,nm9506110
tt10513506,nm10770512
tt10513506,nm9506110
tt10513508,nm10770512
tt10513508,nm9506110
tt10513510,nm10770512
tt10513510,nm9506110
tt10513512,nm10770512
tt10513512,nm9506110
tt10513514,nm10770512
tt10513514,nm9506110
tt10513516,nm10770512
tt10513516,nm9506110
tt10513518,nm10770512
tt10513518,nm9506110
tt10513520,nm10770512
tt10513520,nm9506110
tt10513522,nm6749622
tt10513528,nm10770512
tt10513528,nm9506110
tt10513530,nm10770512
tt10513530,nm9506110
tt10513532,nm10770512
tt10513532,nm9506110
tt10513536,nm10770512
tt10513536,nm9506110
tt10513538,nm10770512
tt10513538,nm9506110
tt10513540,nm10770512
tt10513540,nm9506110
tt10513542,nm10770512
tt10513542,nm9506110
tt10513544,nm10770512
tt10513544,nm9506110
tt10513546,nm10770512
tt10513546,nm9506110
tt10513548,nm10770512
tt10513548,nm9506110
tt10513550,nm10770512
tt10513550,nm9506110
tt10513552,nm10770512
tt10513552,nm9506110
tt10513554,nm10770512
tt10513554,nm9506110
tt10513556,nm10770512
tt10513556,nm9506110
tt10513558,nm10770512
tt10513558,nm9506110
tt10513560,nm10770512
tt10513560,nm9506110
tt10513562,nm10770512
tt10513562,nm9506110
tt10513564,nm10770512
tt10513564,nm9506110
tt10513566,nm10770512
tt10513566,nm9506110
tt10513568,nm9173645
tt10513570,nm10770512
tt10513570,nm9506110
tt10513572,nm10770512
tt10513572,nm9506110
tt10513574,nm10770512
tt10513574,nm9506110
tt10513576,nm10770512
tt10513576,nm9506110
tt10513578,nm10770512
tt10513578,nm9506110
tt10513582,nm10770512
tt10513582,nm9506110
tt10513584,nm10770512
tt10513584,nm9506110
tt10513586,nm10770512
tt10513586,nm9506110
tt10513588,nm10770512
tt10513588,nm9506110
tt10513590,nm10770512
tt10513590,nm9506110
tt10513594,nm10770512
tt10513594,nm9506110
tt10513598,nm10770512
tt10513598,nm9506110
tt10513600,nm10770512
tt10513600,nm9506110
tt10513602,nm10770512
tt10513602,nm9506110
tt10513604,nm10770512
tt10513604,nm9506110
tt10513606,nm10770512
tt10513606,nm9506110
tt10513608,nm10770512
tt10513608,nm9506110
tt10513610,nm10770512
tt10513610,nm9506110
tt10513612,nm10770512
tt10513612,nm9506110
tt10513614,nm10770512
tt10513614,nm9506110
tt10513616,nm10770512
tt10513616,nm9506110
tt10513618,nm10612205
tt10513640,nm6749622
tt10513726,nm6749622
tt10513738,nm0622350
tt10513738,nm1294793
tt10513738,nm1364603
tt10513738,nm4909944
tt10513742,nm0622350
tt10513742,nm1294793
tt10513742,nm1364603
tt10513742,nm4909944
tt10513744,nm0622350
tt10513744,nm1294793
tt10513744,nm1364603
tt10513744,nm4909944
tt10513746,nm0622350
tt10513746,nm1294793
tt10513746,nm1364603
tt10513746,nm4909944
tt10513748,nm0622350
tt10513748,nm1294793
tt10513748,nm1364603
tt10513748,nm4909944
tt10513750,nm0622350
tt10513750,nm1294793
tt10513750,nm1364603
tt10513750,nm4909944
tt10513752,nm0622350
tt10513752,nm1294793
tt10513752,nm1364603
tt10513752,nm4909944
tt10513754,nm0622350
tt10513754,nm1294793
tt10513754,nm1364603
tt10513754,nm4909944
tt10513758,nm0622350
tt10513758,nm1294793
tt10513758,nm1364603
tt10513758,nm4909944
tt10513760,nm0622350
tt10513760,nm1294793
tt10513760,nm1364603
tt10513760,nm4909944
tt10513762,nm0622350
tt10513762,nm1294793
tt10513762,nm1364603
tt10513762,nm4909944
tt10513764,nm0622350
tt10513764,nm1294793
tt10513764,nm1364603
tt10513764,nm4909944
tt10513766,nm0622350
tt10513766,nm1294793
tt10513766,nm1364603
tt10513766,nm4909944
tt10513768,nm0622350
tt10513768,nm1294793
tt10513768,nm1364603
tt10513768,nm4909944
tt10513770,nm0622350
tt10513770,nm1294793
tt10513770,nm1364603
tt10513770,nm4909944
tt10513772,nm0622350
tt10513772,nm1294793
tt10513772,nm1364603
tt10513772,nm4909944
tt10513774,nm0622350
tt10513774,nm1294793
tt10513774,nm1364603
tt10513774,nm4909944
tt10513778,nm0622350
tt10513778,nm1294793
tt10513778,nm1364603
tt10513778,nm4909944
tt10513780,nm0622350
tt10513780,nm1294793
tt10513780,nm1364603
tt10513780,nm4909944
tt10513782,nm0622350
tt10513782,nm1294793
tt10513782,nm1364603
tt10513782,nm4909944
tt10513786,nm0622350
tt10513786,nm1294793
tt10513786,nm1364603
tt10513786,nm4909944
tt10513788,nm0622350
tt10513788,nm1294793
tt10513788,nm1364603
tt10513788,nm4909944
tt10513790,nm0622350
tt10513790,nm1294793
tt10513790,nm1364603
tt10513790,nm4909944
tt10513792,nm0622350
tt10513792,nm1294793
tt10513792,nm1364603
tt10513792,nm4909944
tt10513794,nm0622350
tt10513794,nm1294793
tt10513794,nm1364603
tt10513794,nm4909944
tt10513796,nm0622350
tt10513796,nm1294793
tt10513796,nm1364603
tt10513796,nm4909944
tt10513798,nm0622350
tt10513798,nm1294793
tt10513798,nm1364603
tt10513798,nm4909944
tt10513800,nm0622350
tt10513800,nm1294793
tt10513800,nm1364603
tt10513800,nm4909944
tt10513802,nm0622350
tt10513802,nm1294793
tt10513802,nm1364603
tt10513802,nm4909944
tt10513804,nm0622350
tt10513804,nm1294793
tt10513804,nm1364603
tt10513804,nm4909944
tt10513806,nm0622350
tt10513806,nm1294793
tt10513806,nm1364603
tt10513806,nm4909944
tt10513808,nm0622350
tt10513808,nm1294793
tt10513808,nm1364603
tt10513808,nm4909944
tt10513810,nm0622350
tt10513810,nm1294793
tt10513810,nm1364603
tt10513810,nm4909944
tt10513814,nm0622350
tt10513814,nm1294793
tt10513814,nm1364603
tt10513814,nm4909944
tt10513816,nm0622350
tt10513816,nm1294793
tt10513816,nm1364603
tt10513816,nm4909944
tt10513818,nm0622350
tt10513818,nm1294793
tt10513818,nm1364603
tt10513818,nm4909944
tt10513820,nm0622350
tt10513820,nm1294793
tt10513820,nm1364603
tt10513820,nm4909944
tt10513822,nm0622350
tt10513822,nm1294793
tt10513822,nm1364603
tt10513822,nm4909944
tt10513824,nm0622350
tt10513824,nm1294793
tt10513824,nm1364603
tt10513824,nm4909944
tt10513826,nm0622350
tt10513826,nm1294793
tt10513826,nm1364603
tt10513826,nm4909944
tt10513830,nm6749622
tt10513872,nm10757235
tt10513888,nm2610394
tt10513914,nm6749622
tt10513970,nm10773192
tt10513990,nm1745936
tt10513998,nm6749622
tt10514024,nm8309350
tt10514052,nm0119070
tt10514060,nm6749622
tt10514070,nm8309350
tt10514100,nm8309350
tt10514118,nm10779123
tt10514148,nm1635713
tt10514152,nm8309350
tt10514178,nm5091631
tt10514180,nm5091631
tt10514186,nm8718456
tt10514190,nm5091631
tt10514194,nm5091631
tt10514198,nm5091631
tt10514208,nm5091631
tt10514214,nm5091631
tt10514216,nm1236909
tt10514258,nm4874497
tt10514264,nm4255109
tt10514308,nm5847756
tt10514362,nm10431972
tt10514364,nm1361889
tt10514386,nm1361889
tt10514404,nm2672470
tt10514404,nm3434907
tt10514406,nm1361889
tt10514410,nm1361889
tt10514424,nm1361889
tt10514454,nm10779461
tt10514462,nm0344225
tt10514462,nm1218758
tt10514462,nm6546420
tt10514464,nm13104120
tt10514484,nm4933808
tt10514500,nm8141694
tt10514508,nm10779525
tt10514512,nm9936200
tt10514520,nm9238674
tt10514520,nm9936200
tt10514604,nm3615787
tt10514822,nm10766367
tt10514824,nm5562988
tt10514830,nm5156621
tt10514948,nm8478320
tt10515046,nm10779939
tt10515052,nm6343752
tt10515056,nm6343752
tt10515058,nm10779943
tt10515062,nm6343752
tt10515068,nm7041731
tt10515082,nm9522721
tt10515084,nm6343752
tt10515098,nm6343752
tt10515102,nm6343752
tt10515106,nm6343752
tt10515110,nm6343752
tt10515112,nm9893632
tt10515130,nm6343752
tt10515146,nm10779989
tt10515182,nm0239119
tt10515202,nm11577762
tt10515228,nm3154019
tt10515236,nm9522721
tt10515238,nm9522721
tt10515242,nm9522721
tt10515246,nm9522721
tt10515248,nm9522721
tt10515254,nm9522721
tt10515268,nm10780090
tt10515280,nm10765208
tt10515284,nm3743106
tt10515284,nm5500014
tt10515314,nm10765208
tt10515328,nm10765208
tt10515332,nm9038179
tt10515338,nm10765208
tt10515340,nm3450302
tt10515386,nm10780229
tt10515386,nm10780233
tt10515386,nm10780234
tt10515388,nm10780232
tt10515388,nm1899480
tt10515432,nm1380947
tt10515432,nm7370789
tt10515556,nm0324644
tt10515562,nm3009884
tt10515562,nm3670877
tt10515590,nm10780317
tt10515612,nm8717931
tt10515668,nm10763437
tt10515702,nm3656668
tt10515824,nm7523047
tt10515826,nm8540789
tt10515844,nm8457262
tt10515872,nm5113033
tt10515880,nm5811213
tt10515888,nm12749313
tt10515918,nm3028867
tt10515944,nm0299677
tt10515948,nm5305592
tt10515964,nm8457262
tt10515976,nm1987408
tt10515980,nm10780590
tt10516022,nm12232114
tt10516100,nm11033407
tt10516162,nm10780742
tt10516168,nm7049923
tt10516172,nm10780749
tt10516336,nm10780749
tt10516412,nm0622350
tt10516412,nm1294793
tt10516412,nm1364603
tt10516412,nm4909944
tt10516414,nm0622350
tt10516414,nm1294793
tt10516414,nm1364603
tt10516414,nm4909944
tt10516416,nm0622350
tt10516416,nm1294793
tt10516416,nm1364603
tt10516416,nm4909944
tt10516418,nm0622350
tt10516418,nm1294793
tt10516418,nm1364603
tt10516418,nm4909944
tt10516424,nm0622350
tt10516424,nm1294793
tt10516424,nm1364603
tt10516424,nm4909944
tt10516426,nm0622350
tt10516426,nm1294793
tt10516426,nm1364603
tt10516426,nm4909944
tt10516432,nm0622350
tt10516432,nm1294793
tt10516432,nm1364603
tt10516432,nm4909944
tt10516434,nm0622350
tt10516434,nm1294793
tt10516434,nm1364603
tt10516434,nm4909944
tt10516436,nm0622350
tt10516436,nm1294793
tt10516436,nm1364603
tt10516436,nm4909944
tt10516438,nm0622350
tt10516438,nm1294793
tt10516438,nm1364603
tt10516438,nm4909944
tt10516442,nm0622350
tt10516442,nm1294793
tt10516442,nm1364603
tt10516442,nm4909944
tt10516444,nm0622350
tt10516444,nm1294793
tt10516444,nm1364603
tt10516444,nm4909944
tt10516446,nm0622350
tt10516446,nm1294793
tt10516446,nm1364603
tt10516446,nm4909944
tt10516448,nm0622350
tt10516448,nm1294793
tt10516448,nm1364603
tt10516448,nm4909944
tt10516450,nm0622350
tt10516450,nm1294793
tt10516450,nm1364603
tt10516450,nm4909944
tt10516456,nm0622350
tt10516456,nm1294793
tt10516456,nm1364603
tt10516456,nm4909944
tt10516458,nm0622350
tt10516458,nm1294793
tt10516458,nm1364603
tt10516458,nm4909944
tt10516460,nm0622350
tt10516460,nm1294793
tt10516460,nm1364603
tt10516460,nm4909944
tt10516462,nm0622350
tt10516462,nm1294793
tt10516462,nm1364603
tt10516462,nm4909944
tt10516464,nm0622350
tt10516464,nm1294793
tt10516464,nm1364603
tt10516464,nm4909944
tt10516466,nm0622350
tt10516466,nm1294793
tt10516466,nm1364603
tt10516466,nm4909944
tt10516468,nm0622350
tt10516468,nm1294793
tt10516468,nm1364603
tt10516468,nm4909944
tt10516470,nm0622350
tt10516470,nm1294793
tt10516470,nm1364603
tt10516470,nm4909944
tt10516474,nm0622350
tt10516474,nm1294793
tt10516474,nm1364603
tt10516474,nm4909944
tt10516476,nm0622350
tt10516476,nm1294793
tt10516476,nm1364603
tt10516476,nm4909944
tt10516478,nm0622350
tt10516478,nm1294793
tt10516478,nm1364603
tt10516478,nm4909944
tt10516480,nm0622350
tt10516480,nm1294793
tt10516480,nm1364603
tt10516480,nm4909944
tt10516482,nm0622350
tt10516482,nm1294793
tt10516482,nm1364603
tt10516482,nm4909944
tt10516486,nm0622350
tt10516486,nm1294793
tt10516486,nm1364603
tt10516486,nm4909944
tt10516488,nm0622350
tt10516488,nm1294793
tt10516488,nm1364603
tt10516488,nm4909944
tt10516492,nm0622350
tt10516492,nm1294793
tt10516492,nm1364603
tt10516492,nm4909944
tt10516494,nm0622350
tt10516494,nm1294793
tt10516494,nm1364603
tt10516494,nm4909944
tt10516498,nm0622350
tt10516498,nm1294793
tt10516498,nm1364603
tt10516498,nm4909944
tt10516500,nm0622350
tt10516500,nm1294793
tt10516500,nm1364603
tt10516500,nm4909944
tt10516506,nm0622350
tt10516506,nm1294793
tt10516506,nm1364603
tt10516506,nm4909944
tt10516512,nm0622350
tt10516512,nm1294793
tt10516512,nm1364603
tt10516512,nm4909944
tt10516514,nm0622350
tt10516514,nm1294793
tt10516514,nm1364603
tt10516514,nm4909944
tt10516516,nm0622350
tt10516516,nm1294793
tt10516516,nm1364603
tt10516516,nm4909944
tt10516518,nm0622350
tt10516518,nm1294793
tt10516518,nm1364603
tt10516518,nm4909944
tt10516578,nm10490012
tt10516638,nm8507463
tt10516646,nm10770512
tt10516646,nm9506110
tt10516648,nm10770512
tt10516648,nm9506110
tt10516650,nm10770512
tt10516650,nm9506110
tt10516652,nm10770512
tt10516652,nm9506110
tt10516654,nm10770512
tt10516654,nm9506110
tt10516656,nm10770512
tt10516656,nm9506110
tt10516658,nm10770512
tt10516658,nm9506110
tt10516660,nm10770512
tt10516660,nm9506110
tt10516662,nm10770512
tt10516662,nm9506110
tt10516664,nm10770512
tt10516664,nm9506110
tt10516666,nm10770512
tt10516666,nm9506110
tt10516668,nm10770512
tt10516668,nm9506110
tt10516670,nm10770512
tt10516670,nm9506110
tt10516672,nm10770512
tt10516672,nm9506110
tt10516674,nm10770512
tt10516674,nm9506110
tt10516676,nm10770512
tt10516676,nm9506110
tt10516678,nm10770512
tt10516678,nm9506110
tt10516680,nm10770512
tt10516680,nm9506110
tt10516682,nm10770512
tt10516682,nm9506110
tt10516686,nm10770512
tt10516686,nm9506110
tt10516690,nm10770512
tt10516690,nm9506110
tt10516694,nm10770512
tt10516694,nm9506110
tt10516696,nm10770512
tt10516696,nm9506110
tt10516698,nm10770512
tt10516698,nm9506110
tt10516700,nm10770512
tt10516700,nm9506110
tt10516706,nm10770512
tt10516706,nm9506110
tt10516710,nm10770512
tt10516710,nm9506110
tt10516712,nm10770512
tt10516712,nm9506110
tt10516714,nm10770512
tt10516714,nm9506110
tt10516716,nm10770512
tt10516716,nm9506110
tt10516718,nm10770512
tt10516718,nm9506110
tt10516720,nm10770512
tt10516720,nm9506110
tt10516722,nm10770512
tt10516722,nm9506110
tt10516726,nm10770512
tt10516726,nm9506110
tt10516728,nm10770512
tt10516728,nm9506110
tt10516732,nm10770512
tt10516732,nm9506110
tt10516734,nm10770512
tt10516734,nm9506110
tt10516736,nm10770512
tt10516736,nm9506110
tt10516738,nm10770512
tt10516738,nm9506110
tt10516740,nm10770512
tt10516740,nm9506110
tt10516744,nm10770512
tt10516744,nm9506110
tt10516746,nm10770512
tt10516746,nm9506110
tt10516748,nm10770512
tt10516748,nm9506110
tt10516750,nm10770512
tt10516750,nm9506110
tt10516752,nm10770512
tt10516752,nm9506110
tt10516754,nm10770512
tt10516754,nm9506110
tt10516758,nm10770512
tt10516758,nm9506110
tt10516760,nm10770512
tt10516760,nm9506110
tt10516762,nm10770512
tt10516762,nm9506110
tt10516764,nm10770512
tt10516764,nm9506110
tt10516766,nm10770512
tt10516766,nm9506110
tt10516768,nm10770512
tt10516768,nm9506110
tt10516770,nm10770512
tt10516770,nm9506110
tt10516772,nm10770512
tt10516772,nm9506110
tt10516776,nm10770512
tt10516776,nm9506110
tt10516778,nm10770512
tt10516778,nm9506110
tt10516780,nm10770512
tt10516780,nm9506110
tt10516782,nm10770512
tt10516782,nm9506110
tt10516784,nm10770512
tt10516784,nm9506110
tt10516786,nm10770512
tt10516786,nm9506110
tt10516860,nm8507463
tt10516882,nm8507463
tt10516886,nm9050551
tt10516888,nm3891139
tt10517134,nm0622350
tt10517134,nm1294793
tt10517134,nm1364603
tt10517136,nm0622350
tt10517136,nm1294793
tt10517136,nm1364603
tt10517150,nm10420568
tt10517152,nm0622350
tt10517152,nm1294793
tt10517152,nm1364603
tt10517154,nm0622350
tt10517154,nm1294793
tt10517154,nm1364603
tt10517156,nm0622350
tt10517156,nm1294793
tt10517156,nm1364603
tt10517158,nm0622350
tt10517158,nm1294793
tt10517158,nm1364603
tt10517160,nm0622350
tt10517160,nm1294793
tt10517160,nm1364603
tt10517162,nm0622350
tt10517162,nm1294793
tt10517162,nm1364603
tt10517164,nm0622350
tt10517164,nm1294793
tt10517164,nm1364603
tt10517166,nm0622350
tt10517166,nm1294793
tt10517166,nm1364603
tt10517168,nm0622350
tt10517168,nm1294793
tt10517168,nm1364603
tt10517170,nm0622350
tt10517170,nm1294793
tt10517170,nm1364603
tt10517172,nm0622350
tt10517172,nm1294793
tt10517172,nm1364603
tt10517176,nm0622350
tt10517176,nm1294793
tt10517176,nm1364603
tt10517178,nm0622350
tt10517178,nm1294793
tt10517178,nm1364603
tt10517180,nm0622350
tt10517180,nm1294793
tt10517180,nm1364603
tt10517184,nm10781041
tt10517186,nm0622350
tt10517186,nm1294793
tt10517186,nm1364603
tt10517188,nm0622350
tt10517188,nm1294793
tt10517188,nm1364603
tt10517190,nm0622350
tt10517190,nm1294793
tt10517190,nm1364603
tt10517192,nm0622350
tt10517192,nm1294793
tt10517192,nm1364603
tt10517218,nm4738366
tt10517218,nm6696138
tt10517394,nm6908650
tt10517396,nm6908650
tt10517398,nm6908650
tt10517402,nm6908650
tt10517404,nm6908650
tt10517406,nm4494671
tt10517412,nm6908650
tt10517414,nm6908650
tt10517416,nm6908650
tt10517418,nm6908650
tt10517420,nm6908650
tt10517422,nm6908650
tt10517424,nm6908650
tt10517428,nm6908650
tt10517430,nm6908650
tt10517432,nm6908650
tt10517434,nm6908650
tt10517438,nm6908650
tt10517440,nm6908650
tt10517442,nm6908650
tt10517444,nm6908650
tt10517446,nm6908650
tt10517448,nm6908650
tt10517450,nm6908650
tt10517452,nm6908650
tt10517454,nm6908650
tt10517456,nm6908650
tt10517460,nm6908650
tt10517462,nm6908650
tt10517464,nm6908650
tt10517466,nm6908650
tt10517468,nm6908650
tt10517474,nm6908650
tt10517476,nm6908650
tt10517478,nm6908650
tt10517480,nm6908650
tt10517482,nm6908650
tt10517484,nm6908650
tt10517488,nm6908650
tt10517490,nm6908650
tt10517492,nm6908650
tt10517494,nm6908650
tt10517496,nm6908650
tt10517498,nm6908650
tt10517500,nm6908650
tt10517506,nm11314668
tt10517506,nm13274981
tt10517508,nm13274981
tt10517510,nm13274981
tt10517512,nm11314668
tt10517512,nm13274981
tt10517514,nm13274981
tt10517516,nm13274981
tt10517518,nm13274981
tt10517520,nm13274981
tt10517522,nm13274981
tt10517524,nm13274981
tt10517526,nm13274981
tt10517528,nm13274981
tt10517530,nm13274981
tt10517536,nm13274981
tt10517538,nm13274981
tt10517540,nm13274981
tt10517542,nm13274981
tt10517544,nm11314668
tt10517544,nm13274981
tt10517546,nm11314668
tt10517546,nm13274981
tt10517548,nm13274981
tt10517562,nm1635713
tt10517566,nm10781158
tt10517620,nm10781166
tt10517620,nm10781167
tt10517620,nm10781168
tt10517708,nm0277728
tt10517708,nm0517318
tt10517834,nm10512209
tt10517834,nm10512210
tt10517834,nm12908174
tt10517834,nm3582934
tt10517834,nm8213447
tt10517834,nm8669327
tt10517840,nm10512209
tt10517840,nm10512210
tt10517840,nm12908174
tt10517840,nm3582934
tt10517840,nm8213447
tt10517840,nm8669327
tt10517842,nm10512209
tt10517842,nm10512210
tt10517842,nm12908174
tt10517842,nm3582934
tt10517842,nm8213447
tt10517842,nm8669327
tt10517844,nm6658602
tt10517846,nm10512209
tt10517846,nm10512210
tt10517846,nm12908174
tt10517846,nm3582934
tt10517846,nm8213447
tt10517846,nm8669327
tt10517848,nm10512209
tt10517848,nm10512210
tt10517848,nm12908174
tt10517848,nm3582934
tt10517848,nm8213447
tt10517848,nm8669327
tt10517850,nm10512209
tt10517850,nm10512210
tt10517850,nm12908174
tt10517850,nm3582934
tt10517850,nm8213447
tt10517850,nm8669327
tt10517852,nm10512209
tt10517852,nm10512210
tt10517852,nm12908174
tt10517852,nm3582934
tt10517852,nm8213447
tt10517852,nm8669327
tt10517854,nm10512209
tt10517854,nm10512210
tt10517854,nm12908174
tt10517854,nm3582934
tt10517854,nm8213447
tt10517854,nm8669327
tt10517856,nm10512209
tt10517856,nm10512210
tt10517856,nm12908174
tt10517856,nm3582934
tt10517856,nm8213447
tt10517856,nm8669327
tt10517858,nm10512209
tt10517858,nm10512210
tt10517858,nm12908174
tt10517858,nm3582934
tt10517858,nm8213447
tt10517858,nm8669327
tt10517860,nm10512209
tt10517860,nm10512210
tt10517860,nm12908174
tt10517860,nm3582934
tt10517860,nm8213447
tt10517860,nm8669327
tt10517864,nm10512209
tt10517864,nm10512210
tt10517864,nm12908174
tt10517864,nm3582934
tt10517864,nm8213447
tt10517864,nm8669327
tt10517866,nm4564971
tt10517870,nm10512209
tt10517870,nm10512210
tt10517870,nm12908174
tt10517870,nm3582934
tt10517870,nm8213447
tt10517870,nm8669327
tt10517872,nm10512209
tt10517872,nm10512210
tt10517872,nm12908174
tt10517872,nm3582934
tt10517872,nm8213447
tt10517872,nm8669327
tt10517874,nm10512209
tt10517874,nm10512210
tt10517874,nm12908174
tt10517874,nm3582934
tt10517874,nm8213447
tt10517874,nm8669327
tt10517876,nm10512209
tt10517876,nm10512210
tt10517876,nm12908174
tt10517876,nm3582934
tt10517876,nm8213447
tt10517876,nm8669327
tt10517878,nm10512209
tt10517878,nm10512210
tt10517878,nm12908174
tt10517878,nm3582934
tt10517878,nm8213447
tt10517878,nm8669327
tt10517882,nm10512209
tt10517882,nm10512210
tt10517882,nm12908174
tt10517882,nm3582934
tt10517882,nm8213447
tt10517882,nm8669327
tt10517884,nm10512209
tt10517884,nm10512210
tt10517884,nm12908174
tt10517884,nm3582934
tt10517884,nm8213447
tt10517884,nm8669327
tt10517886,nm10512209
tt10517886,nm10512210
tt10517886,nm12908174
tt10517886,nm3582934
tt10517886,nm8213447
tt10517886,nm8669327
tt10517914,nm8376686
tt10518264,nm10781451
tt10518264,nm10781875
tt10518264,nm9433924
tt10518382,nm9433924
tt10518498,nm10781372
tt10518620,nm6312587
tt10518742,nm9433924
tt10518750,nm0330127
tt10518810,nm9433924
tt10518824,nm0550446
tt10518860,nm0550446
tt10518868,nm9963806
tt10518876,nm0550446
tt10518884,nm0550446
tt10518896,nm10781451
tt10518896,nm9433924
tt10518908,nm0550446
tt10518916,nm10781451
tt10518916,nm9433924
tt10518922,nm7920512
tt10518922,nm8377014
tt10518926,nm0550446
tt10518930,nm9296992
tt10518930,nm9303529
tt10518930,nm9746751
tt10518940,nm0550446
tt10518944,nm6162792
tt10518960,nm10781451
tt10518960,nm9433924
tt10518968,nm1401857
tt10518968,nm2152590
tt1051904,nm1224299
tt10519060,nm9433924
tt10519092,nm3850757
tt10519106,nm10756136
tt10519108,nm9433924
tt10519126,nm0648137
tt10519126,nm10781552
tt10519126,nm12223142
tt10519126,nm1504988
tt10519126,nm7041670
tt10519136,nm9433924
tt10519162,nm2641366
tt10519176,nm9433924
tt10519180,nm10678955
tt10519184,nm10781041
tt10519194,nm9433924
tt10519200,nm10678955
tt10519204,nm10678955
tt10519208,nm9433924
tt10519226,nm10678955
tt10519234,nm9433924
tt10519258,nm9433924
tt10519268,nm9433924
tt10519350,nm7832763
tt10519354,nm7832763
tt10519360,nm7832763
tt10519368,nm7832763
tt10519374,nm6395586
tt10519390,nm9433924
tt10519422,nm4465081
tt10519434,nm9433924
tt10519478,nm9433924
tt10519494,nm0550446
tt10519520,nm9433924
tt10519544,nm7832763
tt10519546,nm7832763
tt10519548,nm9433924
tt10519550,nm7832763
tt10519556,nm7832763
tt10519558,nm7832763
tt10519560,nm7832763
tt10519562,nm2838484
tt10519564,nm7832763
tt10519566,nm7832763
tt10519568,nm4158442
tt10519570,nm7832763
tt10519572,nm7832763
tt10519578,nm7832763
tt10519580,nm7832763
tt10519586,nm7832763
tt10519588,nm7832763
tt10519590,nm7832763
tt10519592,nm7832763
tt10519594,nm7832763
tt10519596,nm0550446
tt10519604,nm0550446
tt10519608,nm10595738
tt10519616,nm10781875
tt10519616,nm9433924
tt10519638,nm2633284
tt10519648,nm0550446
tt10519658,nm9433924
tt10519660,nm10775828
tt10519660,nm4158442
tt10519668,nm9433924
tt10519672,nm10473592
tt10519676,nm7832763
tt10519678,nm7832763
tt10519680,nm7832763
tt10519684,nm7832763
tt10519686,nm7832763
tt10519688,nm7832763
tt10519690,nm6243758
tt10519692,nm7832763
tt10519720,nm8521909
tt10519738,nm10689885
tt10519774,nm3420178
tt10519776,nm3420178
tt10519778,nm3420178
tt10519780,nm3420178
tt10519800,nm0550446
tt10519824,nm0573047
tt10519824,nm0771364
tt10519824,nm4265066
tt10519828,nm2024238
tt10519830,nm0590770
tt10519832,nm0550446
tt10519850,nm0550446
tt10519852,nm0550446
tt10519870,nm0550446
tt10519872,nm0550446
tt10519876,nm0550446
tt10519884,nm0550446
tt10519888,nm0943758
tt10519894,nm0550446
tt10519900,nm0550446
tt10519908,nm7038200
tt10519910,nm0550446
tt10519920,nm0550446
tt10519924,nm0550446
tt10519932,nm0550446
tt10519940,nm0550446
tt10519994,nm10781875
tt10519994,nm9433924
tt10520008,nm10473592
tt10520012,nm0550446
tt10520016,nm10782167
tt10520024,nm4496763
tt10520024,nm5569442
tt10520040,nm3271578
tt10520044,nm2672470
tt10520044,nm3434907
tt10520082,nm4551796
tt10520110,nm4270701
tt10520232,nm10343973
tt10520378,nm10782337
tt10520402,nm8913783
tt10520408,nm10473592
tt10520432,nm6194160
tt10520434,nm10473592
tt10520440,nm4250814
tt10520454,nm5845779
tt10520460,nm5845779
tt10520466,nm5845779
tt10520470,nm10741800
tt10520474,nm5845779
tt10520478,nm10741800
tt10520482,nm10741800
tt10520484,nm5845779
tt10520486,nm10741800
tt10520488,nm5845779
tt10520490,nm10741800
tt10520494,nm5845779
tt10520496,nm5845779
tt10520498,nm10741800
tt10520514,nm10741800
tt10520520,nm10741800
tt10520526,nm1486076
tt10520562,nm9967236
tt10520568,nm2043406
tt10520570,nm5845779
tt10520572,nm5845779
tt10520576,nm5845779
tt10520580,nm10782441
tt10520584,nm5845779
tt10520588,nm5845779
tt10520596,nm5845779
tt10520602,nm5845779
tt10520610,nm5845779
tt10520612,nm5845779
tt10520616,nm5845779
tt10520620,nm5845779
tt10520622,nm1067249
tt10520622,nm10782462
tt10520622,nm1651631
tt10520624,nm5845779
tt10520626,nm5845779
tt10520628,nm5845779
tt10520630,nm5845779
tt10520632,nm5845779
tt10520634,nm5845779
tt10520640,nm5845779
tt10520678,nm1776938
tt10520820,nm2353686
tt10520828,nm10689885
tt10520852,nm10420568
tt10520878,nm7973076
tt10520880,nm3777147
tt10520882,nm11013941
tt10520884,nm4767134
tt10520892,nm10737481
tt10520974,nm10782702
tt10520984,nm14147417
tt10521028,nm3729477
tt10521062,nm2795275
tt10521116,nm7473428
tt10521238,nm10556887
tt10521268,nm1896808
tt10521274,nm6911828
tt10521278,nm12098279
tt10521304,nm1314326
tt10521310,nm1212968
tt10521328,nm4475641
tt10521340,nm12658053
tt10521340,nm12658054
tt10521392,nm9451237
tt10521404,nm3042580
tt10521406,nm3508450
tt10521416,nm3710589
tt10521422,nm10783273
tt10521436,nm0246577
tt10521436,nm1893249
tt10521442,nm11977411
tt10521442,nm13884272
tt10521442,nm8637652
tt10521456,nm8457262
tt10521506,nm8457262
tt10521530,nm3699132
tt10521534,nm4738366
tt10521534,nm6696138
tt10521564,nm4738366
tt10521564,nm6696138
tt10521596,nm8457262
tt10521630,nm8457262
tt10521640,nm8457262
tt10521660,nm8457262
tt10521758,nm1518215
tt10521774,nm8169004
tt10521822,nm1888134
tt10522084,nm9237344
tt10522594,nm8626389
tt10522776,nm10512209
tt10522776,nm10512210
tt10522776,nm12908174
tt10522776,nm3582934
tt10522776,nm8213447
tt10522776,nm8669327
tt10522782,nm10512209
tt10522782,nm10512210
tt10522782,nm12908174
tt10522782,nm3582934
tt10522782,nm8213447
tt10522782,nm8669327
tt10522784,nm10512209
tt10522784,nm10512210
tt10522784,nm12908174
tt10522784,nm3582934
tt10522784,nm8213447
tt10522784,nm8669327
tt10522786,nm10512209
tt10522786,nm10512210
tt10522786,nm12908174
tt10522786,nm3582934
tt10522786,nm8213447
tt10522786,nm8669327
tt10522788,nm10512209
tt10522788,nm10512210
tt10522788,nm12908174
tt10522788,nm3582934
tt10522788,nm8213447
tt10522788,nm8669327
tt10522792,nm10512209
tt10522792,nm10512210
tt10522792,nm12908174
tt10522792,nm3582934
tt10522792,nm8213447
tt10522792,nm8669327
tt10522794,nm10512209
tt10522794,nm10512210
tt10522794,nm12908174
tt10522794,nm3582934
tt10522794,nm8213447
tt10522794,nm8669327
tt10522796,nm10512209
tt10522796,nm10512210
tt10522796,nm12908174
tt10522796,nm3582934
tt10522796,nm8213447
tt10522796,nm8669327
tt10522798,nm10512209
tt10522798,nm10512210
tt10522798,nm12908174
tt10522798,nm3582934
tt10522798,nm8213447
tt10522798,nm8669327
tt10522800,nm10512209
tt10522800,nm10512210
tt10522800,nm12908174
tt10522800,nm3582934
tt10522800,nm8213447
tt10522800,nm8669327
tt10522802,nm10512209
tt10522802,nm10512210
tt10522802,nm12908174
tt10522802,nm3582934
tt10522802,nm8213447
tt10522802,nm8669327
tt10522804,nm10512209
tt10522804,nm10512210
tt10522804,nm12908174
tt10522804,nm3582934
tt10522804,nm8213447
tt10522804,nm8669327
tt10522806,nm10512209
tt10522806,nm10512210
tt10522806,nm12908174
tt10522806,nm3582934
tt10522806,nm8213447
tt10522806,nm8669327
tt10522808,nm10512209
tt10522808,nm10512210
tt10522808,nm12908174
tt10522808,nm3582934
tt10522808,nm8213447
tt10522808,nm8669327
tt10522810,nm10512209
tt10522810,nm10512210
tt10522810,nm12908174
tt10522810,nm3582934
tt10522810,nm8213447
tt10522810,nm8669327
tt10522812,nm0016428
tt10522814,nm10512209
tt10522814,nm10512210
tt10522814,nm12908174
tt10522814,nm3582934
tt10522814,nm8213447
tt10522814,nm8669327
tt10522816,nm10512209
tt10522816,nm10512210
tt10522816,nm12908174
tt10522816,nm3582934
tt10522816,nm8213447
tt10522816,nm8669327
tt10522818,nm10512209
tt10522818,nm10512210
tt10522818,nm12908174
tt10522818,nm3582934
tt10522818,nm8213447
tt10522818,nm8669327
tt10522822,nm10512209
tt10522822,nm10512210
tt10522822,nm12908174
tt10522822,nm3582934
tt10522822,nm8213447
tt10522822,nm8669327
tt10522824,nm10512209
tt10522824,nm10512210
tt10522824,nm12908174
tt10522824,nm3582934
tt10522824,nm8213447
tt10522824,nm8669327
tt10522856,nm10529129
tt10522986,nm0405025
tt10523048,nm2719893
tt10523062,nm2719893
tt10523086,nm6465439
tt10523102,nm2719893
tt10523140,nm1974849
tt10523148,nm2719893
tt10523182,nm2719893
tt10523210,nm2719893
tt10523244,nm2719893
tt10523284,nm2719893
tt10523290,nm2719893
tt10523300,nm2719893
tt10523360,nm9142502
tt10523362,nm2719893
tt10523412,nm2719893
tt10523454,nm2719893
tt10523468,nm10770512
tt10523468,nm9506110
tt10523470,nm10770512
tt10523470,nm9506110
tt10523474,nm10770512
tt10523474,nm9506110
tt10523476,nm10770512
tt10523476,nm9506110
tt10523478,nm10770512
tt10523478,nm9506110
tt10523480,nm10770512
tt10523480,nm9506110
tt10523484,nm10770512
tt10523484,nm9506110
tt10523486,nm10770512
tt10523486,nm9506110
tt10523488,nm10770512
tt10523488,nm9506110
tt10523492,nm10770512
tt10523492,nm9506110
tt10523494,nm10770512
tt10523494,nm9506110
tt10523496,nm10770512
tt10523496,nm9506110
tt10523498,nm2719893
tt10523500,nm10770512
tt10523500,nm9506110
tt10523504,nm10770512
tt10523504,nm9506110
tt10523506,nm10770512
tt10523506,nm9506110
tt10523512,nm10770512
tt10523512,nm9506110
tt10523516,nm10770512
tt10523516,nm9506110
tt10523520,nm10770512
tt10523520,nm9506110
tt10523522,nm10770512
tt10523522,nm9506110
tt10523528,nm10770512
tt10523528,nm9506110
tt10523534,nm2719893
tt10523538,nm10770512
tt10523538,nm9506110
tt10523540,nm10770512
tt10523540,nm9506110
tt10523542,nm10770512
tt10523542,nm9506110
tt10523544,nm10770512
tt10523544,nm9506110
tt10523546,nm10770512
tt10523546,nm9506110
tt10523548,nm10770512
tt10523548,nm9506110
tt10523550,nm10770512
tt10523550,nm9506110
tt10523552,nm10770512
tt10523552,nm9506110
tt10523554,nm10770512
tt10523554,nm9506110
tt10523556,nm10770512
tt10523556,nm9506110
tt10523558,nm10770512
tt10523558,nm9506110
tt10523560,nm2719893
tt10523562,nm10770512
tt10523562,nm9506110
tt10523564,nm10770512
tt10523564,nm9506110
tt10523566,nm10770512
tt10523566,nm9506110
tt10523568,nm10770512
tt10523568,nm9506110
tt10523570,nm10770512
tt10523570,nm9506110
tt10523572,nm10770512
tt10523572,nm9506110
tt10523574,nm10770512
tt10523574,nm9506110
tt10523576,nm10770512
tt10523576,nm9506110
tt10523582,nm10770512
tt10523582,nm9506110
tt10523588,nm10770512
tt10523588,nm9506110
tt10523590,nm10770512
tt10523590,nm9506110
tt10523592,nm2719893
tt10523594,nm10770512
tt10523594,nm9506110
tt10523596,nm10770512
tt10523596,nm9506110
tt10523600,nm10770512
tt10523600,nm9506110
tt10523602,nm10770512
tt10523602,nm9506110
tt10523606,nm10770512
tt10523606,nm9506110
tt10523608,nm10770512
tt10523608,nm9506110
tt10523610,nm10770512
tt10523610,nm9506110
tt10523612,nm10770512
tt10523612,nm9506110
tt10523614,nm10770512
tt10523614,nm9506110
tt10523616,nm10770512
tt10523616,nm9506110
tt10523618,nm10770512
tt10523618,nm9506110
tt10523620,nm10770512
tt10523620,nm9506110
tt10523622,nm10770512
tt10523622,nm9506110
tt10523624,nm10770512
tt10523624,nm9506110
tt10523628,nm10770512
tt10523628,nm9506110
tt10523630,nm10770512
tt10523630,nm9506110
tt10523632,nm10770512
tt10523632,nm9506110
tt10523634,nm10770512
tt10523634,nm9506110
tt10523638,nm10770512
tt10523638,nm9506110
tt10523640,nm10770512
tt10523640,nm9506110
tt10523644,nm10770512
tt10523644,nm9506110
tt10523646,nm10770512
tt10523646,nm9506110
tt10523648,nm10770512
tt10523648,nm9506110
tt10523650,nm10770512
tt10523650,nm9506110
tt10523752,nm0622350
tt10523752,nm1294793
tt10523752,nm1364603
tt10523752,nm4909944
tt10523756,nm0622350
tt10523756,nm1294793
tt10523756,nm1364603
tt10523756,nm4909944
tt10523758,nm0622350
tt10523758,nm1294793
tt10523758,nm1364603
tt10523758,nm4909944
tt10523762,nm0622350
tt10523762,nm1294793
tt10523762,nm1364603
tt10523762,nm4909944
tt10523764,nm0622350
tt10523764,nm1294793
tt10523764,nm1364603
tt10523764,nm4909944
tt10523766,nm0622350
tt10523766,nm1294793
tt10523766,nm1364603
tt10523766,nm4909944
tt10523768,nm0622350
tt10523768,nm1294793
tt10523768,nm1364603
tt10523768,nm4909944
tt10523770,nm0622350
tt10523770,nm1294793
tt10523770,nm1364603
tt10523770,nm4909944
tt10523772,nm0622350
tt10523772,nm1294793
tt10523772,nm1364603
tt10523772,nm4909944
tt10523778,nm0622350
tt10523778,nm1294793
tt10523778,nm1364603
tt10523778,nm4909944
tt10523780,nm0622350
tt10523780,nm1294793
tt10523780,nm1364603
tt10523780,nm4909944
tt10523786,nm0622350
tt10523786,nm1294793
tt10523786,nm1364603
tt10523786,nm4909944
tt10523788,nm0622350
tt10523788,nm1294793
tt10523788,nm1364603
tt10523788,nm4909944
tt10523794,nm0622350
tt10523794,nm1294793
tt10523794,nm1364603
tt10523794,nm4909944
tt10523796,nm0622350
tt10523796,nm1294793
tt10523796,nm1364603
tt10523796,nm4909944
tt10523802,nm0622350
tt10523802,nm1294793
tt10523802,nm1364603
tt10523802,nm4909944
tt10523810,nm0622350
tt10523810,nm1294793
tt10523810,nm1364603
tt10523810,nm4909944
tt10523812,nm0622350
tt10523812,nm1294793
tt10523812,nm1364603
tt10523812,nm4909944
tt10523818,nm0622350
tt10523818,nm1294793
tt10523818,nm1364603
tt10523818,nm4909944
tt10523820,nm0622350
tt10523820,nm1294793
tt10523820,nm1364603
tt10523820,nm4909944
tt10523828,nm0622350
tt10523828,nm1294793
tt10523828,nm1364603
tt10523828,nm4909944
tt10523830,nm0622350
tt10523830,nm1294793
tt10523830,nm1364603
tt10523830,nm4909944
tt10523832,nm0622350
tt10523832,nm1294793
tt10523832,nm1364603
tt10523832,nm4909944
tt10523836,nm0622350
tt10523836,nm1294793
tt10523836,nm1364603
tt10523836,nm4909944
tt10523838,nm0622350
tt10523838,nm1294793
tt10523838,nm1364603
tt10523838,nm4909944
tt10523840,nm0622350
tt10523840,nm1294793
tt10523840,nm1364603
tt10523840,nm4909944
tt10523842,nm0622350
tt10523842,nm1294793
tt10523842,nm1364603
tt10523842,nm4909944
tt10523844,nm0622350
tt10523844,nm1294793
tt10523844,nm1364603
tt10523844,nm4909944
tt10523848,nm0622350
tt10523848,nm1294793
tt10523848,nm1364603
tt10523848,nm4909944
tt10523850,nm0622350
tt10523850,nm1294793
tt10523850,nm1364603
tt10523850,nm4909944
tt10523854,nm0622350
tt10523854,nm1294793
tt10523854,nm1364603
tt10523854,nm4909944
tt10523856,nm0622350
tt10523856,nm1294793
tt10523856,nm1364603
tt10523856,nm4909944
tt10523858,nm0622350
tt10523858,nm1294793
tt10523858,nm1364603
tt10523858,nm4909944
tt10523860,nm0622350
tt10523860,nm1294793
tt10523860,nm1364603
tt10523860,nm4909944
tt10523862,nm0622350
tt10523862,nm1294793
tt10523862,nm1364603
tt10523862,nm4909944
tt10523866,nm0622350
tt10523866,nm1294793
tt10523866,nm1364603
tt10523866,nm4909944
tt10523868,nm0622350
tt10523868,nm1294793
tt10523868,nm1364603
tt10523868,nm4909944
tt10523870,nm0622350
tt10523870,nm1294793
tt10523870,nm1364603
tt10523870,nm4909944
tt10523874,nm0622350
tt10523874,nm1294793
tt10523874,nm1364603
tt10523874,nm4909944
tt10523876,nm0622350
tt10523876,nm1294793
tt10523876,nm1364603
tt10523876,nm4909944
tt10523994,nm1863744
tt10523994,nm1865788
tt10524186,nm10735822
tt10524188,nm10735822
tt10524242,nm10595738
tt10524252,nm5306790
tt10524278,nm0590108
tt10524324,nm0590108
tt10524356,nm10784092
tt10524514,nm8411184
tt10524648,nm7531813
tt10524726,nm7460494
tt10524750,nm8841398
tt10524766,nm10784522
tt10524776,nm10784528
tt10524776,nm6725465
tt10524776,nm7216456
tt10524812,nm10784573
tt10524832,nm9163835
tt10524894,nm10185803
tt10524924,nm10784665
tt10525148,nm2696907
tt10525184,nm10781041
tt10525308,nm6343752
tt10525308,nm6800724
tt10525320,nm6343752
tt10525324,nm6343752
tt10525352,nm10784992
tt10525382,nm6343752
tt10525386,nm6343752
tt10525396,nm5624745
tt10525396,nm6343752
tt10525480,nm10785104
tt10525502,nm8411184
tt10525504,nm5500014
tt10525584,nm10785167
tt10525584,nm10786867
tt10525602,nm2664171
tt10525632,nm10785167
tt10525642,nm10785167
tt10525648,nm10785190
tt10525652,nm10785167
tt10525658,nm1264751
tt10525660,nm10785167
tt10525674,nm10785167
tt10525716,nm10785167
tt10525780,nm6737271
tt10525804,nm10785190
tt10525864,nm10785308
tt10525870,nm5912737
tt10525876,nm10583332
tt10525886,nm9125722
tt10525896,nm1264751
tt10525904,nm9903003
tt10525906,nm1264751
tt10525930,nm6262854
tt10525940,nm1264751
tt10525964,nm0994538
tt10526076,nm10785167
tt10526094,nm10785167
tt10526124,nm10785167
tt10526142,nm10785167
tt10526168,nm10785167
tt10526190,nm10785167
tt10526200,nm10785167
tt10526212,nm10785167
tt10526214,nm10785167
tt10526256,nm5769684
tt10526316,nm2605204
tt10526332,nm9822033
tt10526402,nm3377111
tt10526450,nm2470618
tt10526626,nm10073315
tt10526684,nm10695132
tt10526722,nm3848412
tt10526762,nm7209721
tt10526774,nm9451237
tt10526846,nm3848412
tt10526884,nm1863744
tt10526884,nm1865788
tt10526886,nm1863744
tt10526886,nm1865788
tt10526888,nm1863744
tt10526888,nm1865788
tt10526890,nm1863744
tt10526890,nm1865788
tt10526892,nm1863744
tt10526892,nm1865788
tt10526894,nm1863744
tt10526894,nm1865788
tt10526896,nm1863744
tt10526896,nm1865788
tt10526898,nm1863744
tt10526898,nm1865788
tt10526900,nm1863744
tt10526900,nm1865788
tt10526902,nm1863744
tt10526902,nm1865788
tt10526904,nm1863744
tt10526904,nm1865788
tt10526952,nm0622350
tt10526952,nm1294793
tt10526952,nm1364603
tt10526952,nm4909944
tt10526954,nm0622350
tt10526954,nm1294793
tt10526954,nm1364603
tt10526954,nm4909944
tt10526956,nm0622350
tt10526956,nm1294793
tt10526956,nm1364603
tt10526956,nm4909944
tt10526958,nm0622350
tt10526958,nm1294793
tt10526958,nm1364603
tt10526958,nm4909944
tt10526960,nm0622350
tt10526960,nm1294793
tt10526960,nm1364603
tt10526960,nm4909944
tt10526962,nm0622350
tt10526962,nm1294793
tt10526962,nm1364603
tt10526962,nm4909944
tt10526964,nm0622350
tt10526964,nm1294793
tt10526964,nm1364603
tt10526964,nm4909944
tt10526966,nm0622350
tt10526966,nm1294793
tt10526966,nm1364603
tt10526966,nm4909944
tt10526968,nm0622350
tt10526968,nm1294793
tt10526968,nm1364603
tt10526968,nm4909944
tt10526970,nm0622350
tt10526970,nm1294793
tt10526970,nm1364603
tt10526970,nm4909944
tt10526972,nm0622350
tt10526972,nm1294793
tt10526972,nm1364603
tt10526972,nm4909944
tt10526974,nm0622350
tt10526974,nm1294793
tt10526974,nm1364603
tt10526974,nm4909944
tt10526976,nm0622350
tt10526976,nm1294793
tt10526976,nm1364603
tt10526976,nm4909944
tt10526978,nm0622350
tt10526978,nm1294793
tt10526978,nm1364603
tt10526978,nm4909944
tt10526980,nm0622350
tt10526980,nm1294793
tt10526980,nm1364603
tt10526980,nm4909944
tt10526982,nm0622350
tt10526982,nm1294793
tt10526982,nm1364603
tt10526982,nm4909944
tt10526984,nm0622350
tt10526984,nm1294793
tt10526984,nm1364603
tt10526984,nm4909944
tt10526986,nm0622350
tt10526986,nm1294793
tt10526986,nm1364603
tt10526986,nm4909944
tt10526988,nm0622350
tt10526988,nm1294793
tt10526988,nm1364603
tt10526988,nm4909944
tt10526992,nm0622350
tt10526992,nm1294793
tt10526992,nm1364603
tt10526992,nm4909944
tt10526994,nm0622350
tt10526994,nm1294793
tt10526994,nm1364603
tt10526994,nm4909944
tt10526996,nm0622350
tt10526996,nm1294793
tt10526996,nm1364603
tt10526996,nm4909944
tt10526998,nm9099302
tt10527000,nm0622350
tt10527000,nm1294793
tt10527000,nm1364603
tt10527000,nm4909944
tt10527002,nm0622350
tt10527002,nm1294793
tt10527002,nm1364603
tt10527002,nm4909944
tt10527004,nm0622350
tt10527004,nm1294793
tt10527004,nm1364603
tt10527004,nm4909944
tt10527006,nm0622350
tt10527006,nm1294793
tt10527006,nm1364603
tt10527006,nm4909944
tt10527008,nm0622350
tt10527008,nm1294793
tt10527008,nm1364603
tt10527008,nm4909944
tt10527010,nm0622350
tt10527010,nm1294793
tt10527010,nm1364603
tt10527010,nm4909944
tt10527012,nm0622350
tt10527012,nm1294793
tt10527012,nm1364603
tt10527012,nm4909944
tt10527014,nm0622350
tt10527014,nm1294793
tt10527014,nm1364603
tt10527014,nm4909944
tt10527016,nm0622350
tt10527016,nm1294793
tt10527016,nm1364603
tt10527016,nm4909944
tt10527020,nm0622350
tt10527020,nm1294793
tt10527020,nm1364603
tt10527020,nm4909944
tt10527022,nm0622350
tt10527022,nm1294793
tt10527022,nm1364603
tt10527022,nm4909944
tt10527024,nm0622350
tt10527024,nm1294793
tt10527024,nm1364603
tt10527024,nm4909944
tt10527026,nm0622350
tt10527026,nm1294793
tt10527026,nm1364603
tt10527026,nm4909944
tt10527028,nm0622350
tt10527028,nm1294793
tt10527028,nm1364603
tt10527028,nm4909944
tt10527030,nm0622350
tt10527030,nm1294793
tt10527030,nm1364603
tt10527030,nm4909944
tt10527032,nm0622350
tt10527032,nm1294793
tt10527032,nm1364603
tt10527032,nm4909944
tt10527034,nm0622350
tt10527034,nm1294793
tt10527034,nm1364603
tt10527034,nm4909944
tt10527036,nm0622350
tt10527036,nm1294793
tt10527036,nm1364603
tt10527036,nm4909944
tt10527148,nm10770512
tt10527148,nm9506110
tt10527150,nm10770512
tt10527150,nm9506110
tt10527152,nm10770512
tt10527152,nm9506110
tt10527154,nm10770512
tt10527154,nm9506110
tt10527156,nm10770512
tt10527156,nm9506110
tt10527160,nm10770512
tt10527160,nm9506110
tt10527162,nm10770512
tt10527162,nm9506110
tt10527164,nm10770512
tt10527164,nm9506110
tt10527166,nm10770512
tt10527166,nm9506110
tt10527168,nm10770512
tt10527168,nm9506110
tt10527170,nm10770512
tt10527170,nm9506110
tt10527172,nm10770512
tt10527172,nm9506110
tt10527174,nm10770512
tt10527174,nm9506110
tt10527176,nm10770512
tt10527176,nm9506110
tt10527178,nm10770512
tt10527178,nm9506110
tt10527180,nm10770512
tt10527180,nm9506110
tt10527182,nm10770512
tt10527182,nm9506110
tt10527184,nm10770512
tt10527184,nm9506110
tt10527186,nm10770512
tt10527186,nm9506110
tt10527192,nm10770512
tt10527192,nm9506110
tt10527204,nm10770512
tt10527204,nm9506110
tt10527206,nm10770512
tt10527206,nm9506110
tt10527210,nm10770512
tt10527210,nm9506110
tt10527214,nm10770512
tt10527214,nm9506110
tt10527216,nm10770512
tt10527216,nm9506110
tt10527220,nm10770512
tt10527220,nm9506110
tt10527222,nm10770512
tt10527222,nm9506110
tt10527226,nm10770512
tt10527226,nm9506110
tt10527228,nm10770512
tt10527228,nm9506110
tt10527230,nm10770512
tt10527230,nm9506110
tt10527232,nm10770512
tt10527232,nm9506110
tt10527234,nm8760387
tt10527236,nm10770512
tt10527236,nm9506110
tt10527238,nm10770512
tt10527238,nm9506110
tt10527242,nm10770512
tt10527242,nm9506110
tt10527244,nm10770512
tt10527244,nm9506110
tt10527246,nm10770512
tt10527246,nm9506110
tt10527248,nm10770512
tt10527248,nm9506110
tt10527250,nm10770512
tt10527250,nm9506110
tt10527252,nm10770512
tt10527252,nm9506110
tt10527254,nm10770512
tt10527254,nm9506110
tt10527554,nm3848412
tt10527580,nm10785953
tt10527660,nm1470021
tt10527718,nm3518119
tt10527842,nm8207643
tt10527942,nm10512209
tt10527942,nm10512210
tt10527942,nm12908174
tt10527942,nm3582934
tt10527942,nm8213447
tt10527942,nm8669327
tt10527946,nm10512209
tt10527946,nm10512210
tt10527946,nm12908174
tt10527946,nm3582934
tt10527946,nm8213447
tt10527946,nm8669327
tt10527948,nm10512209
tt10527948,nm10512210
tt10527948,nm12908174
tt10527948,nm3582934
tt10527948,nm8213447
tt10527948,nm8669327
tt10527950,nm10512209
tt10527950,nm10512210
tt10527950,nm12908174
tt10527950,nm3582934
tt10527950,nm8213447
tt10527950,nm8669327
tt10527952,nm10512209
tt10527952,nm10512210
tt10527952,nm12908174
tt10527952,nm3582934
tt10527952,nm8213447
tt10527952,nm8669327
tt10527954,nm10512209
tt10527954,nm10512210
tt10527954,nm12908174
tt10527954,nm3582934
tt10527954,nm8213447
tt10527954,nm8669327
tt10527956,nm10512209
tt10527956,nm10512210
tt10527956,nm12908174
tt10527956,nm3582934
tt10527956,nm8213447
tt10527956,nm8669327
tt10527958,nm10512209
tt10527958,nm10512210
tt10527958,nm12908174
tt10527958,nm3582934
tt10527958,nm8213447
tt10527958,nm8669327
tt10527960,nm10512209
tt10527960,nm10512210
tt10527960,nm12908174
tt10527960,nm3582934
tt10527960,nm8213447
tt10527960,nm8669327
tt10527962,nm10512209
tt10527962,nm10512210
tt10527962,nm12908174
tt10527962,nm3582934
tt10527962,nm8213447
tt10527962,nm8669327
tt10527964,nm10512209
tt10527964,nm10512210
tt10527964,nm12908174
tt10527964,nm3582934
tt10527964,nm8213447
tt10527964,nm8669327
tt10527966,nm10512209
tt10527966,nm10512210
tt10527966,nm12908174
tt10527966,nm3582934
tt10527966,nm8213447
tt10527966,nm8669327
tt10527968,nm10512209
tt10527968,nm10512210
tt10527968,nm12908174
tt10527968,nm3582934
tt10527968,nm8213447
tt10527968,nm8669327
tt10527974,nm10512209
tt10527974,nm10512210
tt10527974,nm12908174
tt10527974,nm3582934
tt10527974,nm8213447
tt10527974,nm8669327
tt10527976,nm10512209
tt10527976,nm10512210
tt10527976,nm12908174
tt10527976,nm3582934
tt10527976,nm8213447
tt10527976,nm8669327
tt10527978,nm10512209
tt10527978,nm10512210
tt10527978,nm12908174
tt10527978,nm3582934
tt10527978,nm8213447
tt10527978,nm8669327
tt10527980,nm10512209
tt10527980,nm10512210
tt10527980,nm12908174
tt10527980,nm3582934
tt10527980,nm8213447
tt10527980,nm8669327
tt10527982,nm10512209
tt10527982,nm10512210
tt10527982,nm12908174
tt10527982,nm3582934
tt10527982,nm8213447
tt10527982,nm8669327
tt10527984,nm10512209
tt10527984,nm10512210
tt10527984,nm12908174
tt10527984,nm3582934
tt10527984,nm8213447
tt10527984,nm8669327
tt10527986,nm10512209
tt10527986,nm10512210
tt10527986,nm12908174
tt10527986,nm3582934
tt10527986,nm8213447
tt10527986,nm8669327
tt10527988,nm10785999
tt10527988,nm7522713
tt10528018,nm2690636
tt10528118,nm6012963
tt10528270,nm5829593
tt10528816,nm2788669
tt10528816,nm3131807
tt10528818,nm2788669
tt10528818,nm3131807
tt10528820,nm2788669
tt10528820,nm3131807
tt10528822,nm2788669
tt10528822,nm3131807
tt10528824,nm2788669
tt10528824,nm3131807
tt10528826,nm2788669
tt10528826,nm3131807
tt10528828,nm2788669
tt10528828,nm3131807
tt10528830,nm2788669
tt10528830,nm3131807
tt10528832,nm2788669
tt10528832,nm3131807
tt10528836,nm2788669
tt10528836,nm3131807
tt10528838,nm2788669
tt10528838,nm3131807
tt10528842,nm2788669
tt10528842,nm3131807
tt10528846,nm2788669
tt10528846,nm3131807
tt10528848,nm2788669
tt10528848,nm3131807
tt10528852,nm2788669
tt10528852,nm3131807
tt10528854,nm2788669
tt10528854,nm3131807
tt10528856,nm2788669
tt10528856,nm3131807
tt10528858,nm2788669
tt10528858,nm3131807
tt10528864,nm2788669
tt10528864,nm3131807
tt10528866,nm2788669
tt10528866,nm3131807
tt10528868,nm2788669
tt10528868,nm3131807
tt10528870,nm2788669
tt10528870,nm3131807
tt10528872,nm2788669
tt10528872,nm3131807
tt10528874,nm2788669
tt10528874,nm3131807
tt10528876,nm2788669
tt10528876,nm3131807
tt10528880,nm2788669
tt10528880,nm3131807
tt10528882,nm2788669
tt10528882,nm3131807
tt10528884,nm2788669
tt10528884,nm3131807
tt10528886,nm2788669
tt10528886,nm3131807
tt10528888,nm2788669
tt10528888,nm3131807
tt10528890,nm2788669
tt10528890,nm3131807
tt10528924,nm4374978
tt10528980,nm1310660
tt10529078,nm6114219
tt10529078,nm6239739
tt10529112,nm1857283
tt10529120,nm7823600
tt10529180,nm1068868
tt10529190,nm1068868
tt10529192,nm1068868
tt10529196,nm1068868
tt10529206,nm1068868
tt10529270,nm7922225
tt10529272,nm10782102
tt10529280,nm10786321
tt10529296,nm7334693
tt10529346,nm7334692
tt10529350,nm2589122
tt10529364,nm7334692
tt10529394,nm7334693
tt10529400,nm2589122
tt10529404,nm2589122
tt10529412,nm2589122
tt10529428,nm2589122
tt10529474,nm2589122
tt10529480,nm7334693
tt10529494,nm3704744
tt10529504,nm8185321
tt10529538,nm2589122
tt10529544,nm10786433
tt10529586,nm9768768
tt10529588,nm2589122
tt10529594,nm2589122
tt10529596,nm2589122
tt10529598,nm2589122
tt10529600,nm2589122
tt10529602,nm2589122
tt10529608,nm2589122
tt10529610,nm2589122
tt10529612,nm2589122
tt10529622,nm5901932
tt10529628,nm2589122
tt10529632,nm2589122
tt10529634,nm10652782
tt10529636,nm2589122
tt10529638,nm5097791
tt10529660,nm7515979
tt10529694,nm7182357
tt10529698,nm2345367
tt10529700,nm2345367
tt10529702,nm2345367
tt10529706,nm2345367
tt10529748,nm8575581
tt10529764,nm2429534
tt10529774,nm10686710
tt10529778,nm7559289
tt10529796,nm10786655
tt10529796,nm2653708
tt10529824,nm6899550
tt10529832,nm10786732
tt10529848,nm9696861
tt10529850,nm5656889
tt10529866,nm10786762
tt10529874,nm1150068
tt10529890,nm4082457
tt10529902,nm2429534
tt10529912,nm8558069
tt10529914,nm2589122
tt10529922,nm10786859
tt10529926,nm10786867
tt10529930,nm10786867
tt10529934,nm10786867
tt10529944,nm10786867
tt10529956,nm10786867
tt10529962,nm10786867
tt10529968,nm10786867
tt10529980,nm9196886
tt10529984,nm7336754
tt10529992,nm9791028
tt10529998,nm9791028
tt10530002,nm0194866
tt10530034,nm10779321
tt10530044,nm8652337
tt10530080,nm5500014
tt10530242,nm9791028
tt10530256,nm6808994
tt10530258,nm13564232
tt10530262,nm9791028
tt10530294,nm4158442
tt10530310,nm4158442
tt10530334,nm10287477
tt10530334,nm10988392
tt10530406,nm10787402
tt10530430,nm3835514
tt10530436,nm3835514
tt10530438,nm3835514
tt10530440,nm3835514
tt10530442,nm3835514
tt10530444,nm3835514
tt10530446,nm3835514
tt10530448,nm3835514
tt10530450,nm3835514
tt10530452,nm3835514
tt10530454,nm3835514
tt10530456,nm3835514
tt10530458,nm3835514
tt10530480,nm3835514
tt10530482,nm3835514
tt10530484,nm3835514
tt10530486,nm3835514
tt10530490,nm3835514
tt10530492,nm3835514
tt10530494,nm3835514
tt10530496,nm3835514
tt10530498,nm3835514
tt10530500,nm3835514
tt10530502,nm3835514
tt10530508,nm3835514
tt10530510,nm3835514
tt10530512,nm3835514
tt10530514,nm3835514
tt10530516,nm3835514
tt10530518,nm3835514
tt10530520,nm3835514
tt10530524,nm3835514
tt10530526,nm3835514
tt10530528,nm3835514
tt10530530,nm3835514
tt10530532,nm3835514
tt10530544,nm8669987
tt10530552,nm9451237
tt10530562,nm10787490
tt10530584,nm1379650
tt10530584,nm1750710
tt10530694,nm7821196
tt10530732,nm7821196
tt10530796,nm2589122
tt10530904,nm2589122
tt10530906,nm2589122
tt10530912,nm2589122
tt10530936,nm2589122
tt10530944,nm2589122
tt10530950,nm2589122
tt10530956,nm2589122
tt10530966,nm2589122
tt10530968,nm2589122
tt10530970,nm2589122
tt10530980,nm2589122
tt10530982,nm2589122
tt10530986,nm2589122
tt10531000,nm0843563
tt10531016,nm9303218
tt10531040,nm2788669
tt10531040,nm3131807
tt10531042,nm2788669
tt10531042,nm3131807
tt10531044,nm2788669
tt10531044,nm3131807
tt10531046,nm2788669
tt10531046,nm3131807
tt10531048,nm2788669
tt10531048,nm3131807
tt10531050,nm2788669
tt10531050,nm3131807
tt10531052,nm2788669
tt10531052,nm3131807
tt10531054,nm2788669
tt10531054,nm3131807
tt10531056,nm2788669
tt10531056,nm3131807
tt10531060,nm2788669
tt10531060,nm3131807
tt10531062,nm2788669
tt10531062,nm3131807
tt10531064,nm2788669
tt10531064,nm3131807
tt10531066,nm2788669
tt10531066,nm3131807
tt10531068,nm2788669
tt10531068,nm3131807
tt10531070,nm2788669
tt10531070,nm3131807
tt10531072,nm2788669
tt10531072,nm3131807
tt10531074,nm2788669
tt10531074,nm3131807
tt10531076,nm2788669
tt10531076,nm3131807
tt10531080,nm2788669
tt10531080,nm3131807
tt10531082,nm2788669
tt10531082,nm3131807
tt10531084,nm2788669
tt10531084,nm3131807
tt10531086,nm2788669
tt10531086,nm3131807
tt10531088,nm2788669
tt10531088,nm3131807
tt10531090,nm2788669
tt10531090,nm3131807
tt10531092,nm2788669
tt10531092,nm3131807
tt10531094,nm2788669
tt10531094,nm3131807
tt10531096,nm2788669
tt10531096,nm3131807
tt10531098,nm2788669
tt10531098,nm3131807
tt10531100,nm2788669
tt10531100,nm3131807
tt10531102,nm0843563
tt10531104,nm2788669
tt10531104,nm3131807
tt10531106,nm2788669
tt10531106,nm3131807
tt10531108,nm2788669
tt10531108,nm3131807
tt10531110,nm2788669
tt10531110,nm3131807
tt10531112,nm2788669
tt10531112,nm3131807
tt10531114,nm2788669
tt10531114,nm3131807
tt10531116,nm2788669
tt10531116,nm3131807
tt10531118,nm2788669
tt10531118,nm3131807
tt10531122,nm2788669
tt10531122,nm3131807
tt10531126,nm2788669
tt10531126,nm3131807
tt10531676,nm7823600
tt10531738,nm10787827
tt10531738,nm1999987
tt10531738,nm6240556
tt10531820,nm1441982
tt10531850,nm0212381
tt10531938,nm10512209
tt10531938,nm10512210
tt10531938,nm12908174
tt10531938,nm3582934
tt10531938,nm8213447
tt10531938,nm8669327
tt10531940,nm10512209
tt10531940,nm10512210
tt10531940,nm12908174
tt10531940,nm3582934
tt10531940,nm8213447
tt10531940,nm8669327
tt10531942,nm10512209
tt10531942,nm10512210
tt10531942,nm12908174
tt10531942,nm3582934
tt10531942,nm8213447
tt10531942,nm8669327
tt10531944,nm10512209
tt10531944,nm10512210
tt10531944,nm12908174
tt10531944,nm3582934
tt10531944,nm8213447
tt10531944,nm8669327
tt10531946,nm10512209
tt10531946,nm10512210
tt10531946,nm12908174
tt10531946,nm3582934
tt10531946,nm8213447
tt10531946,nm8669327
tt10531948,nm10512209
tt10531948,nm10512210
tt10531948,nm12908174
tt10531948,nm3582934
tt10531948,nm8213447
tt10531948,nm8669327
tt10531950,nm10512209
tt10531950,nm10512210
tt10531950,nm12908174
tt10531950,nm3582934
tt10531950,nm8213447
tt10531950,nm8669327
tt10531952,nm10512209
tt10531952,nm10512210
tt10531952,nm12908174
tt10531952,nm3582934
tt10531952,nm8213447
tt10531952,nm8669327
tt10531954,nm10512209
tt10531954,nm10512210
tt10531954,nm12908174
tt10531954,nm3582934
tt10531954,nm8213447
tt10531954,nm8669327
tt10531956,nm10512209
tt10531956,nm10512210
tt10531956,nm12908174
tt10531956,nm3582934
tt10531956,nm8213447
tt10531956,nm8669327
tt10531958,nm10512209
tt10531958,nm10512210
tt10531958,nm12908174
tt10531958,nm3582934
tt10531958,nm8213447
tt10531958,nm8669327
tt10531960,nm10512209
tt10531960,nm10512210
tt10531960,nm12908174
tt10531960,nm3582934
tt10531960,nm8213447
tt10531960,nm8669327
tt10531962,nm10512209
tt10531962,nm10512210
tt10531962,nm12908174
tt10531962,nm3582934
tt10531962,nm8213447
tt10531962,nm8669327
tt10531966,nm10512209
tt10531966,nm10512210
tt10531966,nm12908174
tt10531966,nm3582934
tt10531966,nm8213447
tt10531966,nm8669327
tt10531968,nm10512209
tt10531968,nm10512210
tt10531968,nm12908174
tt10531968,nm3582934
tt10531968,nm8213447
tt10531968,nm8669327
tt10531970,nm10512209
tt10531970,nm10512210
tt10531970,nm12908174
tt10531970,nm3582934
tt10531970,nm8213447
tt10531970,nm8669327
tt10531972,nm10512209
tt10531972,nm10512210
tt10531972,nm12908174
tt10531972,nm3582934
tt10531972,nm8213447
tt10531972,nm8669327
tt10531974,nm10512209
tt10531974,nm10512210
tt10531974,nm12908174
tt10531974,nm3582934
tt10531974,nm8213447
tt10531974,nm8669327
tt10531976,nm10512209
tt10531976,nm10512210
tt10531976,nm12908174
tt10531976,nm3582934
tt10531976,nm8213447
tt10531976,nm8669327
tt10531978,nm10512209
tt10531978,nm10512210
tt10531978,nm12908174
tt10531978,nm3582934
tt10531978,nm8213447
tt10531978,nm8669327
tt10531980,nm10512209
tt10531980,nm10512210
tt10531980,nm12908174
tt10531980,nm3582934
tt10531980,nm8213447
tt10531980,nm8669327
tt10531982,nm10512209
tt10531982,nm10512210
tt10531982,nm12908174
tt10531982,nm3582934
tt10531982,nm8213447
tt10531982,nm8669327
tt10531984,nm10512209
tt10531984,nm10512210
tt10531984,nm12908174
tt10531984,nm3582934
tt10531984,nm8213447
tt10531984,nm8669327
tt10531986,nm10512209
tt10531986,nm10512210
tt10531986,nm12908174
tt10531986,nm3582934
tt10531986,nm8213447
tt10531986,nm8669327
tt10531988,nm10512209
tt10531988,nm10512210
tt10531988,nm12908174
tt10531988,nm3582934
tt10531988,nm8213447
tt10531988,nm8669327
tt10531990,nm10512209
tt10531990,nm10512210
tt10531990,nm12908174
tt10531990,nm3582934
tt10531990,nm8213447
tt10531990,nm8669327
tt10531992,nm10512209
tt10531992,nm10512210
tt10531992,nm12908174
tt10531992,nm3582934
tt10531992,nm8213447
tt10531992,nm8669327
tt10531994,nm10512209
tt10531994,nm10512210
tt10531994,nm12908174
tt10531994,nm3582934
tt10531994,nm8213447
tt10531994,nm8669327
tt10531996,nm10512209
tt10531996,nm10512210
tt10531996,nm12908174
tt10531996,nm3582934
tt10531996,nm8213447
tt10531996,nm8669327
tt10531998,nm10512209
tt10531998,nm10512210
tt10531998,nm12908174
tt10531998,nm3582934
tt10531998,nm8213447
tt10531998,nm8669327
tt10532250,nm10786335
tt10532354,nm10770512
tt10532354,nm9506110
tt10532356,nm10770512
tt10532356,nm9506110
tt10532358,nm10770512
tt10532358,nm9506110
tt10532360,nm10770512
tt10532360,nm9506110
tt10532362,nm10770512
tt10532362,nm9506110
tt10532364,nm10770512
tt10532364,nm9506110
tt10532366,nm10770512
tt10532366,nm9506110
tt10532368,nm10770512
tt10532368,nm9506110
tt10532370,nm10770512
tt10532370,nm9506110
tt10532372,nm10770512
tt10532372,nm9506110
tt10532374,nm10770512
tt10532374,nm9506110
tt10532376,nm10770512
tt10532376,nm9506110
tt10532378,nm10770512
tt10532378,nm9506110
tt10532380,nm10770512
tt10532380,nm9506110
tt10532382,nm10770512
tt10532382,nm9506110
tt10532384,nm10770512
tt10532384,nm9506110
tt10532386,nm10770512
tt10532386,nm9506110
tt10532388,nm10770512
tt10532388,nm9506110
tt10532392,nm10770512
tt10532392,nm9506110
tt10532394,nm10770512
tt10532394,nm9506110
tt10532396,nm10770512
tt10532396,nm9506110
tt10532398,nm10770512
tt10532398,nm9506110
tt10532400,nm10770512
tt10532400,nm9506110
tt10532402,nm10770512
tt10532402,nm9506110
tt10532404,nm10770512
tt10532404,nm9506110
tt10532406,nm10770512
tt10532406,nm9506110
tt10532408,nm10770512
tt10532408,nm9506110
tt10532410,nm10770512
tt10532410,nm9506110
tt10532412,nm10770512
tt10532412,nm9506110
tt10532414,nm10770512
tt10532414,nm9506110
tt10532416,nm10770512
tt10532416,nm9506110
tt10532418,nm10770512
tt10532418,nm9506110
tt10532420,nm10770512
tt10532420,nm9506110
tt10532422,nm10770512
tt10532422,nm9506110
tt10532424,nm10770512
tt10532424,nm9506110
tt10532426,nm10770512
tt10532426,nm9506110
tt10532428,nm10770512
tt10532428,nm9506110
tt10532430,nm10770512
tt10532430,nm9506110
tt10532432,nm10770512
tt10532432,nm9506110
tt10532528,nm0622350
tt10532528,nm1294793
tt10532528,nm1364603
tt10532528,nm4909944
tt10532530,nm0622350
tt10532530,nm1294793
tt10532530,nm1364603
tt10532530,nm4909944
tt10532532,nm0622350
tt10532532,nm1294793
tt10532532,nm1364603
tt10532532,nm4909944
tt10532534,nm0622350
tt10532534,nm1294793
tt10532534,nm1364603
tt10532534,nm4909944
tt10532536,nm0622350
tt10532536,nm1294793
tt10532536,nm1364603
tt10532536,nm4909944
tt10532538,nm0622350
tt10532538,nm1294793
tt10532538,nm1364603
tt10532538,nm4909944
tt10532540,nm0622350
tt10532540,nm1294793
tt10532540,nm1364603
tt10532540,nm4909944
tt10532542,nm0622350
tt10532542,nm1294793
tt10532542,nm1364603
tt10532542,nm4909944
tt10532544,nm0622350
tt10532544,nm1294793
tt10532544,nm1364603
tt10532544,nm4909944
tt10532546,nm0622350
tt10532546,nm1294793
tt10532546,nm1364603
tt10532546,nm4909944
tt10532550,nm0622350
tt10532550,nm1294793
tt10532550,nm1364603
tt10532550,nm4909944
tt10532552,nm0622350
tt10532552,nm1294793
tt10532552,nm1364603
tt10532552,nm4909944
tt10532554,nm0622350
tt10532554,nm1294793
tt10532554,nm1364603
tt10532554,nm4909944
tt10532556,nm0622350
tt10532556,nm1294793
tt10532556,nm1364603
tt10532556,nm4909944
tt10532558,nm0622350
tt10532558,nm1294793
tt10532558,nm1364603
tt10532558,nm4909944
tt10532560,nm0622350
tt10532560,nm1294793
tt10532560,nm1364603
tt10532560,nm4909944
tt10532562,nm0622350
tt10532562,nm1294793
tt10532562,nm1364603
tt10532562,nm4909944
tt10532566,nm0622350
tt10532566,nm1294793
tt10532566,nm1364603
tt10532566,nm4909944
tt10532568,nm0622350
tt10532568,nm1294793
tt10532568,nm1364603
tt10532568,nm4909944
tt10532570,nm0622350
tt10532570,nm1294793
tt10532570,nm1364603
tt10532570,nm4909944
tt10532576,nm0622350
tt10532576,nm1294793
tt10532576,nm1364603
tt10532576,nm4909944
tt10532578,nm0622350
tt10532578,nm1294793
tt10532578,nm1364603
tt10532578,nm4909944
tt10532580,nm0622350
tt10532580,nm1294793
tt10532580,nm1364603
tt10532580,nm4909944
tt10532584,nm0622350
tt10532584,nm1294793
tt10532584,nm1364603
tt10532584,nm4909944
tt10532586,nm0622350
tt10532586,nm1294793
tt10532586,nm1364603
tt10532586,nm4909944
tt10532588,nm0622350
tt10532588,nm1294793
tt10532588,nm1364603
tt10532588,nm4909944
tt10532590,nm0622350
tt10532590,nm1294793
tt10532590,nm1364603
tt10532590,nm4909944
tt10532592,nm0622350
tt10532592,nm1294793
tt10532592,nm1364603
tt10532592,nm4909944
tt10532594,nm0622350
tt10532594,nm1294793
tt10532594,nm1364603
tt10532594,nm4909944
tt10532596,nm0622350
tt10532596,nm1294793
tt10532596,nm1364603
tt10532596,nm4909944
tt10532598,nm0622350
tt10532598,nm1294793
tt10532598,nm1364603
tt10532598,nm4909944
tt10532706,nm1863744
tt10532706,nm1865788
tt10532708,nm1863744
tt10532708,nm1865788
tt10532710,nm1863744
tt10532710,nm1865788
tt10532712,nm1863744
tt10532712,nm1865788
tt10532714,nm1863744
tt10532714,nm1865788
tt10532716,nm1863744
tt10532716,nm1865788
tt10532718,nm1863744
tt10532718,nm1865788
tt10532720,nm1863744
tt10532720,nm1865788
tt10532722,nm7334692
tt10532724,nm1863744
tt10532724,nm1865788
tt10532726,nm1863744
tt10532726,nm1865788
tt10532728,nm1863744
tt10532728,nm1865788
tt10532730,nm1863744
tt10532730,nm1865788
tt10532732,nm1863744
tt10532732,nm1865788
tt10532734,nm1863744
tt10532734,nm1865788
tt10532736,nm1863744
tt10532736,nm1865788
tt10532738,nm1863744
tt10532738,nm1865788
tt10532740,nm1863744
tt10532740,nm1865788
tt10532742,nm1863744
tt10532742,nm1865788
tt10532884,nm7334692
tt10532904,nm1590021
tt10532912,nm1590021
tt10532914,nm1590021
tt10532916,nm1590021
tt10532918,nm1590021
tt10532920,nm1590021
tt10532922,nm1590021
tt10532926,nm1590021
tt10532928,nm1590021
tt10532930,nm1590021
tt10532932,nm1590021
tt10532934,nm1590021
tt10532936,nm1590021
tt10532938,nm1590021
tt10532940,nm1590021
tt10532942,nm1590021
tt10532944,nm1590021
tt10532946,nm1590021
tt10532948,nm1590021
tt10532950,nm1590021
tt10532952,nm1590021
tt10533038,nm10788053
tt10533142,nm10788067
tt10533152,nm1863744
tt10533152,nm1865788
tt10533156,nm10788090
tt10533184,nm0335107
tt10533184,nm2698491
tt10533186,nm0335107
tt10533186,nm2698491
tt10533190,nm0335107
tt10533190,nm2698491
tt10533192,nm10788090
tt10533200,nm10788090
tt10533206,nm10788090
tt10533210,nm10788090
tt10533212,nm10788090
tt10533216,nm10788090
tt10533220,nm10788090
tt10533228,nm10788090
tt10533378,nm4283867
tt10533420,nm10726392
tt10533478,nm10788201
tt10533484,nm10482790
tt10533488,nm4142119
tt10533504,nm1760778
tt10533506,nm4142119
tt10533560,nm10788309
tt10533564,nm10774942
tt10533620,nm0417920
tt10533636,nm4087886
tt10533668,nm4142119
tt10533682,nm4142119
tt10533694,nm10788486
tt10533710,nm5414744
tt10533714,nm10788499
tt10533714,nm10788500
tt10533714,nm10788501
tt10533714,nm10788502
tt10533714,nm5237326
tt10533714,nm5629768
tt10533714,nm7464538
tt10533718,nm10788504
tt10533744,nm10788528
tt10533744,nm4142119
tt10533766,nm3168642
tt10533794,nm10788540
tt10533800,nm6000940
tt10533840,nm5226545
tt10533844,nm4980329
tt10533864,nm10788648
tt10533880,nm1252635
tt10533912,nm10788687
tt10533932,nm7460494
tt10533938,nm2300053
tt10533956,nm10473592
tt10534026,nm10473592
tt10534040,nm10788846
tt10534040,nm5161687
tt10534052,nm10788858
tt10534052,nm8680958
tt10534100,nm5111699
tt10534258,nm8507463
tt10534262,nm8507463
tt10534274,nm8507463
tt10534300,nm8955982
tt10534344,nm8955982
tt10534360,nm8955982
tt10534374,nm5507574
tt10534388,nm8955982
tt10534392,nm1757129
tt10534392,nm2453788
tt10534444,nm3552845
tt10534456,nm0456525
tt10534458,nm6506161
tt10534460,nm5507574
tt10534468,nm5944398
tt10534470,nm10789090
tt10534474,nm5500014
tt10534502,nm8745947
tt10534508,nm9740861
tt10534512,nm1086000
tt10534518,nm4965432
tt10534546,nm10315814
tt10534600,nm8173339
tt10534652,nm6379851
tt10534678,nm4738366
tt10534678,nm6696138
tt10534698,nm4738366
tt10534698,nm6696138
tt10534724,nm9740861
tt10534740,nm9740861
tt10534772,nm9740861
tt10534800,nm9740861
tt10534832,nm6104372
tt10534838,nm10316609
tt10534838,nm5927288
tt10534838,nm6794402
tt10534840,nm10789521
tt10534854,nm4738366
tt10534854,nm6696138
tt10534856,nm4738366
tt10534856,nm6696138
tt10534858,nm4738366
tt10534858,nm6696138
tt10534870,nm4738366
tt10534870,nm6696138
tt10534902,nm1650378
tt10534914,nm4738366
tt10534914,nm6696138
tt10534920,nm4738366
tt10534920,nm6696138
tt10534948,nm1115471
tt10534974,nm1487983
tt10534974,nm1490982
tt10534976,nm3724598
tt10535028,nm6465439
tt10535034,nm6465439
tt10535040,nm10789668
tt10535044,nm8207775
tt10535052,nm6465439
tt10535060,nm6465439
tt10535074,nm6465439
tt10535112,nm4738366
tt10535112,nm6696138
tt10535128,nm4738366
tt10535128,nm6696138
tt10535140,nm6168855
tt10535144,nm4738366
tt10535144,nm6696138
tt10535176,nm9878780
tt10535246,nm10789815
tt10535278,nm10789883
tt10535466,nm1479268
tt10535466,nm2280395
tt10535474,nm6465439
tt10535490,nm6465439
tt10535524,nm6465439
tt10535526,nm6374393
tt10535530,nm6374393
tt10535560,nm6465439
tt10535570,nm6374393
tt10535572,nm9244729
tt10535582,nm6465439
tt10535604,nm6465439
tt10535670,nm6465439
tt10536038,nm1590021
tt10536040,nm1590021
tt10536042,nm1590021
tt10536044,nm1590021
tt10536046,nm1590021
tt10536048,nm1590021
tt10536054,nm1590021
tt10536056,nm1590021
tt10536058,nm1590021
tt10536060,nm1590021
tt10536062,nm1590021
tt10536064,nm1590021
tt10536068,nm1590021
tt10536070,nm1590021
tt10536072,nm1590021
tt10536074,nm1590021
tt10536076,nm1590021
tt10536080,nm1590021
tt10536084,nm1590021
tt10536086,nm1590021
tt10536136,nm0042745
tt10536202,nm10781041
tt10536384,nm8332589
tt10536396,nm0622350
tt10536396,nm1294793
tt10536396,nm1364603
tt10536396,nm4909944
tt10536400,nm0622350
tt10536400,nm1294793
tt10536400,nm1364603
tt10536400,nm4909944
tt10536402,nm0622350
tt10536402,nm1294793
tt10536402,nm1364603
tt10536402,nm4909944
tt10536404,nm0622350
tt10536404,nm1294793
tt10536404,nm1364603
tt10536404,nm4909944
tt10536408,nm0622350
tt10536408,nm1294793
tt10536408,nm1364603
tt10536408,nm4909944
tt10536410,nm0622350
tt10536410,nm1294793
tt10536410,nm1364603
tt10536410,nm4909944
tt10536414,nm0622350
tt10536414,nm1294793
tt10536414,nm1364603
tt10536414,nm4909944
tt10536416,nm0622350
tt10536416,nm1294793
tt10536416,nm1364603
tt10536416,nm4909944
tt10536418,nm0622350
tt10536418,nm1294793
tt10536418,nm1364603
tt10536418,nm4909944
tt10536420,nm0622350
tt10536420,nm1294793
tt10536420,nm1364603
tt10536420,nm4909944
tt10536422,nm0622350
tt10536422,nm1294793
tt10536422,nm1364603
tt10536422,nm4909944
tt10536428,nm0622350
tt10536428,nm1294793
tt10536428,nm1364603
tt10536428,nm4909944
tt10536430,nm0622350
tt10536430,nm1294793
tt10536430,nm1364603
tt10536430,nm4909944
tt10536432,nm0622350
tt10536432,nm1294793
tt10536432,nm1364603
tt10536432,nm4909944
tt10536434,nm0622350
tt10536434,nm1294793
tt10536434,nm1364603
tt10536434,nm4909944
tt10536436,nm0622350
tt10536436,nm1294793
tt10536436,nm1364603
tt10536436,nm4909944
tt10536440,nm0622350
tt10536440,nm1294793
tt10536440,nm1364603
tt10536440,nm4909944
tt10536442,nm0622350
tt10536442,nm1294793
tt10536442,nm1364603
tt10536442,nm4909944
tt10536444,nm0622350
tt10536444,nm1294793
tt10536444,nm1364603
tt10536444,nm4909944
tt10536446,nm0622350
tt10536446,nm1294793
tt10536446,nm1364603
tt10536446,nm4909944
tt10536564,nm10770512
tt10536564,nm9506110
tt10536566,nm10770512
tt10536566,nm9506110
tt10536568,nm10770512
tt10536568,nm9506110
tt10536574,nm10770512
tt10536574,nm9506110
tt10536576,nm10770512
tt10536576,nm9506110
tt10536580,nm10770512
tt10536580,nm9506110
tt10536584,nm10770512
tt10536584,nm9506110
tt10536586,nm10770512
tt10536586,nm9506110
tt10536588,nm10770512
tt10536588,nm9506110
tt10536594,nm10770512
tt10536594,nm9506110
tt10536596,nm10770512
tt10536596,nm9506110
tt10536598,nm10770512
tt10536598,nm9506110
tt10536604,nm10770512
tt10536604,nm9506110
tt10536606,nm10770512
tt10536606,nm9506110
tt10536608,nm10770512
tt10536608,nm9506110
tt10536612,nm10770512
tt10536612,nm9506110
tt10536614,nm10770512
tt10536614,nm9506110
tt10536618,nm10770512
tt10536618,nm9506110
tt10536620,nm10770512
tt10536620,nm9506110
tt10536622,nm10770512
tt10536622,nm9506110
tt10536624,nm10770512
tt10536624,nm9506110
tt10536626,nm10770512
tt10536626,nm9506110
tt10536630,nm10770512
tt10536630,nm9506110
tt10536632,nm10770512
tt10536632,nm9506110
tt10536634,nm10770512
tt10536634,nm9506110
tt10536636,nm10770512
tt10536636,nm9506110
tt10536640,nm10770512
tt10536640,nm9506110
tt10536654,nm10770512
tt10536654,nm9506110
tt10536656,nm3513211
tt10536658,nm10770512
tt10536658,nm9506110
tt10536660,nm10770512
tt10536660,nm9506110
tt10536662,nm10770512
tt10536662,nm9506110
tt10536664,nm10770512
tt10536664,nm9506110
tt10536666,nm10770512
tt10536666,nm9506110
tt10536670,nm10770512
tt10536670,nm9506110
tt10536674,nm10770512
tt10536674,nm9506110
tt10536676,nm10770512
tt10536676,nm9506110
tt10536678,nm10770512
tt10536678,nm9506110
tt10536682,nm10770512
tt10536682,nm9506110
tt10536684,nm10770512
tt10536684,nm9506110
tt10536686,nm10770512
tt10536686,nm9506110
tt10536688,nm10770512
tt10536688,nm9506110
tt10536690,nm10770512
tt10536690,nm9506110
tt10536692,nm10770512
tt10536692,nm9506110
tt10536694,nm10770512
tt10536694,nm9506110
tt10536698,nm10770512
tt10536698,nm9506110
tt10536700,nm10770512
tt10536700,nm9506110
tt10536702,nm10770512
tt10536702,nm9506110
tt10537020,nm3563218
tt10537144,nm10790312
tt10537220,nm0590108
tt10537220,nm3410243
tt10537296,nm6010663
tt10537372,nm7934217
tt10537374,nm10790312
tt10537378,nm9196886
tt10537404,nm6010663
tt10537452,nm1449937
tt10537508,nm0590108
tt10537520,nm3991604
tt10537546,nm9495117
tt10537552,nm9495117
tt10537558,nm9495117
tt10537580,nm9495117
tt10537582,nm9495117
tt10537592,nm9495117
tt10537596,nm9495117
tt10537614,nm9495117
tt10537622,nm9495117
tt10537628,nm9495117
tt10537634,nm10790430
tt10537638,nm9495117
tt10537646,nm9495117
tt10537892,nm2788669
tt10537892,nm3131807
tt10537894,nm2788669
tt10537894,nm3131807
tt10537896,nm2788669
tt10537896,nm3131807
tt10537900,nm2788669
tt10537900,nm3131807
tt10537902,nm2788669
tt10537902,nm3131807
tt10537904,nm2788669
tt10537904,nm3131807
tt10537906,nm2788669
tt10537906,nm3131807
tt10537910,nm2788669
tt10537910,nm3131807
tt10537916,nm2788669
tt10537916,nm3131807
tt10537918,nm2788669
tt10537918,nm3131807
tt10537922,nm2788669
tt10537922,nm3131807
tt10537924,nm2788669
tt10537924,nm3131807
tt10537926,nm2788669
tt10537926,nm3131807
tt10537928,nm2788669
tt10537928,nm3131807
tt10537930,nm2788669
tt10537930,nm3131807
tt10537932,nm2788669
tt10537932,nm3131807
tt10537934,nm2788669
tt10537934,nm3131807
tt10537936,nm2788669
tt10537936,nm3131807
tt10537938,nm2788669
tt10537938,nm3131807
tt10537940,nm2788669
tt10537940,nm3131807
tt10537942,nm2788669
tt10537942,nm3131807
tt10537946,nm2788669
tt10537946,nm3131807
tt10537950,nm2788669
tt10537950,nm3131807
tt10537952,nm2788669
tt10537952,nm3131807
tt10537954,nm2788669
tt10537954,nm3131807
tt10537956,nm2788669
tt10537956,nm3131807
tt10537958,nm2788669
tt10537958,nm3131807
tt10537960,nm2788669
tt10537960,nm3131807
tt10537962,nm2788669
tt10537962,nm3131807
tt10537964,nm2788669
tt10537964,nm3131807
tt10537970,nm2788669
tt10537970,nm3131807
tt10537972,nm2788669
tt10537972,nm3131807
tt10537976,nm2788669
tt10537976,nm3131807
tt10537980,nm2788669
tt10537980,nm3131807
tt10537982,nm2788669
tt10537982,nm3131807
tt10537984,nm2788669
tt10537984,nm3131807
tt10537988,nm2788669
tt10537988,nm3131807
tt10537990,nm2788669
tt10537990,nm3131807
tt10537996,nm2788669
tt10537996,nm3131807
tt10537998,nm2788669
tt10537998,nm3131807
tt10538100,nm7784402
tt10538200,nm10676617
tt10538382,nm0590108
tt10538382,nm3410243
tt10538402,nm5669454
tt10538422,nm5669454
tt10538430,nm0590108
tt10538430,nm3410243
tt10538464,nm5507574
tt10538508,nm10790618
tt10538528,nm3410243
tt10538592,nm0664947
tt10538652,nm1665999
tt10538682,nm5658642
tt10538772,nm8685442
tt10538782,nm4416875
tt10538782,nm6498350
tt10538790,nm8338335
tt10538800,nm3938414
tt10538816,nm10790909
tt10538848,nm8338335
tt10538862,nm3080878
tt10538910,nm6374393
tt10538914,nm6374393
tt10538918,nm6374393
tt10538920,nm6435397
tt10538922,nm6374393
tt10538928,nm6374393
tt10538962,nm10787984
tt10538976,nm8770548
tt10538984,nm0550446
tt10538988,nm0550446
tt10538992,nm0550446
tt10539004,nm0550446
tt10539006,nm0550446
tt10539012,nm0550446
tt10539102,nm1686102
tt10539116,nm8338335
tt10539118,nm9332651
tt10539120,nm3963959
tt10539126,nm5507574
tt10539140,nm1986106
tt10539140,nm2596327
tt10539140,nm2875542
tt10539140,nm3213752
tt10539140,nm3839535
tt10539140,nm3878778
tt10539140,nm4475089
tt10539140,nm5539464
tt10539140,nm5876478
tt10539140,nm6094787
tt10539140,nm6980332
tt10539140,nm7381824
tt10539140,nm9036604
tt10539140,nm9055382
tt10539140,nm9055385
tt10539142,nm5507574
tt10539148,nm10596073
tt10539150,nm10548042
tt10539154,nm5507574
tt10539202,nm10704631
tt10539206,nm5507574
tt10539216,nm5507574
tt10539228,nm5507574
tt10539234,nm10791251
tt10539236,nm5507574
tt10539244,nm10791274
tt10539252,nm5507574
tt10539254,nm9800198
tt10539258,nm6536280
tt10539260,nm0591870
tt10539264,nm5507574
tt10539276,nm5507574
tt10539300,nm5507574
tt10539302,nm1639194
tt10539320,nm5507574
tt10539328,nm10374390
tt10539328,nm6168641
tt10539328,nm6168642
tt10539334,nm6259359
tt10539338,nm5507574
tt10539350,nm5507574
tt10539370,nm5507574
tt10539394,nm5507574
tt10539402,nm7019979
tt10539414,nm10791345
tt10539416,nm5507574
tt10539436,nm3904116
tt10539436,nm7362828
tt10539438,nm5507574
tt10539456,nm5507574
tt10539466,nm0550446
tt10539476,nm5507574
tt10539488,nm4475089
tt10539494,nm5507574
tt10539504,nm5507574
tt10539520,nm1506062
tt10539568,nm0415409
tt10539568,nm0768434
tt10539572,nm10791464
tt10539576,nm10606020
tt10539576,nm10611241
tt10539738,nm10606020
tt10539838,nm2589122
tt10539854,nm6606848
tt10539906,nm10791620
tt10539946,nm9134298
tt10539952,nm10791647
tt10539960,nm10789420
tt10540022,nm8810489
tt10540134,nm9125542
tt10540136,nm0721351
tt10540148,nm8955982
tt10540162,nm5382976
tt10540166,nm8955982
tt10540178,nm8955982
tt10540200,nm10791969
tt10540208,nm8955982
tt10540222,nm8955982
tt10540232,nm4158442
tt10540238,nm10792004
tt10540260,nm8955982
tt10540270,nm8955982
tt10540272,nm10792004
tt10540298,nm6490437
tt10540312,nm10792089
tt10540312,nm10792090
tt10540312,nm9623696
tt10540314,nm10752448
tt10540324,nm9623696
tt10540326,nm9892771
tt10540392,nm9574569
tt10540440,nm7758927
tt10540472,nm10175611
tt10540486,nm6465439
tt10540496,nm6465439
tt10540502,nm5932485
tt10540544,nm10792443
tt10540688,nm9811479
tt10540692,nm2589122
tt10540744,nm10792553
tt10540744,nm7984984
tt10540744,nm8675317
tt10540756,nm2589122
tt10540782,nm10792558
tt10540854,nm4991904
tt10540860,nm1088944
tt10540860,nm5404075
tt10540866,nm10430430
tt10540872,nm1088944
tt10540872,nm5404075
tt10540874,nm1088944
tt10540874,nm5404075
tt10540880,nm1088944
tt10540880,nm5404075
tt10540884,nm1088944
tt10540884,nm5404075
tt10540888,nm1088944
tt10540888,nm5404075
tt10540906,nm5482023
tt10540906,nm9671189
tt10540910,nm5482023
tt10540910,nm9671189
tt10540914,nm5482023
tt10540914,nm9671189
tt10540918,nm5482023
tt10540918,nm9671189
tt10540920,nm5482023
tt10540920,nm9671189
tt10540922,nm5482023
tt10540922,nm9671189
tt10540926,nm5482023
tt10540926,nm9671189
tt10540928,nm5482023
tt10540928,nm9671189
tt10540934,nm5482023
tt10540934,nm9671189
tt10540938,nm5482023
tt10540938,nm9671189
tt10540942,nm5482023
tt10540942,nm9671189
tt10540946,nm5482023
tt10540946,nm9671189
tt10540948,nm5482023
tt10540948,nm9671189
tt10540956,nm5482023
tt10540956,nm9671189
tt10540960,nm5482023
tt10540960,nm9671189
tt10540962,nm5482023
tt10540962,nm9671189
tt10540966,nm5482023
tt10540966,nm9671189
tt10540968,nm5482023
tt10540968,nm9671189
tt10540970,nm1760741
tt10540970,nm9552273
tt10540972,nm1760741
tt10540972,nm9552273
tt10540974,nm1760741
tt10540974,nm9552273
tt10540978,nm1760741
tt10540978,nm9552273
tt10540984,nm1760741
tt10540984,nm9552273
tt10541030,nm5936758
tt10541034,nm6334935
tt10541062,nm2539256
tt10541096,nm10792633
tt10541102,nm10792635
tt10541102,nm10792639
tt10541202,nm3410243
tt10541328,nm10792661
tt10541346,nm2788669
tt10541346,nm3131807
tt10541348,nm3410243
tt10541350,nm2788669
tt10541350,nm3131807
tt10541354,nm2788669
tt10541354,nm3131807
tt10541360,nm2788669
tt10541360,nm3131807
tt10541362,nm2788669
tt10541362,nm3131807
tt10541364,nm2788669
tt10541364,nm3131807
tt10541366,nm2788669
tt10541366,nm3131807
tt10541368,nm2788669
tt10541368,nm3131807
tt10541372,nm2788669
tt10541372,nm3131807
tt10541374,nm2788669
tt10541374,nm3131807
tt10541376,nm2788669
tt10541376,nm3131807
tt10541378,nm2788669
tt10541378,nm3131807
tt10541382,nm2788669
tt10541382,nm3131807
tt10541384,nm2788669
tt10541384,nm3131807
tt10541386,nm2788669
tt10541386,nm3131807
tt10541390,nm2788669
tt10541390,nm3131807
tt10541392,nm2788669
tt10541392,nm3131807
tt10541394,nm2788669
tt10541394,nm3131807
tt10541396,nm2788669
tt10541396,nm3131807
tt10541398,nm2788669
tt10541398,nm3131807
tt10541408,nm2788669
tt10541408,nm3131807
tt10541416,nm2788669
tt10541416,nm3131807
tt10541418,nm2788669
tt10541418,nm3131807
tt10541422,nm2788669
tt10541422,nm3131807
tt10541424,nm2788669
tt10541424,nm3131807
tt10541426,nm2788669
tt10541426,nm3131807
tt10541428,nm2788669
tt10541428,nm3131807
tt10541430,nm2788669
tt10541430,nm3131807
tt10541432,nm2788669
tt10541432,nm3131807
tt10541436,nm2788669
tt10541436,nm3131807
tt10541438,nm2788669
tt10541438,nm3131807
tt10541440,nm2788669
tt10541440,nm3131807
tt10541442,nm2788669
tt10541442,nm3131807
tt10541444,nm2788669
tt10541444,nm3131807
tt10541448,nm2788669
tt10541448,nm3131807
tt10541450,nm2788669
tt10541450,nm3131807
tt10541452,nm2788669
tt10541452,nm3131807
tt10541454,nm2788669
tt10541454,nm3131807
tt10541456,nm2788669
tt10541456,nm3131807
tt10541458,nm2788669
tt10541458,nm3131807
tt10541556,nm1008111
tt10541926,nm0187546
tt10542086,nm2539256
tt10542208,nm10792881
tt10542350,nm9811479
tt10542396,nm10770512
tt10542396,nm9506110
tt10542400,nm10770512
tt10542400,nm9506110
tt10542402,nm10770512
tt10542402,nm9506110
tt10542404,nm10770512
tt10542404,nm9506110
tt10542406,nm10770512
tt10542406,nm9506110
tt10542408,nm10770512
tt10542408,nm9506110
tt10542410,nm10770512
tt10542410,nm9506110
tt10542414,nm10770512
tt10542414,nm9506110
tt10542416,nm10770512
tt10542416,nm9506110
tt10542418,nm10770512
tt10542418,nm9506110
tt10542422,nm10770512
tt10542422,nm9506110
tt10542424,nm10792908
tt10542426,nm10770512
tt10542426,nm9506110
tt10542428,nm10770512
tt10542428,nm9506110
tt10542430,nm10770512
tt10542430,nm9506110
tt10542432,nm10770512
tt10542432,nm9506110
tt10542434,nm10770512
tt10542434,nm9506110
tt10542438,nm10770512
tt10542438,nm9506110
tt10542440,nm10792925
tt10542442,nm10770512
tt10542442,nm9506110
tt10542446,nm10770512
tt10542446,nm9506110
tt10542452,nm10770512
tt10542452,nm9506110
tt10542512,nm10792938
tt10542516,nm10792938
tt10542560,nm10555985
tt10542686,nm1937506
tt10542730,nm10793018
tt10542774,nm1590021
tt10542776,nm1590021
tt10542778,nm1590021
tt10542780,nm1590021
tt10542782,nm1590021
tt10542784,nm1590021
tt10542786,nm1590021
tt10542788,nm1590021
tt10542790,nm1590021
tt10542792,nm1590021
tt10542794,nm1590021
tt10542796,nm1590021
tt10542798,nm1590021
tt10542802,nm1590021
tt10542804,nm1590021
tt10542806,nm1590021
tt10542808,nm1590021
tt10542810,nm1590021
tt10542812,nm1590021
tt10542814,nm1590021
tt10542886,nm4771654
tt10543168,nm1936500
tt10543376,nm0474848
tt10543380,nm0474848
tt10543382,nm0474848
tt10543384,nm0474848
tt10543386,nm0474848
tt10543388,nm0474848
tt10543390,nm0474848
tt10543392,nm0474848
tt10543394,nm0474848
tt10543396,nm0474848
tt10543398,nm0474848
tt10543400,nm0474848
tt10543404,nm0474848
tt10543406,nm0474848
tt10543408,nm0474848
tt10543410,nm0474848
tt10543412,nm0474848
tt10543414,nm0474848
tt10543416,nm0474848
tt10543418,nm0474848
tt10543420,nm0474848
tt10543422,nm0474848
tt10543424,nm0474848
tt10543426,nm0474848
tt10543428,nm0474848
tt10543430,nm0474848
tt10543432,nm0474848
tt10543434,nm0474848
tt10543436,nm0474848
tt10543440,nm0474848
tt10543442,nm0474848
tt10543444,nm0474848
tt10543446,nm0474848
tt10543448,nm0474848
tt10543450,nm0474848
tt10543452,nm0474848
tt10543454,nm0474848
tt10543456,nm0474848
tt10543460,nm0474848
tt10543462,nm0474848
tt10543466,nm0474848
tt10543472,nm0474848
tt10543474,nm0474848
tt10543476,nm0474848
tt10543478,nm0474848
tt10543480,nm0474848
tt10543482,nm0474848
tt10543484,nm0474848
tt10543486,nm0474848
tt10543488,nm0474848
tt10543490,nm0474848
tt10543492,nm0474848
tt10543494,nm0474848
tt10543498,nm0474848
tt10543502,nm0474848
tt10543504,nm0474848
tt10543506,nm0474848
tt10543510,nm0474848
tt10543512,nm0474848
tt10543514,nm0474848
tt10543516,nm0474848
tt10543518,nm0474848
tt10543520,nm0474848
tt10543522,nm0474848
tt10543526,nm0474848
tt10543528,nm0474848
tt10543532,nm0474848
tt10543534,nm0474848
tt10543536,nm0474848
tt10543538,nm0474848
tt10543540,nm0474848
tt10543542,nm0474848
tt10543546,nm0474848
tt10543548,nm0474848
tt10543550,nm0474848
tt10543552,nm0474848
tt10543554,nm0474848
tt10543556,nm0474848
tt10543558,nm0474848
tt10543560,nm0474848
tt10543564,nm0474848
tt10543568,nm0474848
tt10543570,nm0474848
tt10543574,nm0474848
tt10543578,nm0474848
tt10543582,nm0474848
tt10543584,nm0474848
tt10543586,nm0474848
tt10543588,nm0474848
tt10543592,nm0474848
tt10543594,nm0474848
tt10543596,nm0474848
tt10543598,nm0474848
tt10543600,nm0474848
tt10543602,nm0474848
tt10543604,nm0474848
tt10543616,nm0474848
tt10543646,nm7918497
tt10543648,nm1180915
tt10543648,nm2849107
tt10543648,nm4282022
tt10543648,nm7260861
tt10543744,nm8469296
tt10543746,nm10793178
tt10543752,nm10793185
tt10543754,nm10793187
tt10543756,nm7229423
tt10543764,nm10793202
tt10543766,nm5301527
tt10543768,nm10793218
tt10543770,nm3586047
tt10543782,nm10793230
tt10543810,nm1650378
tt10543892,nm5425366
tt10543948,nm10793299
tt10543954,nm10793322
tt10543978,nm0843849
tt10543982,nm0843849
tt10543984,nm1189312
tt10544002,nm10793374
tt10544002,nm10793375
tt10544040,nm1962707
tt10544078,nm9904108
tt10544082,nm10611241
tt10544110,nm1263747
tt10544148,nm7918497
tt10544158,nm0460176
tt10544160,nm7918497
tt10544164,nm8841398
tt10544168,nm8841398
tt10544218,nm7918497
tt10544236,nm10793545
tt10544240,nm7918497
tt10544246,nm6612306
tt10544406,nm10176539
tt10544420,nm1577510
tt10544454,nm5545061
tt10544516,nm9096332
tt10544554,nm8012900
tt10544582,nm4364192
tt10544584,nm1937506
tt10544696,nm7692088
tt10544904,nm6481492
tt10544906,nm0840760
tt10544910,nm0183659
tt10544918,nm7960857
tt10544926,nm0183659
tt10544942,nm4039356
tt10545020,nm3388865
tt10545020,nm4820974
tt10545022,nm3388865
tt10545024,nm3388865
tt10545030,nm3388865
tt10545060,nm8810489
tt10545068,nm2610394
tt10545086,nm0596636
tt10545132,nm7918497
tt10545134,nm7918497
tt10545140,nm7918497
tt10545144,nm7918497
tt10545146,nm10794331
tt10545146,nm10794332
tt10545148,nm7918497
tt10545156,nm7918497
tt10545158,nm8810489
tt10545160,nm7918497
tt10545166,nm10428478
tt10545168,nm7918497
tt10545202,nm10158695
tt10545212,nm2085163
tt10545222,nm6619881
tt10545228,nm6303080
tt10545246,nm6303080
tt10545252,nm6495540
tt10545268,nm4514073
tt10545268,nm6303080
tt10545300,nm6619881
tt10545304,nm6303080
tt10545304,nm7168039
tt10545326,nm4883248
tt10545332,nm6619881
tt10545384,nm1935079
tt10545388,nm2354796
tt10545446,nm10794574
tt10545476,nm1044682
tt10545478,nm10794424
tt10545560,nm4388293
tt10545608,nm6182645
tt10545620,nm7064276
tt10545748,nm2354796
tt10545822,nm4432546
tt10545884,nm1621250
tt10545932,nm10771881
tt10545944,nm7489398
tt10545952,nm10771867
tt10545964,nm10792654
tt10545972,nm10771858
tt10545978,nm4738366
tt10545978,nm6696138
tt10545980,nm10771816
tt10545986,nm10771816
tt10546006,nm4738366
tt10546006,nm6696138
tt10546016,nm4738366
tt10546016,nm6696138
tt10546020,nm10771804
tt10546038,nm10771788
tt10546130,nm1621250
tt10546234,nm10795177
tt10546360,nm0474848
tt10546362,nm0474848
tt10546364,nm0474848
tt10546366,nm0474848
tt10546368,nm0474848
tt10546370,nm0474848
tt10546372,nm0474848
tt10546374,nm0474848
tt10546376,nm0474848
tt10546378,nm0474848
tt10546380,nm0474848
tt10546382,nm0474848
tt10546384,nm0474848
tt10546386,nm0474848
tt10546388,nm0474848
tt10546390,nm0474848
tt10546392,nm0474848
tt10546400,nm4738366
tt10546400,nm6696138
tt10546402,nm0474848
tt10546404,nm0474848
tt10546406,nm0474848
tt10546408,nm0474848
tt10546410,nm0474848
tt10546414,nm0474848
tt10546416,nm0474848
tt10546418,nm0474848
tt10546422,nm0474848
tt10546424,nm0474848
tt10546426,nm0474848
tt10546428,nm0474848
tt10546430,nm0474848
tt10546432,nm0474848
tt10546434,nm0474848
tt10546436,nm0474848
tt10546438,nm0474848
tt10546440,nm0474848
tt10546442,nm0474848
tt10546446,nm0474848
tt10546448,nm0474848
tt10546450,nm4738366
tt10546450,nm6696138
tt10546452,nm0474848
tt10546454,nm0474848
tt10546458,nm0474848
tt10546460,nm0474848
tt10546462,nm0474848
tt10546464,nm0474848
tt10546466,nm0474848
tt10546468,nm0474848
tt10546470,nm0474848
tt10546474,nm0474848
tt10546476,nm0474848
tt10546478,nm0474848
tt10546480,nm0474848
tt10546482,nm0474848
tt10546486,nm0474848
tt10546488,nm0474848
tt10546490,nm0474848
tt10546492,nm0474848
tt10546494,nm0474848
tt10546496,nm4738366
tt10546496,nm6696138
tt10546498,nm0474848
tt10546502,nm0474848
tt10546504,nm0474848
tt10546506,nm0474848
tt10546508,nm0474848
tt10546510,nm0474848
tt10546516,nm0474848
tt10546518,nm0474848
tt10546520,nm0474848
tt10546522,nm0474848
tt10546526,nm0474848
tt10546528,nm10735710
tt10546528,nm10795247
tt10546534,nm0474848
tt10546536,nm0474848
tt10546538,nm0474848
tt10546540,nm0474848
tt10546542,nm0474848
tt10546544,nm0474848
tt10546546,nm0474848
tt10546550,nm0474848
tt10546552,nm0474848
tt10546564,nm4857084
tt10546702,nm4857084
tt10546802,nm9764924
tt10546922,nm1590021
tt10546924,nm1590021
tt10546926,nm1590021
tt10546928,nm1590021
tt10546930,nm1590021
tt10546934,nm1590021
tt10546938,nm1590021
tt10546940,nm1590021
tt10546944,nm1590021
tt10546946,nm4738366
tt10546946,nm6696138
tt10546956,nm1590021
tt10546958,nm1590021
tt10546968,nm1590021
tt10546972,nm10337745
tt10546974,nm1590021
tt10546976,nm1590021
tt10546978,nm1590021
tt10546982,nm1590021
tt10546984,nm1590021
tt10546986,nm1590021
tt10546988,nm1590021
tt10547022,nm10795377
tt10547124,nm1066081
tt10547124,nm7195251
tt10547194,nm10770512
tt10547194,nm9506110
tt10547196,nm10770512
tt10547196,nm9506110
tt10547198,nm10770512
tt10547198,nm9506110
tt10547200,nm10770512
tt10547200,nm9506110
tt10547202,nm10770512
tt10547202,nm9506110
tt10547204,nm10770512
tt10547204,nm9506110
tt10547206,nm10770512
tt10547206,nm9506110
tt10547208,nm10770512
tt10547208,nm9506110
tt10547210,nm10770512
tt10547210,nm9506110
tt10547212,nm10770512
tt10547212,nm9506110
tt10547214,nm10770512
tt10547214,nm9506110
tt10547216,nm10770512
tt10547216,nm9506110
tt10547218,nm10770512
tt10547218,nm9506110
tt10547220,nm10770512
tt10547220,nm9506110
tt10547222,nm10770512
tt10547222,nm9506110
tt10547224,nm10770512
tt10547224,nm9506110
tt10547226,nm10770512
tt10547226,nm9506110
tt10547228,nm10770512
tt10547228,nm9506110
tt10547230,nm10770512
tt10547230,nm9506110
tt10547232,nm10770512
tt10547232,nm9506110
tt10547264,nm3513211
tt10547300,nm10795408
tt10547356,nm0891919
tt10547356,nm2575667
tt10547420,nm0891919
tt10547420,nm2575667
tt10547506,nm0891919
tt10547506,nm2575667
tt10547510,nm0891919
tt10547510,nm2575667
tt10547522,nm0891919
tt10547522,nm2575667
tt10547558,nm1937506
tt10547560,nm0891919
tt10547560,nm2575667
tt10547642,nm10795487
tt10547830,nm10795487
tt10547984,nm2788669
tt10547984,nm3131807
tt10547986,nm2788669
tt10547986,nm3131807
tt10547988,nm2788669
tt10547988,nm3131807
tt10547990,nm2788669
tt10547990,nm3131807
tt10547994,nm2788669
tt10547994,nm3131807
tt10547996,nm2788669
tt10547996,nm3131807
tt10547998,nm2788669
tt10547998,nm3131807
tt10548000,nm2788669
tt10548000,nm3131807
tt10548002,nm2788669
tt10548002,nm3131807
tt10548004,nm2788669
tt10548004,nm3131807
tt10548006,nm2788669
tt10548006,nm3131807
tt10548010,nm2788669
tt10548010,nm3131807
tt10548012,nm2788669
tt10548012,nm3131807
tt10548016,nm2788669
tt10548016,nm3131807
tt10548020,nm2788669
tt10548020,nm3131807
tt10548024,nm2788669
tt10548024,nm3131807
tt10548026,nm2788669
tt10548026,nm3131807
tt10548028,nm10795605
tt10548032,nm2788669
tt10548032,nm3131807
tt10548034,nm2788669
tt10548034,nm3131807
tt10548050,nm2788669
tt10548050,nm3131807
tt10548052,nm10795487
tt10548054,nm2788669
tt10548054,nm3131807
tt10548056,nm2788669
tt10548056,nm3131807
tt10548058,nm2788669
tt10548058,nm3131807
tt10548060,nm2788669
tt10548060,nm3131807
tt10548062,nm2788669
tt10548062,nm3131807
tt10548066,nm2788669
tt10548066,nm3131807
tt10548068,nm2788669
tt10548068,nm3131807
tt10548072,nm2788669
tt10548072,nm3131807
tt10548074,nm2788669
tt10548074,nm3131807
tt10548076,nm2788669
tt10548076,nm3131807
tt10548078,nm2788669
tt10548078,nm3131807
tt10548080,nm2788669
tt10548080,nm3131807
tt10548082,nm2788669
tt10548082,nm3131807
tt10548084,nm2788669
tt10548084,nm3131807
tt10548086,nm2788669
tt10548086,nm3131807
tt10548088,nm2788669
tt10548088,nm3131807
tt10548090,nm2788669
tt10548090,nm3131807
tt10548092,nm2788669
tt10548092,nm3131807
tt10548094,nm2788669
tt10548094,nm3131807
tt10548096,nm2788669
tt10548096,nm3131807
tt10548098,nm2788669
tt10548098,nm3131807
tt10548102,nm2788669
tt10548102,nm3131807
tt10548104,nm2788669
tt10548104,nm3131807
tt10548106,nm2788669
tt10548106,nm3131807
tt10548108,nm2788669
tt10548108,nm3131807
tt10548110,nm2788669
tt10548110,nm3131807
tt10548112,nm2788669
tt10548112,nm3131807
tt10548114,nm2788669
tt10548114,nm3131807
tt10548116,nm2788669
tt10548116,nm3131807
tt10548118,nm2788669
tt10548118,nm3131807
tt10548120,nm2788669
tt10548120,nm3131807
tt10548122,nm2788669
tt10548122,nm3131807
tt10548124,nm2788669
tt10548124,nm3131807
tt10548126,nm2788669
tt10548126,nm3131807
tt10548128,nm2788669
tt10548128,nm3131807
tt10548130,nm2788669
tt10548130,nm3131807
tt10548132,nm2788669
tt10548132,nm3131807
tt10548134,nm2788669
tt10548134,nm3131807
tt10548136,nm2788669
tt10548136,nm3131807
tt10548508,nm9785742
tt10548512,nm9785742
tt10548514,nm9785742
tt10548516,nm9785742
tt10548518,nm9785742
tt10548522,nm9785742
tt10548526,nm9785742
tt10548532,nm9785742
tt10548534,nm9785742
tt10548536,nm9785742
tt10548538,nm9785742
tt10548540,nm9785742
tt10548544,nm9785742
tt10548548,nm9785742
tt10548550,nm9785742
tt10548552,nm9785742
tt10548554,nm9785742
tt10548558,nm9785742
tt10548560,nm9785742
tt10548564,nm9785742
tt10548566,nm9785742
tt10548568,nm9785742
tt10548572,nm9785742
tt10548574,nm9785742
tt10548576,nm9785742
tt10548578,nm9785742
tt10548580,nm9785742
tt10548582,nm9785742
tt10548584,nm9785742
tt10548586,nm9785742
tt10548588,nm9785742
tt10548590,nm9785742
tt10548592,nm9785742
tt10548596,nm9785742
tt10548598,nm9785742
tt10548600,nm9785742
tt10548602,nm9785742
tt10548606,nm9785742
tt10548608,nm9785742
tt10548612,nm9785742
tt10548614,nm9785742
tt10548616,nm9785742
tt10548620,nm10795734
tt10548628,nm10795737
tt10548628,nm10795738
tt10548676,nm9785742
tt10548678,nm9785742
tt10548680,nm9785742
tt10548682,nm8008441
tt10548684,nm8008441
tt10548686,nm8008441
tt10548688,nm9785742
tt10548690,nm8008441
tt10548692,nm8008441
tt10548694,nm9785742
tt10548696,nm9785742
tt10548698,nm8008441
tt10548700,nm8008441
tt10548702,nm8008441
tt10548704,nm8008441
tt10548706,nm8008441
tt10548708,nm9785742
tt10548710,nm8008441
tt10548712,nm8008441
tt10548714,nm9785742
tt10548716,nm9785742
tt10548718,nm8008441
tt10548720,nm9785742
tt10548722,nm8008441
tt10548724,nm8008441
tt10548726,nm8008441
tt10548728,nm8008441
tt10548730,nm9785742
tt10548732,nm8008441
tt10548734,nm8008441
tt10548736,nm9785742
tt10548738,nm8008441
tt10548740,nm9785742
tt10548742,nm8008441
tt10548744,nm9785742
tt10548746,nm8008441
tt10548748,nm9785742
tt10548750,nm8008441
tt10548752,nm8008441
tt10548754,nm8008441
tt10548756,nm9785742
tt10548760,nm8008441
tt10548762,nm8008441
tt10548764,nm8008441
tt10548766,nm8008441
tt10548804,nm0000759
tt10548816,nm1399910
tt10548816,nm4100769
tt10548816,nm7085395
tt10548876,nm9337291
tt10549020,nm10793096
tt10549040,nm0019721
tt10549040,nm2990971
tt10549046,nm3417289
tt10549046,nm5669454
tt10549046,nm8144223
tt10549046,nm8310702
tt10549046,nm8310703
tt10549056,nm3268211
tt10549076,nm9604298
tt10549088,nm10796179
tt10549094,nm1683063
tt10549108,nm7945761
tt10549146,nm1846112
tt10549152,nm10796243
tt10549176,nm10542003
tt10549180,nm7945761
tt10549186,nm7945761
tt10549190,nm10542003
tt10549216,nm0450155
tt10549218,nm7945761
tt10549226,nm7945761
tt10549228,nm7945761
tt10549236,nm7945761
tt10549244,nm7945761
tt10549246,nm0450155
tt10549250,nm7945761
tt10549252,nm8562661
tt10549256,nm7945761
tt10549264,nm7945761
tt10549276,nm7945761
tt10549280,nm8562661
tt10549282,nm0450155
tt10549292,nm7945761
tt10549298,nm7945761
tt10549306,nm7945761
tt10549360,nm7681866
tt10549380,nm0450155
tt10549394,nm0387702
tt10549394,nm5809336
tt10549400,nm3321811
tt10549400,nm5055987
tt10549406,nm0387702
tt10549434,nm1508033
tt10549474,nm10053795
tt10549534,nm10796463
tt10549572,nm2091143
tt10549572,nm2091462
tt10549596,nm10735822
tt10549634,nm2091143
tt10549634,nm2091462
tt10549664,nm9785742
tt10549666,nm9785742
tt10549668,nm9785742
tt10549670,nm9785742
tt10549674,nm9785742
tt10549676,nm9785742
tt10549678,nm9785742
tt10549680,nm9785742
tt10549682,nm10742790
tt10549684,nm9785742
tt10549688,nm9785742
tt10549690,nm9785742
tt10549692,nm9785742
tt10549694,nm9785742
tt10549696,nm9785742
tt10549698,nm9785742
tt10549700,nm9785742
tt10549702,nm9785742
tt10549704,nm9785742
tt10549706,nm9785742
tt10549710,nm9785742
tt10549718,nm9785742
tt10549720,nm9785742
tt10549722,nm9785742
tt10549724,nm9785742
tt10549726,nm9785742
tt10549728,nm9785742
tt10549730,nm9785742
tt10549732,nm9785742
tt10549734,nm9785742
tt10549736,nm9785742
tt10549740,nm9785742
tt10549742,nm9785742
tt10549744,nm9785742
tt10549746,nm9785742
tt10549748,nm9785742
tt10549750,nm9785742
tt10549752,nm9785742
tt10549754,nm9785742
tt10549756,nm9785742
tt10549758,nm9785742
tt10549760,nm9785742
tt10549762,nm9785742
tt10549776,nm9785742
tt10549778,nm9785742
tt10549780,nm9785742
tt10549782,nm9785742
tt10549784,nm9785742
tt10549810,nm9785742
tt10549812,nm9785742
tt10549814,nm9785742
tt10549816,nm9785742
tt10549818,nm9785742
tt10549820,nm9785742
tt10549822,nm9785742
tt10549824,nm9785742
tt10549826,nm9785742
tt10549828,nm9785742
tt10549830,nm9785742
tt10549832,nm9785742
tt10549834,nm9785742
tt10549844,nm9785742
tt10549846,nm9785742
tt10549848,nm9785742
tt10549850,nm9785742
tt10549852,nm9785742
tt10549854,nm9785742
tt10549856,nm9785742
tt10549862,nm9785742
tt10549864,nm9785742
tt10549866,nm9785742
tt10549868,nm9785742
tt10549870,nm9785742
tt10549872,nm9785742
tt10549874,nm9785742
tt10549876,nm9785742
tt10549878,nm9785742
tt10549880,nm9785742
tt10549882,nm9785742
tt10549884,nm9785742
tt10549886,nm9785742
tt10549888,nm9785742
tt10549890,nm9785742
tt10549892,nm9785742
tt10549894,nm9785742
tt10549896,nm9785742
tt10549898,nm9785742
tt10549900,nm9785742
tt10549902,nm2050419
tt10549902,nm4435960
tt10550146,nm2788669
tt10550146,nm3131807
tt10550148,nm2788669
tt10550148,nm3131807
tt10550150,nm2788669
tt10550150,nm3131807
tt10550152,nm2788669
tt10550152,nm3131807
tt10550154,nm2788669
tt10550154,nm3131807
tt10550156,nm2788669
tt10550156,nm3131807
tt10550158,nm2788669
tt10550158,nm3131807
tt10550160,nm2788669
tt10550160,nm3131807
tt10550162,nm2788669
tt10550162,nm3131807
tt10550164,nm2788669
tt10550164,nm3131807
tt10550166,nm2788669
tt10550166,nm3131807
tt10550168,nm2788669
tt10550168,nm3131807
tt10550170,nm2788669
tt10550170,nm3131807
tt10550172,nm2788669
tt10550172,nm3131807
tt10550174,nm2788669
tt10550174,nm3131807
tt10550176,nm2788669
tt10550176,nm3131807
tt10550180,nm2788669
tt10550180,nm3131807
tt10550182,nm0387702
tt10550182,nm5809336
tt10550184,nm2788669
tt10550184,nm3131807
tt10550186,nm2788669
tt10550186,nm3131807
tt10550188,nm2788669
tt10550188,nm3131807
tt10550192,nm2788669
tt10550192,nm3131807
tt10550194,nm2788669
tt10550194,nm3131807
tt10550196,nm2788669
tt10550196,nm3131807
tt10550198,nm2788669
tt10550198,nm3131807
tt10550200,nm2788669
tt10550200,nm3131807
tt10550202,nm2788669
tt10550202,nm3131807
tt10550204,nm2788669
tt10550204,nm3131807
tt10550206,nm2788669
tt10550206,nm3131807
tt10550208,nm2788669
tt10550208,nm3131807
tt10550210,nm2788669
tt10550210,nm3131807
tt10550212,nm2788669
tt10550212,nm3131807
tt10550214,nm2788669
tt10550214,nm3131807
tt10550216,nm2788669
tt10550216,nm3131807
tt10550218,nm2788669
tt10550218,nm3131807
tt10550220,nm2788669
tt10550220,nm3131807
tt10550222,nm2788669
tt10550222,nm3131807
tt10550224,nm2788669
tt10550224,nm3131807
tt10550226,nm2788669
tt10550226,nm3131807
tt10550230,nm2788669
tt10550230,nm3131807
tt10550322,nm9215141
tt10550334,nm10606020
tt10550400,nm6016292
tt10550400,nm7653289
tt10550526,nm2788669
tt10550526,nm3131807
tt10550530,nm0348735
tt10550610,nm2354796
tt10550638,nm10606020
tt10550644,nm9012524
tt10550652,nm9791028
tt10550654,nm9791028
tt10550676,nm10787198
tt10550690,nm7922225
tt10550708,nm6628215
tt10550708,nm9878200
tt10550732,nm2354796
tt10550738,nm6531146
tt10550764,nm6619881
tt10550840,nm3714444
tt10550842,nm6619881
tt10550844,nm0941395
tt10550852,nm6619881
tt10550876,nm6619881
tt10550914,nm10797040
tt10550996,nm9069570
tt10551082,nm10797125
tt10551112,nm0381834
tt10551122,nm9032539
tt10551202,nm10797221
tt10551202,nm10797222
tt10551206,nm10633252
tt10551232,nm0941395
tt10551246,nm9685074
tt10551300,nm3970182
tt10551300,nm5563376
tt10551376,nm10797445
tt10551426,nm8002280
tt10551428,nm5343244
tt10551456,nm2026430
tt10551460,nm10786867
tt10551462,nm10786867
tt10551466,nm10765039
tt10551496,nm2538739
tt10551524,nm1322135
tt10551546,nm10797636
tt10551548,nm4738366
tt10551548,nm6696138
tt10551558,nm4738366
tt10551558,nm6696138
tt10551562,nm10797642
tt10551562,nm6332648
tt10551564,nm4738366
tt10551564,nm6696138
tt10551570,nm4738366
tt10551570,nm6696138
tt10551576,nm4738366
tt10551576,nm6696138
tt10551582,nm4738366
tt10551582,nm6696138
tt10551592,nm1379650
tt10551626,nm10786867
tt10551652,nm10786867
tt10551672,nm7418412
tt10551700,nm10797832
tt10552004,nm10770512
tt10552004,nm9506110
tt10552006,nm10770512
tt10552006,nm9506110
tt10552014,nm10770512
tt10552014,nm9506110
tt10552020,nm10770512
tt10552020,nm9506110
tt10552022,nm10770512
tt10552022,nm9506110
tt10552024,nm10770512
tt10552024,nm9506110
tt10552028,nm10770512
tt10552028,nm9506110
tt10552030,nm10770512
tt10552030,nm9506110
tt10552032,nm10770512
tt10552032,nm9506110
tt10552034,nm1593053
tt10552036,nm10770512
tt10552036,nm9506110
tt10552040,nm10770512
tt10552040,nm9506110
tt10552042,nm10770512
tt10552042,nm9506110
tt10552044,nm10770512
tt10552044,nm9506110
tt10552046,nm10770512
tt10552046,nm9506110
tt10552048,nm10770512
tt10552048,nm9506110
tt10552050,nm10770512
tt10552050,nm9506110
tt10552052,nm10770512
tt10552052,nm9506110
tt10552056,nm10770512
tt10552056,nm9506110
tt10552058,nm1593053
tt10552060,nm10770512
tt10552060,nm9506110
tt10552062,nm10770512
tt10552062,nm9506110
tt10552070,nm1593053
tt10552072,nm10795487
tt10552140,nm10337745
tt10552260,nm10795487
tt10552324,nm10797896
tt10552424,nm10795487
tt10552432,nm4738366
tt10552432,nm6696138
tt10552518,nm4738366
tt10552518,nm6696138
tt10552560,nm10795487
tt10552578,nm4738366
tt10552578,nm6696138
tt10552642,nm0474848
tt10552644,nm0474848
tt10552648,nm0474848
tt10552650,nm0474848
tt10552652,nm0474848
tt10552654,nm0474848
tt10552658,nm0474848
tt10552660,nm0474848
tt10552664,nm0474848
tt10552666,nm0474848
tt10552668,nm0474848
tt10552670,nm0474848
tt10552672,nm0474848
tt10552676,nm0474848
tt10552678,nm0474848
tt10552680,nm0474848
tt10552684,nm0474848
tt10552686,nm4738366
tt10552686,nm6696138
tt10552690,nm0474848
tt10552696,nm0474848
tt10552698,nm0474848
tt10552700,nm0474848
tt10552702,nm0474848
tt10552704,nm0474848
tt10552706,nm0474848
tt10552708,nm0474848
tt10552712,nm0474848
tt10552714,nm0474848
tt10552716,nm0474848
tt10552718,nm0474848
tt10552720,nm0474848
tt10552724,nm0474848
tt10552728,nm0474848
tt10552730,nm0474848
tt10552732,nm0474848
tt10552734,nm0474848
tt10552736,nm0474848
tt10552738,nm0474848
tt10552740,nm0474848
tt10552744,nm0474848
tt10552746,nm0474848
tt10552748,nm4738366
tt10552748,nm6696138
tt10552754,nm0474848
tt10552756,nm0474848
tt10552758,nm0474848
tt10552760,nm0474848
tt10552762,nm0474848
tt10552766,nm0474848
tt10552768,nm0474848
tt10552770,nm0474848
tt10552774,nm0474848
tt10552776,nm0474848
tt10552778,nm10797955
tt10552782,nm0474848
tt10552784,nm0474848
tt10552786,nm0474848
tt10552788,nm0474848
tt10552790,nm0474848
tt10552794,nm0474848
tt10552796,nm0474848
tt10552798,nm0474848
tt10552800,nm0474848
tt10552802,nm0474848
tt10552804,nm0474848
tt10552806,nm0474848
tt10552810,nm0474848
tt10552812,nm0474848
tt10552814,nm0474848
tt10552816,nm0474848
tt10552818,nm0474848
tt10552820,nm0474848
tt10552824,nm0474848
tt10552826,nm0474848
tt10552828,nm0474848
tt10552830,nm0474848
tt10552834,nm0474848
tt10552836,nm0474848
tt10552838,nm0474848
tt10552840,nm0474848
tt10552842,nm0474848
tt10552844,nm0474848
tt10552846,nm0474848
tt10552850,nm0474848
tt10552854,nm0474848
tt10552856,nm0474848
tt10552860,nm0474848
tt10552862,nm0474848
tt10552864,nm0474848
tt10552866,nm0474848
tt10552870,nm0474848
tt10552872,nm0474848
tt10552876,nm0474848
tt10552878,nm0474848
tt10552880,nm0474848
tt10552882,nm0474848
tt10552886,nm0474848
tt10552890,nm0474848
tt10552892,nm0474848
tt10552894,nm0474848
tt10552898,nm0474848
tt10552900,nm0474848
tt10552902,nm0474848
tt10552904,nm0474848
tt10552906,nm0474848
tt10552908,nm0474848
tt10552910,nm0474848
tt10552912,nm0474848
tt10552916,nm0474848
tt10552918,nm0474848
tt10552920,nm0474848
tt10552922,nm0474848
tt10552924,nm0474848
tt10552930,nm0474848
tt10552932,nm0474848
tt10552934,nm0474848
tt10552938,nm0474848
tt10552940,nm0474848
tt10552942,nm0474848
tt10552944,nm0474848
tt10552946,nm0474848
tt10552948,nm0474848
tt10552950,nm0474848
tt10552952,nm0474848
tt10552990,nm4738366
tt10552990,nm6696138
tt10553048,nm4738366
tt10553048,nm6696138
tt10553070,nm2167915
tt10553092,nm4738366
tt10553092,nm6696138
tt10553118,nm5730779
tt10553120,nm2788669
tt10553120,nm6855655
tt10553120,nm6855656
tt10553124,nm2788669
tt10553124,nm6855655
tt10553124,nm6855656
tt10553126,nm2788669
tt10553126,nm6855655
tt10553126,nm6855656
tt10553128,nm2788669
tt10553128,nm6855655
tt10553128,nm6855656
tt10553130,nm2788669
tt10553130,nm6855655
tt10553130,nm6855656
tt10553132,nm2788669
tt10553132,nm6855655
tt10553132,nm6855656
tt10553134,nm2788669
tt10553134,nm6855655
tt10553134,nm6855656
tt10553136,nm2788669
tt10553136,nm6855655
tt10553136,nm6855656
tt10553138,nm2788669
tt10553138,nm6855655
tt10553138,nm6855656
tt10553140,nm2788669
tt10553140,nm6855655
tt10553140,nm6855656
tt10553142,nm2788669
tt10553142,nm6855655
tt10553142,nm6855656
tt10553146,nm2788669
tt10553146,nm6855655
tt10553146,nm6855656
tt10553148,nm4738366
tt10553148,nm6696138
tt10553150,nm2788669
tt10553150,nm6855655
tt10553150,nm6855656
tt10553156,nm2788669
tt10553156,nm6855655
tt10553156,nm6855656
tt10553158,nm2788669
tt10553158,nm6855655
tt10553158,nm6855656
tt10553160,nm2788669
tt10553160,nm6855655
tt10553160,nm6855656
tt10553168,nm4738366
tt10553168,nm6696138
tt10553176,nm4738366
tt10553176,nm6696138
tt10553180,nm4738366
tt10553180,nm6696138
tt10553186,nm4738366
tt10553186,nm6696138
tt10553258,nm10798110
tt10553286,nm3500229
tt10553290,nm10512759
tt10553342,nm10512759
tt10553376,nm9190608
tt10553418,nm2988796
tt10553420,nm0008956
tt10553434,nm4021402
tt10553434,nm4819891
tt10553444,nm2988796
tt10553450,nm2988796
tt10553452,nm2988796
tt10553510,nm1750710
tt10553546,nm10798439
tt10553546,nm6690897
tt10553610,nm0341076
tt10553612,nm2788669
tt10553612,nm6855655
tt10553612,nm6855656
tt10553614,nm2788669
tt10553614,nm6855655
tt10553614,nm6855656
tt10553616,nm2788669
tt10553616,nm6855655
tt10553616,nm6855656
tt10553618,nm2788669
tt10553618,nm6855655
tt10553618,nm6855656
tt10553620,nm2788669
tt10553620,nm6855655
tt10553620,nm6855656
tt10553622,nm2788669
tt10553622,nm6855655
tt10553622,nm6855656
tt10553624,nm2788669
tt10553624,nm6855655
tt10553624,nm6855656
tt10553626,nm2788669
tt10553626,nm6855655
tt10553626,nm6855656
tt10553628,nm2788669
tt10553628,nm6855655
tt10553628,nm6855656
tt10553630,nm2788669
tt10553630,nm6855655
tt10553630,nm6855656
tt10553632,nm2788669
tt10553632,nm6855655
tt10553632,nm6855656
tt10553636,nm2788669
tt10553636,nm6855655
tt10553636,nm6855656
tt10553638,nm2788669
tt10553638,nm6855655
tt10553638,nm6855656
tt10553640,nm2788669
tt10553640,nm6855655
tt10553640,nm6855656
tt10553642,nm2788669
tt10553642,nm6855655
tt10553642,nm6855656
tt10553644,nm0341076
tt10553646,nm2788669
tt10553646,nm6855655
tt10553646,nm6855656
tt10553648,nm2788669
tt10553648,nm6855655
tt10553648,nm6855656
tt10553650,nm2788669
tt10553650,nm6855655
tt10553650,nm6855656
tt10553654,nm2788669
tt10553654,nm6855655
tt10553654,nm6855656
tt10553656,nm2788669
tt10553656,nm6855655
tt10553656,nm6855656
tt10553678,nm0341076
tt10553704,nm0341076
tt10553708,nm0341076
tt10553714,nm0341076
tt10553756,nm1203378
tt10553814,nm6512775
tt10553914,nm3566419
tt10553964,nm10798793
tt10554044,nm0596636
tt10554064,nm10798854
tt10554084,nm8633851
tt10554126,nm9104892
tt10554234,nm8542378
tt10554266,nm9104892
tt10554394,nm8212781
tt10554402,nm0474848
tt10554404,nm0474848
tt10554406,nm0474848
tt10554408,nm0474848
tt10554410,nm0474848
tt10554412,nm0474848
tt10554414,nm0474848
tt10554416,nm0474848
tt10554418,nm0474848
tt10554420,nm0474848
tt10554424,nm0474848
tt10554426,nm0474848
tt10554428,nm0474848
tt10554430,nm0474848
tt10554432,nm0474848
tt10554434,nm0474848
tt10554436,nm0474848
tt10554438,nm0474848
tt10554440,nm0474848
tt10554442,nm0474848
tt10554444,nm0474848
tt10554446,nm0474848
tt10554448,nm0474848
tt10554452,nm0474848
tt10554454,nm0474848
tt10554456,nm0474848
tt10554458,nm0474848
tt10554460,nm0474848
tt10554462,nm0474848
tt10554464,nm0474848
tt10554466,nm0474848
tt10554468,nm0474848
tt10554470,nm0474848
tt10554472,nm0474848
tt10554474,nm0474848
tt10554476,nm0474848
tt10554478,nm0474848
tt10554480,nm0474848
tt10554484,nm0474848
tt10554488,nm0474848
tt10554490,nm0474848
tt10554492,nm0474848
tt10554494,nm0474848
tt10554498,nm0474848
tt10554500,nm0474848
tt10554502,nm0474848
tt10554504,nm0474848
tt10554506,nm0474848
tt10554508,nm0474848
tt10554510,nm0474848
tt10554512,nm0474848
tt10554514,nm0474848
tt10554516,nm0474848
tt10554518,nm1994959
tt10554520,nm0474848
tt10554522,nm0474848
tt10554524,nm0474848
tt10554526,nm0474848
tt10554528,nm0474848
tt10554530,nm0474848
tt10554534,nm0474848
tt10554536,nm0474848
tt10554538,nm0474848
tt10554540,nm0474848
tt10554542,nm0474848
tt10554544,nm0474848
tt10554546,nm0474848
tt10554548,nm0474848
tt10554550,nm0474848
tt10554552,nm0474848
tt10554554,nm0474848
tt10554556,nm0474848
tt10554558,nm0474848
tt10554560,nm0474848
tt10554562,nm0474848
tt10554566,nm0474848
tt10554568,nm0474848
tt10554570,nm0474848
tt10554572,nm0474848
tt10554574,nm0474848
tt10554576,nm0474848
tt10554650,nm3321811
tt10554650,nm5055987
tt10554900,nm1977299
tt10554900,nm9986307
tt10554960,nm2655810
tt10554964,nm2655810
tt10554966,nm2655810
tt10554974,nm2655810
tt10554976,nm2655810
tt10554998,nm2655810
tt10555000,nm2655810
tt10555002,nm2655810
tt10555004,nm10770512
tt10555004,nm9506110
tt10555006,nm10770512
tt10555006,nm9506110
tt10555008,nm10770512
tt10555008,nm9506110
tt10555012,nm10770512
tt10555012,nm9506110
tt10555014,nm10770512
tt10555014,nm9506110
tt10555016,nm10770512
tt10555016,nm9506110
tt10555018,nm10770512
tt10555018,nm9506110
tt10555020,nm10770512
tt10555020,nm9506110
tt10555022,nm10770512
tt10555022,nm9506110
tt10555024,nm10770512
tt10555024,nm9506110
tt10555026,nm10770512
tt10555026,nm9506110
tt10555028,nm10770512
tt10555028,nm9506110
tt10555030,nm10770512
tt10555030,nm9506110
tt10555034,nm10770512
tt10555034,nm9506110
tt10555036,nm10770512
tt10555036,nm9506110
tt10555038,nm10770512
tt10555038,nm9506110
tt10555040,nm10770512
tt10555040,nm9506110
tt10555042,nm10770512
tt10555042,nm9506110
tt10555044,nm10770512
tt10555044,nm9506110
tt10555046,nm10770512
tt10555046,nm9506110
tt10555092,nm0387702
tt10555092,nm5809336
tt10555452,nm10797445
tt10555472,nm0387702
tt10555472,nm5809336
tt10555504,nm0387702
tt10555516,nm0387702
tt10555516,nm5809336
tt10555610,nm10799496
tt10555688,nm2694058
tt10555866,nm0533212
tt10556018,nm2354796
tt10556108,nm2373620
tt10556118,nm10799783
tt10556134,nm2354796
tt10556164,nm10799827
tt10556164,nm4336170
tt10556168,nm10799842
tt10556192,nm8329439
tt10556206,nm6142017
tt10556220,nm0486188
tt10556224,nm0760754
tt10556224,nm7150997
tt10556226,nm0760754
tt10556226,nm7150997
tt10556228,nm0760754
tt10556228,nm7150997
tt10556238,nm0760754
tt10556238,nm7150997
tt10556242,nm0760754
tt10556242,nm7150997
tt10556252,nm0760754
tt10556252,nm7150997
tt10556254,nm0760754
tt10556254,nm7150997
tt10556256,nm0760754
tt10556256,nm7150997
tt10556258,nm0760754
tt10556258,nm7150997
tt10556260,nm0760754
tt10556260,nm7150997
tt10556262,nm0760754
tt10556262,nm7150997
tt10556264,nm0760754
tt10556264,nm7150997
tt10556266,nm0760754
tt10556266,nm7150997
tt10556270,nm0760754
tt10556270,nm7150997
tt10556272,nm0760754
tt10556272,nm7150997
tt10556292,nm10799987
tt10556308,nm7215167
tt10556332,nm8161986
tt10556340,nm3946589
tt10556340,nm3950817
tt10556396,nm0740666
tt10556396,nm10982831
tt10556396,nm11200005
tt10556396,nm11298048
tt10556396,nm11350011
tt10556396,nm11405190
tt10556396,nm11429486
tt10556396,nm11499027
tt10556396,nm11563931
tt10556396,nm11617868
tt10556396,nm1884507
tt10556396,nm2698438
tt10556396,nm4079690
tt10556396,nm5620760
tt10556396,nm8978076
tt10556396,nm9312540
tt10556396,nm9378176
tt10556396,nm9460207
tt10556396,nm9620438
tt10556516,nm7914436
tt10556526,nm0941395
tt10556548,nm1884507
tt10556666,nm4276177
tt10556684,nm0941395
tt10556692,nm4738366
tt10556692,nm6696138
tt10556698,nm4738366
tt10556698,nm6696138
tt10556704,nm4738366
tt10556704,nm6696138
tt10556718,nm4738366
tt10556718,nm6696138
tt10556722,nm4738366
tt10556722,nm6696138
tt10556728,nm4738366
tt10556728,nm6696138
tt10556736,nm4738366
tt10556736,nm6696138
tt10556738,nm4738366
tt10556738,nm6696138
tt10556740,nm4738366
tt10556740,nm6696138
tt10556744,nm4738366
tt10556744,nm6696138
tt10556748,nm4738366
tt10556748,nm6696138
tt10556754,nm4738366
tt10556754,nm6696138
tt10556758,nm4738366
tt10556758,nm6696138
tt10556794,nm10290751
tt10556794,nm10488842
tt10556794,nm7791131
tt10556794,nm8997563
tt10556794,nm9393452
tt10556794,nm9393464
tt10556872,nm10703779
tt10556876,nm10339953
tt10556988,nm7565400
tt10557048,nm10800357
tt10557048,nm7062404
tt10557104,nm10800396
tt10557106,nm2788669
tt10557106,nm3131807
tt10557108,nm2788669
tt10557108,nm3131807
tt10557110,nm2788669
tt10557110,nm3131807
tt10557112,nm2788669
tt10557112,nm3131807
tt10557114,nm2788669
tt10557114,nm3131807
tt10557116,nm2788669
tt10557116,nm3131807
tt10557118,nm2788669
tt10557118,nm3131807
tt10557120,nm2788669
tt10557120,nm3131807
tt10557122,nm4388293
tt10557124,nm2788669
tt10557124,nm3131807
tt10557126,nm2788669
tt10557126,nm3131807
tt10557130,nm2788669
tt10557130,nm3131807
tt10557132,nm2788669
tt10557132,nm3131807
tt10557136,nm2788669
tt10557136,nm3131807
tt10557138,nm2788669
tt10557138,nm3131807
tt10557142,nm2788669
tt10557142,nm3131807
tt10557144,nm2788669
tt10557144,nm3131807
tt10557146,nm2788669
tt10557146,nm3131807
tt10557148,nm2788669
tt10557148,nm3131807
tt10557150,nm2788669
tt10557150,nm3131807
tt10557156,nm2788669
tt10557156,nm3131807
tt10557168,nm2788669
tt10557168,nm3131807
tt10557170,nm2788669
tt10557170,nm3131807
tt10557172,nm2788669
tt10557172,nm3131807
tt10557174,nm2788669
tt10557174,nm3131807
tt10557176,nm2788669
tt10557176,nm3131807
tt10557178,nm2788669
tt10557178,nm3131807
tt10557182,nm2788669
tt10557182,nm3131807
tt10557184,nm2788669
tt10557184,nm3131807
tt10557186,nm2788669
tt10557186,nm3131807
tt10557188,nm2788669
tt10557188,nm3131807
tt10557190,nm2788669
tt10557190,nm3131807
tt10557194,nm2788669
tt10557194,nm3131807
tt10557198,nm2788669
tt10557198,nm3131807
tt10557200,nm2788669
tt10557200,nm3131807
tt10557202,nm2788669
tt10557202,nm3131807
tt10557204,nm2788669
tt10557204,nm3131807
tt10557206,nm2788669
tt10557206,nm3131807
tt10557208,nm2788669
tt10557208,nm3131807
tt10557210,nm2788669
tt10557210,nm3131807
tt10557212,nm2788669
tt10557212,nm3131807
tt10557230,nm10339953
tt10557508,nm2408773
tt10557612,nm10781041
tt10557618,nm9785742
tt10557622,nm9785742
tt10557624,nm9785742
tt10557626,nm9785742
tt10557628,nm9785742
tt10557632,nm9785742
tt10557636,nm9785742
tt10557638,nm9785742
tt10557640,nm9785742
tt10557642,nm9785742
tt10557646,nm9785742
tt10557648,nm9785742
tt10557650,nm9785742
tt10557654,nm9785742
tt10557656,nm9785742
tt10557658,nm9785742
tt10557660,nm9785742
tt10557662,nm9785742
tt10557664,nm9785742
tt10557668,nm9785742
tt10557670,nm9785742
tt10557672,nm9785742
tt10557674,nm9785742
tt10557676,nm9785742
tt10557678,nm9785742
tt10557680,nm9785742
tt10557682,nm9785742
tt10557684,nm9785742
tt10557686,nm9785742
tt10557688,nm9785742
tt10557690,nm9785742
tt10557692,nm9785742
tt10557694,nm9785742
tt10557696,nm9785742
tt10557698,nm9785742
tt10557700,nm9785742
tt10557702,nm9785742
tt10557706,nm9785742
tt10557708,nm9785742
tt10557710,nm9785742
tt10557722,nm9785742
tt10557724,nm9785742
tt10557726,nm9785742
tt10557728,nm9785742
tt10557730,nm9785742
tt10557732,nm9785742
tt10557734,nm9785742
tt10557736,nm9785742
tt10557738,nm9785742
tt10557740,nm9785742
tt10557742,nm9785742
tt10557744,nm9785742
tt10557746,nm9785742
tt10557748,nm9785742
tt10557750,nm9785742
tt10557752,nm9785742
tt10557754,nm9785742
tt10557756,nm9785742
tt10557758,nm9785742
tt10557762,nm9785742
tt10557772,nm9785742
tt10557776,nm9785742
tt10557778,nm9785742
tt10557780,nm9785742
tt10557782,nm9785742
tt10557784,nm9785742
tt10557786,nm9785742
tt10557788,nm9785742
tt10557792,nm9785742
tt10557794,nm9785742
tt10557796,nm9785742
tt10557798,nm9785742
tt10557800,nm0874181
tt10557802,nm9785742
tt10557804,nm9785742
tt10557806,nm9785742
tt10557808,nm9785742
tt10557810,nm9785742
tt10557812,nm9785742
tt10557814,nm9785742
tt10557818,nm9785742
tt10557820,nm9785742
tt10557822,nm9785742
tt10557826,nm9785742
tt10557828,nm9785742
tt10557830,nm9785742
tt10557832,nm9785742
tt10557834,nm9785742
tt10557836,nm9785742
tt10557844,nm9785742
tt10557846,nm9785742
tt10557848,nm9785742
tt10557850,nm9785742
tt10557852,nm9785742
tt10557854,nm9785742
tt10557856,nm9785742
tt10557858,nm9785742
tt10557860,nm9785742
tt10557864,nm9785742
tt10557866,nm9785742
tt10557868,nm9785742
tt10557870,nm9785742
tt10557872,nm9785742
tt10557874,nm9785742
tt10557876,nm9785742
tt10557878,nm9785742
tt10557880,nm9785742
tt10557884,nm9785742
tt10557888,nm9785742
tt10557890,nm9785742
tt10557892,nm9785742
tt10557894,nm9785742
tt10557896,nm9785742
tt10557900,nm9785742
tt10557902,nm9785742
tt10557904,nm9785742
tt10557906,nm9785742
tt10557908,nm9785742
tt10557910,nm9785742
tt10557912,nm9785742
tt10557914,nm9785742
tt10558076,nm3417289
tt10558076,nm5669454
tt10558076,nm8144223
tt10558076,nm8310702
tt10558076,nm8310703
tt10558080,nm3417289
tt10558080,nm5669454
tt10558080,nm8144223
tt10558080,nm8310702
tt10558080,nm8310703
tt10558082,nm3417289
tt10558082,nm5669454
tt10558082,nm8144223
tt10558082,nm8310702
tt10558082,nm8310703
tt10558084,nm3417289
tt10558084,nm5669454
tt10558084,nm8144223
tt10558084,nm8310702
tt10558084,nm8310703
tt10558086,nm3417289
tt10558086,nm5669454
tt10558086,nm8144223
tt10558086,nm8310702
tt10558086,nm8310703
tt10558090,nm3417289
tt10558090,nm5669454
tt10558090,nm8144223
tt10558090,nm8310702
tt10558090,nm8310703
tt10558092,nm3417289
tt10558092,nm5669454
tt10558092,nm8144223
tt10558092,nm8310702
tt10558092,nm8310703
tt10558094,nm3417289
tt10558094,nm5669454
tt10558094,nm8144223
tt10558094,nm8310702
tt10558094,nm8310703
tt10558096,nm3417289
tt10558096,nm5669454
tt10558096,nm8144223
tt10558096,nm8310702
tt10558096,nm8310703
tt10558098,nm3417289
tt10558098,nm5669454
tt10558098,nm8144223
tt10558098,nm8310702
tt10558098,nm8310703
tt10558102,nm3417289
tt10558102,nm5669454
tt10558102,nm8144223
tt10558102,nm8310702
tt10558102,nm8310703
tt10558104,nm3417289
tt10558104,nm5669454
tt10558104,nm8144223
tt10558104,nm8310702
tt10558104,nm8310703
tt10558110,nm3417289
tt10558110,nm5669454
tt10558110,nm8144223
tt10558110,nm8310702
tt10558110,nm8310703
tt10558112,nm3417289
tt10558112,nm5669454
tt10558112,nm8144223
tt10558112,nm8310702
tt10558112,nm8310703
tt10558114,nm3417289
tt10558114,nm5669454
tt10558114,nm8144223
tt10558114,nm8310702
tt10558114,nm8310703
tt10558116,nm3417289
tt10558116,nm5669454
tt10558116,nm8144223
tt10558116,nm8310702
tt10558116,nm8310703
tt10558118,nm3417289
tt10558118,nm5669454
tt10558118,nm8144223
tt10558118,nm8310702
tt10558118,nm8310703
tt10558120,nm3417289
tt10558120,nm5669454
tt10558120,nm8144223
tt10558120,nm8310702
tt10558120,nm8310703
tt10558122,nm3417289
tt10558122,nm5669454
tt10558122,nm8144223
tt10558122,nm8310702
tt10558122,nm8310703
tt10558136,nm3417289
tt10558136,nm5669454
tt10558136,nm8144223
tt10558136,nm8310702
tt10558136,nm8310703
tt10558138,nm3417289
tt10558138,nm5669454
tt10558138,nm8144223
tt10558138,nm8310702
tt10558138,nm8310703
tt10558140,nm3417289
tt10558140,nm5669454
tt10558140,nm8144223
tt10558140,nm8310702
tt10558140,nm8310703
tt10558142,nm3417289
tt10558142,nm5669454
tt10558142,nm8144223
tt10558142,nm8310702
tt10558142,nm8310703
tt10558144,nm3417289
tt10558144,nm5669454
tt10558144,nm8144223
tt10558144,nm8310702
tt10558144,nm8310703
tt10558146,nm3417289
tt10558146,nm5669454
tt10558146,nm8144223
tt10558146,nm8310702
tt10558146,nm8310703
tt10558148,nm3417289
tt10558148,nm5669454
tt10558148,nm8144223
tt10558148,nm8310702
tt10558148,nm8310703
tt10558150,nm3417289
tt10558150,nm5669454
tt10558150,nm8144223
tt10558150,nm8310702
tt10558150,nm8310703
tt10558154,nm3417289
tt10558154,nm5669454
tt10558154,nm8144223
tt10558154,nm8310702
tt10558154,nm8310703
tt10558156,nm3417289
tt10558156,nm5669454
tt10558156,nm8144223
tt10558156,nm8310702
tt10558156,nm8310703
tt10558158,nm3417289
tt10558158,nm5669454
tt10558158,nm8144223
tt10558158,nm8310702
tt10558158,nm8310703
tt10558220,nm10800601
tt10558370,nm10781041
tt10558384,nm10781041
tt10558400,nm0105680
tt10558404,nm0105680
tt10558406,nm10781041
tt10558450,nm3813298
tt10558476,nm0596636
tt10558496,nm7192797
tt10558584,nm9529695
tt10558588,nm10542003
tt10558614,nm5583708
tt10558666,nm9685074
tt10558712,nm10801003
tt10558930,nm6217205
tt10558932,nm10715424
tt10558968,nm10792908
tt10559018,nm4241645
tt10559044,nm9256425
tt10559132,nm6710664
tt10559206,nm10917761
tt10559206,nm9335573
tt10559250,nm0213983
tt10559250,nm0724037
tt10559302,nm10786433
tt10559326,nm3417289
tt10559326,nm5669454
tt10559326,nm8144223
tt10559326,nm8310702
tt10559326,nm8310703
tt10559328,nm3417289
tt10559328,nm5669454
tt10559328,nm8144223
tt10559328,nm8310702
tt10559328,nm8310703
tt10559330,nm3417289
tt10559330,nm5669454
tt10559330,nm8144223
tt10559330,nm8310702
tt10559330,nm8310703
tt10559332,nm3417289
tt10559332,nm5669454
tt10559332,nm8144223
tt10559332,nm8310702
tt10559332,nm8310703
tt10559334,nm3417289
tt10559334,nm5669454
tt10559334,nm8144223
tt10559334,nm8310702
tt10559334,nm8310703
tt10559336,nm3417289
tt10559336,nm5669454
tt10559336,nm8144223
tt10559336,nm8310702
tt10559336,nm8310703
tt10559338,nm3417289
tt10559338,nm5669454
tt10559338,nm8144223
tt10559338,nm8310702
tt10559338,nm8310703
tt10559340,nm3417289
tt10559340,nm5669454
tt10559340,nm8144223
tt10559340,nm8310702
tt10559340,nm8310703
tt10559342,nm3417289
tt10559342,nm5669454
tt10559342,nm8144223
tt10559342,nm8310702
tt10559342,nm8310703
tt10559346,nm3417289
tt10559346,nm5669454
tt10559346,nm8144223
tt10559346,nm8310702
tt10559346,nm8310703
tt10559348,nm3417289
tt10559348,nm5669454
tt10559348,nm8144223
tt10559348,nm8310702
tt10559348,nm8310703
tt10559350,nm3417289
tt10559350,nm5669454
tt10559350,nm8144223
tt10559350,nm8310702
tt10559350,nm8310703
tt10559352,nm3417289
tt10559352,nm5669454
tt10559352,nm8144223
tt10559352,nm8310702
tt10559352,nm8310703
tt10559354,nm3417289
tt10559354,nm5669454
tt10559354,nm8144223
tt10559354,nm8310702
tt10559354,nm8310703
tt10559356,nm3417289
tt10559356,nm5669454
tt10559356,nm8144223
tt10559356,nm8310702
tt10559356,nm8310703
tt10559358,nm3417289
tt10559358,nm5669454
tt10559358,nm8144223
tt10559358,nm8310702
tt10559358,nm8310703
tt10559360,nm3417289
tt10559360,nm5669454
tt10559360,nm8144223
tt10559360,nm8310702
tt10559360,nm8310703
tt10559362,nm3417289
tt10559362,nm5669454
tt10559362,nm8144223
tt10559362,nm8310702
tt10559362,nm8310703
tt10559364,nm3417289
tt10559364,nm5669454
tt10559364,nm8144223
tt10559364,nm8310702
tt10559364,nm8310703
tt10559366,nm3417289
tt10559366,nm5669454
tt10559366,nm8144223
tt10559366,nm8310702
tt10559366,nm8310703
tt10559368,nm3417289
tt10559368,nm5669454
tt10559368,nm8144223
tt10559368,nm8310702
tt10559368,nm8310703
tt10559370,nm3417289
tt10559370,nm5669454
tt10559370,nm8144223
tt10559370,nm8310702
tt10559370,nm8310703
tt10559372,nm3417289
tt10559372,nm5669454
tt10559372,nm8144223
tt10559372,nm8310702
tt10559372,nm8310703
tt10559374,nm3417289
tt10559374,nm5669454
tt10559374,nm8144223
tt10559374,nm8310702
tt10559374,nm8310703
tt10559376,nm3417289
tt10559376,nm5669454
tt10559376,nm8144223
tt10559376,nm8310702
tt10559376,nm8310703
tt10559378,nm3417289
tt10559378,nm5669454
tt10559378,nm8144223
tt10559378,nm8310702
tt10559378,nm8310703
tt10559380,nm3417289
tt10559380,nm5669454
tt10559380,nm8144223
tt10559380,nm8310702
tt10559380,nm8310703
tt10559382,nm3417289
tt10559382,nm5669454
tt10559382,nm8144223
tt10559382,nm8310702
tt10559382,nm8310703
tt10559386,nm3417289
tt10559386,nm5669454
tt10559386,nm8144223
tt10559386,nm8310702
tt10559386,nm8310703
tt10559388,nm3417289
tt10559388,nm5669454
tt10559388,nm8144223
tt10559388,nm8310702
tt10559388,nm8310703
tt10559392,nm3417289
tt10559392,nm5669454
tt10559392,nm8144223
tt10559392,nm8310702
tt10559392,nm8310703
tt10559394,nm3417289
tt10559394,nm5669454
tt10559394,nm8144223
tt10559394,nm8310702
tt10559394,nm8310703
tt10559400,nm3417289
tt10559400,nm5669454
tt10559400,nm8144223
tt10559400,nm8310702
tt10559400,nm8310703
tt10559402,nm3417289
tt10559402,nm5669454
tt10559402,nm8144223
tt10559402,nm8310702
tt10559402,nm8310703
tt10559406,nm3417289
tt10559406,nm5669454
tt10559406,nm8144223
tt10559406,nm8310702
tt10559406,nm8310703
tt10559408,nm3417289
tt10559408,nm5669454
tt10559408,nm8144223
tt10559408,nm8310702
tt10559408,nm8310703
tt10559414,nm3417289
tt10559414,nm5669454
tt10559414,nm8144223
tt10559414,nm8310702
tt10559414,nm8310703
tt10559416,nm3417289
tt10559416,nm5669454
tt10559416,nm8144223
tt10559416,nm8310702
tt10559416,nm8310703
tt10559418,nm3417289
tt10559418,nm5669454
tt10559418,nm8144223
tt10559418,nm8310702
tt10559418,nm8310703
tt10559420,nm3417289
tt10559420,nm5669454
tt10559420,nm8144223
tt10559420,nm8310702
tt10559420,nm8310703
tt10559426,nm3417289
tt10559426,nm5669454
tt10559426,nm8144223
tt10559426,nm8310702
tt10559426,nm8310703
tt10559428,nm3417289
tt10559428,nm5669454
tt10559428,nm8144223
tt10559428,nm8310702
tt10559428,nm8310703
tt10559430,nm3417289
tt10559430,nm5669454
tt10559430,nm8144223
tt10559430,nm8310702
tt10559430,nm8310703
tt10559432,nm3417289
tt10559432,nm5669454
tt10559432,nm8144223
tt10559432,nm8310702
tt10559432,nm8310703
tt10559434,nm3417289
tt10559434,nm5669454
tt10559434,nm8144223
tt10559434,nm8310702
tt10559434,nm8310703
tt10559436,nm3417289
tt10559436,nm5669454
tt10559436,nm8144223
tt10559436,nm8310702
tt10559436,nm8310703
tt10559438,nm3417289
tt10559438,nm5669454
tt10559438,nm8144223
tt10559438,nm8310702
tt10559438,nm8310703
tt10559474,nm4315237
tt10559580,nm9785742
tt10559582,nm9785742
tt10559584,nm9785742
tt10559588,nm9785742
tt10559590,nm9785742
tt10559592,nm9785742
tt10559594,nm9785742
tt10559596,nm9785742
tt10559598,nm9785742
tt10559600,nm9785742
tt10559602,nm9785742
tt10559604,nm9785742
tt10559606,nm9785742
tt10559608,nm9785742
tt10559610,nm9785742
tt10559612,nm9785742
tt10559614,nm9785742
tt10559616,nm9785742
tt10559618,nm9785742
tt10559620,nm9785742
tt10559622,nm9785742
tt10559624,nm9785742
tt10559626,nm9785742
tt10559628,nm9785742
tt10559630,nm9785742
tt10559632,nm9785742
tt10559634,nm9785742
tt10559636,nm9785742
tt10559640,nm9785742
tt10559644,nm9785742
tt10559646,nm9785742
tt10559648,nm9785742
tt10559650,nm9785742
tt10559652,nm9785742
tt10559654,nm9785742
tt10559656,nm9785742
tt10559658,nm9785742
tt10559660,nm9785742
tt10559662,nm9785742
tt10559664,nm9785742
tt10559670,nm9785742
tt10559672,nm9785742
tt10559674,nm9785742
tt10559676,nm9785742
tt10559678,nm9785742
tt10559680,nm9785742
tt10559682,nm9785742
tt10559684,nm9785742
tt10559686,nm9785742
tt10559690,nm9785742
tt10559692,nm9785742
tt10559694,nm9785742
tt10559696,nm9785742
tt10559698,nm9785742
tt10559700,nm9785742
tt10559702,nm9785742
tt10559704,nm9785742
tt10559706,nm9785742
tt10559708,nm9785742
tt10559710,nm9785742
tt10559712,nm9785742
tt10559714,nm9785742
tt10559716,nm9785742
tt10559718,nm9785742
tt10559720,nm9785742
tt10559724,nm9785742
tt10559726,nm9785742
tt10559728,nm9785742
tt10559730,nm9785742
tt10559732,nm9785742
tt10559734,nm9785742
tt10559736,nm9785742
tt10559738,nm9785742
tt10559740,nm9785742
tt10559742,nm9785742
tt10559748,nm9785742
tt10559750,nm9785742
tt10559752,nm9785742
tt10559754,nm9785742
tt10560078,nm2088529
tt10560120,nm1337868
tt10560120,nm9800439
tt10560126,nm3792379
tt10560156,nm2354796
tt10560198,nm7408870
tt10560354,nm9575437
tt10560374,nm9194657
tt10560418,nm10102473
tt10560418,nm10102479
tt10560420,nm1709542
tt10560428,nm10801842
tt10560476,nm9055239
tt10560482,nm9194736
tt10560484,nm9194736
tt10560490,nm10680904
tt10560530,nm9892771
tt10560558,nm9892771
tt10560586,nm8202750
tt10560616,nm1206356
tt10560636,nm14624683
tt10560640,nm14624683
tt10560642,nm14624683
tt10560648,nm14624683
tt10560652,nm14624683
tt10560656,nm14624683
tt10560662,nm14624683
tt10560664,nm14624683
tt10560664,nm7754751
tt10560668,nm14624683
tt10560668,nm7754751
tt10560670,nm0941395
tt10560672,nm14624683
tt10560672,nm7754751
tt10560674,nm14624683
tt10560674,nm7754751
tt10560676,nm9124603
tt10560678,nm9953256
tt10560680,nm14624683
tt10560680,nm7754751
tt10560684,nm14624683
tt10560684,nm7754751
tt10560764,nm9873369
tt10560892,nm6058082
tt10560896,nm0941395
tt10560904,nm2788669
tt10560904,nm3131807
tt10560908,nm2788669
tt10560908,nm3131807
tt10560910,nm2788669
tt10560910,nm3131807
tt10560912,nm2788669
tt10560912,nm3131807
tt10560914,nm2788669
tt10560914,nm3131807
tt10560918,nm2788669
tt10560918,nm3131807
tt10560920,nm2788669
tt10560920,nm3131807
tt10560924,nm2788669
tt10560924,nm3131807
tt10560926,nm2788669
tt10560926,nm3131807
tt10560928,nm2788669
tt10560928,nm3131807
tt10560930,nm2788669
tt10560930,nm3131807
tt10560934,nm2788669
tt10560934,nm3131807
tt10560936,nm10802363
tt10560938,nm2788669
tt10560938,nm3131807
tt10560942,nm2788669
tt10560942,nm3131807
tt10560944,nm2788669
tt10560944,nm3131807
tt10560946,nm2788669
tt10560946,nm3131807
tt10560948,nm2788669
tt10560948,nm3131807
tt10560950,nm2788669
tt10560950,nm3131807
tt10560956,nm2788669
tt10560956,nm3131807
tt10560958,nm10802368
tt10560960,nm10802369
tt10560960,nm9125724
tt10560964,nm2788669
tt10560964,nm3131807
tt10560968,nm10802373
tt10560970,nm10802374
tt10560974,nm10802375
tt10560978,nm2788669
tt10560978,nm3131807
tt10560980,nm2788669
tt10560980,nm3131807
tt10560982,nm2788669
tt10560982,nm3131807
tt10560984,nm2788669
tt10560984,nm3131807
tt10560986,nm2788669
tt10560986,nm3131807
tt10560988,nm2788669
tt10560988,nm3131807
tt10560992,nm2788669
tt10560992,nm3131807
tt10560994,nm2788669
tt10560994,nm3131807
tt10560996,nm2788669
tt10560996,nm3131807
tt10560998,nm2788669
tt10560998,nm3131807
tt10561000,nm2788669
tt10561000,nm3131807
tt10561006,nm2788669
tt10561006,nm3131807
tt10561008,nm2788669
tt10561008,nm3131807
tt10561010,nm2788669
tt10561010,nm3131807
tt10561012,nm2788669
tt10561012,nm3131807
tt10561014,nm2788669
tt10561014,nm3131807
tt10561016,nm2788669
tt10561016,nm3131807
tt10561018,nm2788669
tt10561018,nm3131807
tt10561020,nm2788669
tt10561020,nm3131807
tt10561022,nm2788669
tt10561022,nm3131807
tt10561024,nm2788669
tt10561024,nm3131807
tt10561026,nm2788669
tt10561026,nm3131807
tt10561028,nm2788669
tt10561028,nm3131807
tt10561030,nm2788669
tt10561030,nm3131807
tt10561032,nm2788669
tt10561032,nm3131807
tt10561034,nm2788669
tt10561034,nm3131807
tt10561036,nm2788669
tt10561036,nm3131807
tt10561038,nm2788669
tt10561038,nm3131807
tt10561056,nm1049555
tt10561244,nm1311376
tt10561458,nm10770512
tt10561458,nm9506110
tt10561460,nm10770512
tt10561460,nm9506110
tt10561462,nm10770512
tt10561462,nm9506110
tt10561464,nm10770512
tt10561464,nm9506110
tt10561466,nm10770512
tt10561466,nm9506110
tt10561468,nm10770512
tt10561468,nm9506110
tt10561470,nm10770512
tt10561470,nm9506110
tt10561474,nm10770512
tt10561474,nm9506110
tt10561476,nm10770512
tt10561476,nm9506110
tt10561478,nm10770512
tt10561478,nm9506110
tt10561480,nm10770512
tt10561480,nm9506110
tt10561482,nm10770512
tt10561482,nm9506110
tt10561484,nm10770512
tt10561484,nm9506110
tt10561486,nm10770512
tt10561486,nm9506110
tt10561490,nm10770512
tt10561490,nm9506110
tt10561492,nm10770512
tt10561492,nm9506110
tt10561494,nm10770512
tt10561494,nm9506110
tt10561496,nm10770512
tt10561496,nm9506110
tt10561498,nm10770512
tt10561498,nm9506110
tt10561500,nm10770512
tt10561500,nm9506110
tt10561926,nm0474848
tt10561928,nm0474848
tt10561930,nm0474848
tt10561932,nm0474848
tt10561934,nm0474848
tt10561936,nm0474848
tt10561938,nm0474848
tt10561940,nm0474848
tt10561942,nm0474848
tt10561944,nm0474848
tt10561946,nm0474848
tt10561948,nm0474848
tt10561950,nm0474848
tt10561952,nm0474848
tt10561956,nm0474848
tt10561958,nm0474848
tt10561960,nm0474848
tt10561964,nm0474848
tt10561966,nm0474848
tt10561968,nm0474848
tt10561972,nm0474848
tt10561974,nm0474848
tt10561976,nm0474848
tt10561978,nm0474848
tt10561980,nm0474848
tt10561982,nm0474848
tt10561984,nm0474848
tt10561986,nm0474848
tt10561988,nm0474848
tt10561990,nm0474848
tt10561992,nm0474848
tt10561994,nm0474848
tt10561996,nm0474848
tt10561998,nm0474848
tt10562002,nm0474848
tt10562004,nm0474848
tt10562006,nm0474848
tt10562008,nm0474848
tt10562010,nm0474848
tt10562012,nm0474848
tt10562016,nm0474848
tt10562018,nm0474848
tt10562020,nm0474848
tt10562022,nm0474848
tt10562024,nm0474848
tt10562026,nm0474848
tt10562028,nm0474848
tt10562030,nm0474848
tt10562032,nm0474848
tt10562034,nm0474848
tt10562036,nm0474848
tt10562038,nm0474848
tt10562040,nm0474848
tt10562042,nm0474848
tt10562044,nm0474848
tt10562046,nm0474848
tt10562048,nm0474848
tt10562050,nm0474848
tt10562052,nm0474848
tt10562054,nm0474848
tt10562244,nm2788669
tt10562244,nm6855655
tt10562244,nm6855656
tt10562246,nm2788669
tt10562246,nm6855655
tt10562246,nm6855656
tt10562248,nm2788669
tt10562248,nm6855655
tt10562248,nm6855656
tt10562252,nm2788669
tt10562252,nm6855655
tt10562252,nm6855656
tt10562254,nm2788669
tt10562254,nm6855655
tt10562254,nm6855656
tt10562256,nm2788669
tt10562256,nm6855655
tt10562256,nm6855656
tt10562258,nm2788669
tt10562258,nm6855655
tt10562258,nm6855656
tt10562260,nm2788669
tt10562260,nm6855655
tt10562260,nm6855656
tt10562262,nm2788669
tt10562262,nm6855655
tt10562262,nm6855656
tt10562264,nm2788669
tt10562264,nm6855655
tt10562264,nm6855656
tt10562266,nm2788669
tt10562266,nm6855655
tt10562266,nm6855656
tt10562268,nm2788669
tt10562268,nm6855655
tt10562268,nm6855656
tt10562270,nm2788669
tt10562270,nm6855655
tt10562270,nm6855656
tt10562272,nm2788669
tt10562272,nm6855655
tt10562272,nm6855656
tt10562274,nm2788669
tt10562274,nm6855655
tt10562274,nm6855656
tt10562276,nm2788669
tt10562276,nm6855655
tt10562276,nm6855656
tt10562278,nm2788669
tt10562278,nm6855655
tt10562278,nm6855656
tt10562280,nm2788669
tt10562280,nm6855655
tt10562280,nm6855656
tt10562282,nm2788669
tt10562282,nm6855655
tt10562282,nm6855656
tt10562284,nm2788669
tt10562284,nm6855655
tt10562284,nm6855656
tt10562390,nm2140474
tt10562390,nm3293926
tt10562392,nm2140474
tt10562392,nm3293926
tt10562394,nm2140474
tt10562394,nm3293926
tt10562396,nm2140474
tt10562396,nm3293926
tt10562398,nm2140474
tt10562398,nm3293926
tt10562400,nm2140474
tt10562400,nm3293926
tt10562440,nm2394280
tt10562564,nm4258993
tt10562570,nm2854005
tt10562576,nm2854005
tt10562582,nm0648576
tt10562594,nm4260399
tt10562606,nm0695621
tt10562612,nm0695621
tt10562624,nm0695621
tt10562634,nm4258993
tt10562650,nm10394366
tt10562882,nm9529695
tt10562948,nm3244255
tt10563140,nm9529695
tt10563190,nm9529695
tt10563208,nm0372798
tt10563314,nm0372798
tt10563322,nm0372798
tt10563346,nm0372798
tt10563604,nm8421363
tt10563620,nm6109198
tt10563624,nm6109198
tt10563636,nm1615952
tt10563650,nm4162913
tt10563654,nm6109198
tt10563660,nm4162913
tt10563662,nm10803479
tt10563662,nm10803480
tt10563662,nm10803481
tt10563670,nm8192681
tt10563680,nm4158442
tt10563688,nm1548732
tt10563690,nm1188396
tt10563690,nm2809503
tt10563690,nm3238584
tt10563694,nm1188396
tt10563694,nm2809503
tt10563694,nm3238584
tt10563700,nm1188396
tt10563700,nm2809503
tt10563700,nm3238584
tt10563710,nm1188396
tt10563710,nm2809503
tt10563710,nm3238584
tt10563712,nm8192681
tt10563714,nm1188396
tt10563714,nm2809503
tt10563714,nm3238584
tt10563716,nm6109198
tt10563718,nm6138692
tt10563720,nm1188396
tt10563720,nm2809503
tt10563720,nm3238584
tt10563724,nm6138692
tt10563726,nm1188396
tt10563726,nm2809503
tt10563726,nm3238584
tt10563730,nm1188396
tt10563730,nm2809503
tt10563730,nm3238584
tt10563732,nm1188396
tt10563732,nm2809503
tt10563732,nm3238584
tt10563734,nm1697712
tt10563736,nm1188396
tt10563736,nm2809503
tt10563736,nm3238584
tt10563740,nm1188396
tt10563740,nm2809503
tt10563740,nm3238584
tt10563744,nm1188396
tt10563744,nm2809503
tt10563744,nm3238584
tt10563746,nm1188396
tt10563746,nm2809503
tt10563746,nm3238584
tt10563802,nm9580009
tt10563812,nm4022034
tt10563834,nm4210173
tt10564072,nm2315061
tt10564112,nm8008441
tt10564114,nm8008441
tt10564116,nm8008441
tt10564118,nm8008441
tt10564120,nm8008441
tt10564122,nm8008441
tt10564124,nm8008441
tt10564126,nm8008441
tt10564132,nm8008441
tt10564134,nm8008441
tt10564136,nm8008441
tt10564138,nm8008441
tt10564146,nm8008441
tt10564148,nm8008441
tt10564150,nm8008441
tt10564152,nm8008441
tt10564154,nm8008441
tt10564156,nm8008441
tt10564158,nm8008441
tt10564160,nm8008441
tt10564170,nm10803779
tt10564170,nm3721376
tt10564214,nm2354796
tt10564222,nm2139773
tt10564268,nm2665605
tt10564372,nm2354796
tt10564392,nm4651683
tt10564438,nm6855496
tt10564500,nm4039415
tt10564594,nm8867738
tt10564598,nm10803995
tt10564612,nm9794771
tt10564792,nm4512390
tt10564814,nm2159284
tt10564824,nm10804200
tt10564842,nm10490240
tt10564884,nm10490240
tt10564904,nm7216456
tt10564912,nm10490240
tt10564918,nm8916191
tt10564932,nm7216456
tt10564986,nm7216456
tt10564990,nm7216456
tt10564996,nm7216456
tt10565000,nm7216456
tt10565006,nm7216456
tt10565012,nm7216456
tt10565018,nm7216456
tt10565022,nm7216456
tt10565024,nm2140474
tt10565024,nm3293926
tt10565026,nm2140474
tt10565026,nm3293926
tt10565028,nm2140474
tt10565028,nm3293926
tt10565030,nm2140474
tt10565030,nm3293926
tt10565032,nm2140474
tt10565032,nm3293926
tt10565034,nm2140474
tt10565034,nm3293926
tt10565036,nm2140474
tt10565036,nm3293926
tt10565038,nm2140474
tt10565038,nm3293926
tt10565040,nm2140474
tt10565040,nm3293926
tt10565042,nm2140474
tt10565042,nm3293926
tt10565076,nm3907327
tt10565076,nm4375736
tt10565130,nm2788669
tt10565130,nm6855655
tt10565130,nm6855656
tt10565134,nm2788669
tt10565134,nm6855655
tt10565134,nm6855656
tt10565136,nm2788669
tt10565136,nm6855655
tt10565136,nm6855656
tt10565138,nm2788669
tt10565138,nm6855655
tt10565138,nm6855656
tt10565140,nm2788669
tt10565140,nm6855655
tt10565140,nm6855656
tt10565142,nm2788669
tt10565142,nm6855655
tt10565142,nm6855656
tt10565144,nm2788669
tt10565144,nm6855655
tt10565144,nm6855656
tt10565146,nm2788669
tt10565146,nm6855655
tt10565146,nm6855656
tt10565148,nm2788669
tt10565148,nm6855655
tt10565148,nm6855656
tt10565150,nm2788669
tt10565150,nm6855655
tt10565150,nm6855656
tt10565152,nm2788669
tt10565152,nm6855655
tt10565152,nm6855656
tt10565154,nm2788669
tt10565154,nm6855655
tt10565154,nm6855656
tt10565156,nm2788669
tt10565156,nm6855655
tt10565156,nm6855656
tt10565158,nm2788669
tt10565158,nm6855655
tt10565158,nm6855656
tt10565160,nm2788669
tt10565160,nm6855655
tt10565160,nm6855656
tt10565162,nm2788669
tt10565162,nm6855655
tt10565162,nm6855656
tt10565166,nm2788669
tt10565166,nm6855655
tt10565166,nm6855656
tt10565168,nm2788669
tt10565168,nm6855655
tt10565168,nm6855656
tt10565170,nm2788669
tt10565170,nm6855655
tt10565170,nm6855656
tt10565172,nm2788669
tt10565172,nm6855655
tt10565172,nm6855656
tt10565250,nm10604490
tt10565250,nm1855392
tt10565250,nm3825992
tt10565250,nm4480572
tt10565250,nm8637652
tt10565252,nm10604490
tt10565252,nm1855392
tt10565252,nm3825992
tt10565252,nm8637652
tt10565254,nm10604490
tt10565254,nm1855392
tt10565254,nm3825992
tt10565254,nm4480572
tt10565254,nm8637652
tt10565256,nm10604490
tt10565256,nm1855392
tt10565256,nm3825992
tt10565256,nm8637652
tt10565258,nm10604490
tt10565258,nm12338222
tt10565258,nm1855392
tt10565258,nm3825992
tt10565258,nm4480572
tt10565258,nm8637652
tt10565260,nm10604490
tt10565260,nm1855392
tt10565260,nm3825992
tt10565260,nm8637652
tt10565262,nm10604490
tt10565262,nm1855392
tt10565262,nm3825992
tt10565262,nm8637652
tt10565264,nm10604490
tt10565264,nm1855392
tt10565264,nm3825992
tt10565264,nm4480572
tt10565264,nm8637652
tt10565266,nm10604490
tt10565266,nm1855392
tt10565266,nm3825992
tt10565266,nm8637652
tt10565270,nm10604490
tt10565270,nm1855392
tt10565270,nm3825992
tt10565270,nm8637652
tt10565272,nm10604490
tt10565272,nm1855392
tt10565272,nm3825992
tt10565272,nm8637652
tt10565274,nm10604490
tt10565274,nm1855392
tt10565274,nm3825992
tt10565274,nm4480572
tt10565274,nm8637652
tt10565276,nm10604490
tt10565276,nm1855392
tt10565276,nm3825992
tt10565276,nm8637652
tt10565278,nm10604490
tt10565278,nm1855392
tt10565278,nm3825992
tt10565278,nm8637652
tt10565280,nm10604490
tt10565280,nm1855392
tt10565280,nm3825992
tt10565280,nm8637652
tt10565282,nm10604490
tt10565282,nm1855392
tt10565282,nm3825992
tt10565282,nm8637652
tt10565284,nm10604490
tt10565284,nm1855392
tt10565284,nm3825992
tt10565284,nm8637652
tt10565286,nm10604490
tt10565286,nm1855392
tt10565286,nm3825992
tt10565286,nm8637652
tt10565288,nm10604490
tt10565288,nm1855392
tt10565288,nm3825992
tt10565288,nm8637652
tt10565334,nm0474848
tt10565336,nm0474848
tt10565338,nm0474848
tt10565340,nm0474848
tt10565342,nm0474848
tt10565344,nm0474848
tt10565346,nm0474848
tt10565348,nm0474848
tt10565350,nm0474848
tt10565352,nm0474848
tt10565354,nm0474848
tt10565356,nm0474848
tt10565358,nm0474848
tt10565360,nm0474848
tt10565362,nm0474848
tt10565364,nm0474848
tt10565366,nm0474848
tt10565368,nm0474848
tt10565370,nm0474848
tt10565372,nm0474848
tt10565374,nm0474848
tt10565376,nm0474848
tt10565378,nm0474848
tt10565380,nm0474848
tt10565382,nm0474848
tt10565384,nm0474848
tt10565386,nm0474848
tt10565388,nm0474848
tt10565390,nm0474848
tt10565392,nm0474848
tt10565394,nm0474848
tt10565396,nm0869536
tt10565398,nm0474848
tt10565400,nm0474848
tt10565402,nm0474848
tt10565404,nm0474848
tt10565406,nm0474848
tt10565408,nm0474848
tt10565410,nm0474848
tt10565412,nm10804343
tt10565412,nm10804344
tt10565414,nm0474848
tt10565416,nm0474848
tt10565418,nm0474848
tt10565420,nm0474848
tt10565422,nm0474848
tt10565424,nm0474848
tt10565426,nm0474848
tt10565428,nm0474848
tt10565430,nm0474848
tt10565432,nm0474848
tt10565434,nm0474848
tt10565436,nm0474848
tt10565438,nm0474848
tt10565440,nm0474848
tt10565442,nm0474848
tt10565444,nm0474848
tt10565446,nm0474848
tt10565448,nm0474848
tt10565450,nm0474848
tt10565454,nm0474848
tt10565458,nm0474848
tt10565460,nm0474848
tt10565692,nm2393910
tt10565758,nm4130726
tt10565832,nm10770512
tt10565832,nm9506110
tt10565834,nm10770512
tt10565834,nm9506110
tt10565836,nm10770512
tt10565836,nm9506110
tt10565838,nm10770512
tt10565838,nm9506110
tt10565840,nm10770512
tt10565840,nm9506110
tt10565842,nm10770512
tt10565842,nm9506110
tt10565844,nm10770512
tt10565844,nm9506110
tt10565846,nm10770512
tt10565846,nm9506110
tt10565848,nm10770512
tt10565848,nm9506110
tt10565852,nm10770512
tt10565852,nm9506110
tt10565856,nm10770512
tt10565856,nm9506110
tt10565858,nm10770512
tt10565858,nm9506110
tt10565860,nm10770512
tt10565860,nm9506110
tt10565862,nm10770512
tt10565862,nm9506110
tt10565864,nm10770512
tt10565864,nm9506110
tt10565866,nm10770512
tt10565866,nm9506110
tt10565868,nm10770512
tt10565868,nm9506110
tt10565870,nm10770512
tt10565870,nm9506110
tt10565874,nm10770512
tt10565874,nm9506110
tt10565876,nm10770512
tt10565876,nm9506110
tt10566234,nm2788669
tt10566234,nm3131807
tt10566236,nm2788669
tt10566236,nm3131807
tt10566238,nm2788669
tt10566238,nm3131807
tt10566240,nm2788669
tt10566240,nm3131807
tt10566242,nm2788669
tt10566242,nm3131807
tt10566244,nm2788669
tt10566244,nm3131807
tt10566246,nm2788669
tt10566246,nm3131807
tt10566248,nm2788669
tt10566248,nm3131807
tt10566250,nm2788669
tt10566250,nm3131807
tt10566254,nm2788669
tt10566254,nm3131807
tt10566256,nm2788669
tt10566256,nm3131807
tt10566260,nm2788669
tt10566260,nm3131807
tt10566264,nm2788669
tt10566264,nm3131807
tt10566266,nm2788669
tt10566266,nm3131807
tt10566268,nm2788669
tt10566268,nm3131807
tt10566270,nm2788669
tt10566270,nm3131807
tt10566272,nm2788669
tt10566272,nm3131807
tt10566274,nm2788669
tt10566274,nm3131807
tt10566276,nm2788669
tt10566276,nm3131807
tt10566278,nm2788669
tt10566278,nm3131807
tt10566280,nm2788669
tt10566280,nm3131807
tt10566282,nm2788669
tt10566282,nm3131807
tt10566284,nm2788669
tt10566284,nm3131807
tt10566286,nm2788669
tt10566286,nm3131807
tt10566494,nm9785742
tt10566496,nm9785742
tt10566498,nm9785742
tt10566500,nm9785742
tt10566502,nm9785742
tt10566504,nm9785742
tt10566508,nm9785742
tt10566510,nm9785742
tt10566512,nm9785742
tt10566514,nm9785742
tt10566516,nm9785742
tt10566518,nm9785742
tt10566520,nm9785742
tt10566524,nm9785742
tt10566526,nm9785742
tt10566528,nm9785742
tt10566530,nm9785742
tt10566532,nm9785742
tt10566534,nm9785742
tt10566536,nm9785742
tt10566538,nm9785742
tt10566540,nm9785742
tt10566542,nm9785742
tt10566546,nm9785742
tt10566550,nm9785742
tt10566552,nm9785742
tt10566554,nm9785742
tt10566556,nm9785742
tt10566558,nm9785742
tt10566560,nm9785742
tt10566562,nm9785742
tt10566564,nm9785742
tt10566566,nm9785742
tt10566568,nm9785742
tt10566570,nm9785742
tt10566572,nm9785742
tt10566574,nm9785742
tt10566576,nm9785742
tt10566578,nm9785742
tt10566580,nm9785742
tt10566582,nm9785742
tt10566584,nm9785742
tt10566586,nm9785742
tt10566588,nm9785742
tt10566590,nm9785742
tt10566592,nm9785742
tt10566594,nm9785742
tt10566596,nm9785742
tt10566598,nm9785742
tt10566600,nm9785742
tt10566602,nm9785742
tt10566604,nm9785742
tt10566606,nm9785742
tt10566608,nm9785742
tt10566610,nm9785742
tt10566612,nm9785742
tt10566614,nm9785742
tt10566616,nm9785742
tt10566618,nm9785742
tt10566620,nm9785742
tt10566622,nm9785742
tt10566624,nm9785742
tt10566626,nm9785742
tt10566628,nm9785742
tt10566630,nm9785742
tt10566632,nm9785742
tt10566634,nm9785742
tt10566638,nm9785742
tt10566640,nm9785742
tt10566642,nm9785742
tt10566644,nm9785742
tt10566648,nm9785742
tt10566650,nm9785742
tt10566652,nm9785742
tt10566654,nm9785742
tt10566656,nm9785742
tt10566658,nm9785742
tt10566660,nm9785742
tt10566662,nm9785742
tt10566666,nm9785742
tt10566794,nm2393910
tt10566820,nm3417289
tt10566820,nm5669454
tt10566820,nm8144223
tt10566820,nm8310702
tt10566820,nm8310703
tt10566822,nm3417289
tt10566822,nm5669454
tt10566822,nm8144223
tt10566822,nm8310702
tt10566822,nm8310703
tt10566824,nm3417289
tt10566824,nm5669454
tt10566824,nm8144223
tt10566824,nm8310702
tt10566824,nm8310703
tt10566826,nm3417289
tt10566826,nm5669454
tt10566826,nm8144223
tt10566826,nm8310702
tt10566826,nm8310703
tt10566828,nm3417289
tt10566828,nm5669454
tt10566828,nm8144223
tt10566828,nm8310702
tt10566828,nm8310703
tt10566834,nm3417289
tt10566834,nm5669454
tt10566834,nm8144223
tt10566834,nm8310702
tt10566834,nm8310703
tt10566836,nm3417289
tt10566836,nm5669454
tt10566836,nm8144223
tt10566836,nm8310702
tt10566836,nm8310703
tt10566838,nm3417289
tt10566838,nm5669454
tt10566838,nm8144223
tt10566838,nm8310702
tt10566838,nm8310703
tt10566840,nm3417289
tt10566840,nm5669454
tt10566840,nm8144223
tt10566840,nm8310702
tt10566840,nm8310703
tt10566842,nm3417289
tt10566842,nm5669454
tt10566842,nm8144223
tt10566842,nm8310702
tt10566842,nm8310703
tt10566844,nm3417289
tt10566844,nm5669454
tt10566844,nm8144223
tt10566844,nm8310702
tt10566844,nm8310703
tt10566846,nm3417289
tt10566846,nm5669454
tt10566846,nm8144223
tt10566846,nm8310702
tt10566846,nm8310703
tt10566848,nm3417289
tt10566848,nm5669454
tt10566848,nm8144223
tt10566848,nm8310702
tt10566848,nm8310703
tt10566850,nm3417289
tt10566850,nm5669454
tt10566850,nm8144223
tt10566850,nm8310702
tt10566850,nm8310703
tt10566852,nm3417289
tt10566852,nm5669454
tt10566852,nm8144223
tt10566852,nm8310702
tt10566852,nm8310703
tt10566854,nm3417289
tt10566854,nm5669454
tt10566854,nm8144223
tt10566854,nm8310702
tt10566854,nm8310703
tt10566856,nm3417289
tt10566856,nm5669454
tt10566856,nm8144223
tt10566856,nm8310702
tt10566856,nm8310703
tt10566858,nm3417289
tt10566858,nm5669454
tt10566858,nm8144223
tt10566858,nm8310702
tt10566858,nm8310703
tt10566860,nm3417289
tt10566860,nm5669454
tt10566860,nm8144223
tt10566860,nm8310702
tt10566860,nm8310703
tt10566862,nm3417289
tt10566862,nm5669454
tt10566862,nm8144223
tt10566862,nm8310702
tt10566862,nm8310703
tt10566936,nm7374747
tt10566940,nm7374747
tt10566952,nm7374747
tt10566990,nm7374747
tt10567000,nm7374747
tt10567008,nm9605429
tt10567010,nm9605429
tt10567012,nm9605429
tt10567014,nm9605429
tt10567016,nm9605429
tt10567018,nm9605429
tt10567020,nm9605429
tt10567022,nm9605429
tt10567024,nm9605429
tt10567026,nm9605429
tt10567028,nm7374747
tt10567030,nm9605429
tt10567032,nm9605429
tt10567036,nm9605429
tt10567038,nm9605429
tt10567040,nm9605429
tt10567044,nm9605429
tt10567046,nm9605429
tt10567048,nm9605429
tt10567050,nm9605429
tt10567052,nm9605429
tt10567054,nm9605429
tt10567056,nm9605429
tt10567058,nm7374747
tt10567064,nm7374747
tt10567070,nm7374747
tt10567082,nm7374747
tt10567090,nm7374747
tt10567100,nm7243709
tt10567106,nm7374747
tt10567110,nm7374747
tt10567114,nm7374747
tt10567156,nm7374747
tt10567174,nm7374747
tt10567296,nm7374747
tt10567450,nm0945009
tt10567452,nm9099748
tt10567498,nm4813672
tt10567722,nm9529695
tt10567728,nm9529695
tt10567838,nm10805082
tt10567840,nm5406765
tt10567894,nm1634109
tt10567906,nm5406765
tt10568024,nm10805207
tt10568046,nm10805196
tt10568046,nm10805225
tt10568046,nm6965867
tt10568046,nm8140137
tt10568052,nm10805225
tt10568056,nm9946680
tt10568064,nm5849644
tt10568080,nm7374747
tt10568098,nm7374747
tt10568102,nm1615952
tt10568104,nm6138692
tt10568106,nm10805328
tt10568108,nm4162913
tt10568114,nm6109198
tt10568118,nm7374747
tt10568192,nm7374747
tt10568396,nm10746840
tt10568428,nm8448619
tt10568440,nm4112351
tt10568464,nm10805618
tt10568512,nm10805642
tt10568520,nm10805647
tt10568544,nm10805689
tt10568552,nm10111695
tt10568598,nm0596636
tt10568624,nm4153466
tt10568884,nm9064728
tt10568894,nm5500014
tt10568900,nm6551148
tt10568934,nm10805830
tt10569016,nm0596636
tt10569178,nm10805863
tt10569240,nm7754751
tt10569276,nm1119536
tt10569512,nm7897668
tt10569548,nm9286676
tt10569590,nm3276726
tt10569644,nm2354796
tt10569788,nm2354796
tt10569834,nm10806142
tt10569836,nm8864663
tt10569892,nm8423452
tt10569892,nm8685414
tt10569954,nm10806261
tt10569954,nm9100151
tt10570036,nm10624398
tt10570042,nm1362413
tt10570042,nm3753915
tt10570062,nm7113970
tt10570092,nm3837878
tt10570106,nm10806440
tt10570132,nm14509239
tt10570138,nm7374747
tt10570158,nm5830155
tt10570162,nm7374747
tt10570190,nm5367242
tt10570226,nm9605429
tt10570230,nm9605429
tt10570232,nm9605429
tt10570234,nm9605429
tt10570238,nm9605429
tt10570240,nm9605429
tt10570244,nm9605429
tt10570246,nm9605429
tt10570248,nm9605429
tt10570252,nm9605429
tt10570254,nm9605429
tt10570256,nm9605429
tt10570262,nm9605429
tt10570264,nm9605429
tt10570266,nm9605429
tt10570268,nm9605429
tt10570270,nm9605429
tt10570272,nm9605429
tt10570274,nm9605429
tt10570276,nm9605429
tt10570282,nm9605429
tt10570284,nm9605429
tt10570286,nm9605429
tt10570288,nm9605429
tt10570290,nm9605429
tt10570292,nm9605429
tt10570296,nm9605429
tt10570298,nm9605429
tt10570300,nm9605429
tt10570304,nm9605429
tt10570306,nm9605429
tt10570308,nm9605429
tt10570314,nm9605429
tt10570316,nm9605429
tt10570318,nm9605429
tt10570320,nm9605429
tt10570322,nm9605429
tt10570324,nm9605429
tt10570326,nm9605429
tt10570422,nm3417289
tt10570422,nm5669454
tt10570422,nm8144223
tt10570422,nm8310702
tt10570422,nm8310703
tt10570424,nm3417289
tt10570424,nm5669454
tt10570424,nm8144223
tt10570424,nm8310702
tt10570424,nm8310703
tt10570426,nm3417289
tt10570426,nm5669454
tt10570426,nm8144223
tt10570426,nm8310702
tt10570426,nm8310703
tt10570430,nm3417289
tt10570430,nm5669454
tt10570430,nm8144223
tt10570430,nm8310702
tt10570430,nm8310703
tt10570434,nm3417289
tt10570434,nm5669454
tt10570434,nm8144223
tt10570434,nm8310702
tt10570434,nm8310703
tt10570436,nm3417289
tt10570436,nm5669454
tt10570436,nm8144223
tt10570436,nm8310702
tt10570436,nm8310703
tt10570440,nm3417289
tt10570440,nm5669454
tt10570440,nm8144223
tt10570440,nm8310702
tt10570440,nm8310703
tt10570444,nm3417289
tt10570444,nm5669454
tt10570444,nm8144223
tt10570444,nm8310702
tt10570444,nm8310703
tt10570446,nm3417289
tt10570446,nm5669454
tt10570446,nm8144223
tt10570446,nm8310702
tt10570446,nm8310703
tt10570448,nm3417289
tt10570448,nm5669454
tt10570448,nm8144223
tt10570448,nm8310702
tt10570448,nm8310703
tt10570450,nm3417289
tt10570450,nm5669454
tt10570450,nm8144223
tt10570450,nm8310702
tt10570450,nm8310703
tt10570452,nm3417289
tt10570452,nm5669454
tt10570452,nm8144223
tt10570452,nm8310702
tt10570452,nm8310703
tt10570454,nm3417289
tt10570454,nm5669454
tt10570454,nm8144223
tt10570454,nm8310702
tt10570454,nm8310703
tt10570456,nm3417289
tt10570456,nm5669454
tt10570456,nm8144223
tt10570456,nm8310702
tt10570456,nm8310703
tt10570458,nm3417289
tt10570458,nm5669454
tt10570458,nm8144223
tt10570458,nm8310702
tt10570458,nm8310703
tt10570460,nm3417289
tt10570460,nm5669454
tt10570460,nm8144223
tt10570460,nm8310702
tt10570460,nm8310703
tt10570464,nm3417289
tt10570464,nm5669454
tt10570464,nm8144223
tt10570464,nm8310702
tt10570464,nm8310703
tt10570466,nm3417289
tt10570466,nm5669454
tt10570466,nm8144223
tt10570466,nm8310702
tt10570466,nm8310703
tt10570468,nm3417289
tt10570468,nm5669454
tt10570468,nm8144223
tt10570468,nm8310702
tt10570468,nm8310703
tt10570470,nm3417289
tt10570470,nm5669454
tt10570470,nm8144223
tt10570470,nm8310702
tt10570470,nm8310703
tt10570632,nm9785742
tt10570634,nm9785742
tt10570636,nm9785742
tt10570640,nm9785742
tt10570642,nm9785742
tt10570644,nm9785742
tt10570648,nm9785742
tt10570650,nm9785742
tt10570652,nm9785742
tt10570654,nm9785742
tt10570656,nm9785742
tt10570658,nm9785742
tt10570660,nm9785742
tt10570664,nm9785742
tt10570666,nm9785742
tt10570668,nm9785742
tt10570670,nm9785742
tt10570672,nm9785742
tt10570674,nm9785742
tt10570676,nm9785742
tt10570684,nm9785742
tt10570686,nm10649890
tt10570688,nm9785742
tt10570690,nm9785742
tt10570692,nm9785742
tt10570698,nm9785742
tt10570700,nm9785742
tt10570702,nm9785742
tt10570706,nm9785742
tt10570708,nm9785742
tt10570710,nm9785742
tt10570712,nm9785742
tt10570718,nm9785742
tt10570720,nm9785742
tt10570722,nm9785742
tt10570724,nm9785742
tt10570726,nm9785742
tt10570730,nm9785742
tt10570732,nm9785742
tt10570734,nm7374747
tt10570736,nm9785742
tt10570738,nm9785742
tt10570744,nm10806682
tt10570748,nm9785742
tt10570750,nm9785742
tt10570752,nm9785742
tt10570754,nm9785742
tt10570756,nm9785742
tt10570760,nm9785742
tt10570762,nm9785742
tt10570764,nm9785742
tt10570766,nm9785742
tt10570768,nm9785742
tt10570770,nm9785742
tt10570772,nm9785742
tt10570776,nm9785742
tt10570780,nm9785742
tt10570782,nm9785742
tt10570784,nm9785742
tt10570786,nm9785742
tt10570788,nm9785742
tt10570790,nm9785742
tt10570792,nm9785742
tt10570794,nm9785742
tt10570796,nm9785742
tt10570798,nm9785742
tt10570800,nm9785742
tt10570802,nm9785742
tt10570804,nm9785742
tt10570806,nm9785742
tt10570810,nm9785742
tt10570812,nm9785742
tt10570814,nm9785742
tt10570816,nm9785742
tt10570820,nm9785742
tt10570822,nm9785742
tt10570824,nm9785742
tt10570826,nm9785742
tt10570828,nm9785742
tt10570830,nm9785742
tt10570832,nm9785742
tt10570834,nm9785742
tt10570836,nm9785742
tt10570872,nm3584456
tt10570954,nm7374747
tt10571030,nm2788669
tt10571030,nm3131807
tt10571032,nm2788669
tt10571032,nm3131807
tt10571034,nm2788669
tt10571034,nm3131807
tt10571036,nm2788669
tt10571036,nm3131807
tt10571038,nm2788669
tt10571038,nm3131807
tt10571040,nm2788669
tt10571040,nm3131807
tt10571044,nm2788669
tt10571044,nm3131807
tt10571046,nm2788669
tt10571046,nm3131807
tt10571048,nm2788669
tt10571048,nm3131807
tt10571050,nm2788669
tt10571050,nm3131807
tt10571052,nm2788669
tt10571052,nm3131807
tt10571068,nm2158895
tt10571082,nm7374747
tt10571092,nm4130726
tt10571162,nm7374747
tt10571166,nm5254093
tt10571176,nm3263611
tt10571180,nm3263611
tt10571222,nm7374747
tt10571284,nm1298267
tt10571334,nm10770512
tt10571334,nm9506110
tt10571336,nm10770512
tt10571336,nm9506110
tt10571338,nm10770512
tt10571338,nm9506110
tt10571340,nm10770512
tt10571340,nm9506110
tt10571342,nm10770512
tt10571342,nm9506110
tt10571344,nm10770512
tt10571344,nm9506110
tt10571346,nm10770512
tt10571346,nm9506110
tt10571348,nm10770512
tt10571348,nm9506110
tt10571352,nm10770512
tt10571352,nm9506110
tt10571354,nm10770512
tt10571354,nm9506110
tt10571356,nm10770512
tt10571356,nm9506110
tt10571358,nm10770512
tt10571358,nm9506110
tt10571360,nm10770512
tt10571360,nm9506110
tt10571362,nm10770512
tt10571362,nm9506110
tt10571364,nm10770512
tt10571364,nm9506110
tt10571366,nm10770512
tt10571366,nm9506110
tt10571368,nm10770512
tt10571368,nm9506110
tt10571370,nm10770512
tt10571370,nm9506110
tt10571374,nm10770512
tt10571374,nm9506110
tt10571376,nm10770512
tt10571376,nm9506110
tt10571430,nm3513211
tt10571476,nm4813513
tt10571676,nm1590739
tt10571834,nm0474848
tt10571836,nm0474848
tt10571840,nm0474848
tt10571842,nm0474848
tt10571844,nm0474848
tt10571846,nm0474848
tt10571848,nm0474848
tt10571850,nm0474848
tt10571852,nm0474848
tt10571854,nm0474848
tt10571856,nm0474848
tt10571858,nm0474848
tt10571860,nm0474848
tt10571862,nm0474848
tt10571864,nm0474848
tt10571866,nm0474848
tt10571868,nm0474848
tt10571870,nm0474848
tt10571872,nm0474848
tt10571874,nm0474848
tt10571876,nm0474848
tt10571878,nm0474848
tt10571880,nm0474848
tt10571882,nm0474848
tt10571884,nm0474848
tt10571888,nm0474848
tt10571890,nm0474848
tt10571892,nm2646338
tt10571894,nm0474848
tt10571896,nm0474848
tt10571898,nm0474848
tt10571900,nm0474848
tt10571904,nm0474848
tt10571906,nm0474848
tt10571908,nm0474848
tt10571912,nm0474848
tt10571914,nm0474848
tt10571916,nm0474848
tt10571918,nm0474848
tt10571922,nm0474848
tt10571924,nm0474848
tt10571926,nm0474848
tt10571928,nm0474848
tt10571930,nm0474848
tt10571932,nm0474848
tt10571934,nm0474848
tt10571936,nm0474848
tt10571938,nm0474848
tt10571940,nm0474848
tt10571942,nm0474848
tt10571944,nm0474848
tt10571946,nm0474848
tt10571950,nm0474848
tt10571952,nm0474848
tt10571954,nm0474848
tt10571956,nm0474848
tt10571958,nm0474848
tt10571960,nm0474848
tt10571962,nm0474848
tt10571964,nm0474848
tt10571966,nm0474848
tt10572016,nm10604490
tt10572016,nm1855392
tt10572016,nm3825992
tt10572016,nm8637652
tt10572020,nm10604490
tt10572020,nm1855392
tt10572020,nm3825992
tt10572020,nm8637652
tt10572022,nm10604490
tt10572022,nm1855392
tt10572022,nm3825992
tt10572022,nm8637652
tt10572024,nm10604490
tt10572024,nm1855392
tt10572024,nm3825992
tt10572024,nm8637652
tt10572028,nm10604490
tt10572028,nm1855392
tt10572028,nm3825992
tt10572028,nm8637652
tt10572030,nm10604490
tt10572030,nm1855392
tt10572030,nm3825992
tt10572030,nm8637652
tt10572032,nm10604490
tt10572032,nm1855392
tt10572032,nm3825992
tt10572032,nm8637652
tt10572034,nm10604490
tt10572034,nm1855392
tt10572034,nm3825992
tt10572034,nm8637652
tt10572036,nm10604490
tt10572036,nm1855392
tt10572036,nm3825992
tt10572036,nm8637652
tt10572050,nm0042745
tt10572068,nm2788669
tt10572068,nm6855655
tt10572068,nm6855656
tt10572070,nm10807020
tt10572070,nm10807021
tt10572070,nm10807029
tt10572072,nm2788669
tt10572072,nm6855655
tt10572072,nm6855656
tt10572074,nm2788669
tt10572074,nm6855655
tt10572074,nm6855656
tt10572076,nm2788669
tt10572076,nm6855655
tt10572076,nm6855656
tt10572078,nm2788669
tt10572078,nm6855655
tt10572078,nm6855656
tt10572080,nm2788669
tt10572080,nm6855655
tt10572080,nm6855656
tt10572082,nm2788669
tt10572082,nm6855655
tt10572082,nm6855656
tt10572084,nm2788669
tt10572084,nm6855655
tt10572084,nm6855656
tt10572086,nm2788669
tt10572086,nm6855655
tt10572086,nm6855656
tt10572088,nm2788669
tt10572088,nm6855655
tt10572088,nm6855656
tt10572090,nm2788669
tt10572090,nm6855655
tt10572090,nm6855656
tt10572092,nm2788669
tt10572092,nm6855655
tt10572092,nm6855656
tt10572094,nm2788669
tt10572094,nm6855655
tt10572094,nm6855656
tt10572098,nm2788669
tt10572098,nm6855655
tt10572098,nm6855656
tt10572100,nm2788669
tt10572100,nm6855655
tt10572100,nm6855656
tt10572102,nm2788669
tt10572102,nm6855655
tt10572102,nm6855656
tt10572104,nm2788669
tt10572104,nm6855655
tt10572104,nm6855656
tt10572106,nm2788669
tt10572106,nm6855655
tt10572106,nm6855656
tt10572108,nm2788669
tt10572108,nm6855655
tt10572108,nm6855656
tt10572110,nm2788669
tt10572110,nm6855655
tt10572110,nm6855656
tt10572154,nm0042745
tt10572252,nm2140474
tt10572252,nm3293926
tt10572254,nm2140474
tt10572254,nm3293926
tt10572256,nm2140474
tt10572256,nm3293926
tt10572258,nm2140474
tt10572258,nm3293926
tt10572260,nm2140474
tt10572260,nm3293926
tt10572262,nm2140474
tt10572262,nm3293926
tt10572266,nm2140474
tt10572266,nm3293926
tt10572268,nm2140474
tt10572268,nm3293926
tt10572270,nm2140474
tt10572270,nm3293926
tt10572274,nm0622051
tt10572276,nm2639343
tt10572282,nm9605429
tt10572284,nm9605429
tt10572286,nm9605429
tt10572288,nm9605429
tt10572290,nm9605429
tt10572292,nm9605429
tt10572294,nm9605429
tt10572298,nm9605429
tt10572300,nm9605429
tt10572302,nm9605429
tt10572304,nm9605429
tt10572306,nm9605429
tt10572308,nm9605429
tt10572310,nm9605429
tt10572312,nm9605429
tt10572314,nm11753712
tt10572314,nm9605429
tt10572316,nm9605429
tt10572318,nm9605429
tt10572320,nm9605429
tt10572322,nm9605429
tt10572324,nm9605429
tt10572326,nm9605429
tt10572328,nm9605429
tt10572330,nm9605429
tt10572332,nm9605429
tt10572334,nm11753712
tt10572334,nm9605429
tt10572336,nm9605429
tt10572338,nm9605429
tt10572340,nm9605429
tt10572344,nm9605429
tt10572346,nm9605429
tt10572348,nm9605429
tt10572350,nm9605429
tt10572352,nm11753712
tt10572352,nm9605429
tt10572354,nm9605429
tt10572356,nm9605429
tt10572358,nm9605429
tt10572360,nm9605429
tt10572362,nm9605429
tt10572364,nm9605429
tt10572366,nm9605429
tt10572370,nm9605429
tt10572372,nm9605429
tt10572374,nm9605429
tt10572376,nm9605429
tt10572378,nm9605429
tt10572380,nm9605429
tt10572382,nm9605429
tt10572384,nm9605429
tt10572386,nm9605429
tt10572388,nm9605429
tt10572390,nm9605429
tt10572602,nm10807243
tt10572748,nm10807020
tt10572748,nm10807021
tt10572752,nm9695029
tt10572758,nm3888467
tt10572788,nm7823600
tt10572916,nm3539853
tt10572928,nm10804456
tt10572986,nm6589173
tt10573016,nm0811227
tt10573058,nm7500283
tt10573068,nm0454199
tt10573070,nm10781451
tt10573070,nm9433924
tt10573118,nm10781451
tt10573118,nm9433924
tt10573132,nm10781451
tt10573132,nm9433924
tt10573140,nm10781451
tt10573140,nm9433924
tt10573146,nm9099748
tt10573220,nm10649783
tt10573300,nm10807809
tt10573300,nm10807810
tt10573340,nm1885677
tt10573366,nm6650337
tt10573488,nm1286368
tt10573496,nm4857084
tt10573506,nm4857084
tt10573508,nm4857084
tt10573528,nm1286368
tt10573530,nm4857084
tt10573538,nm4857084
tt10573670,nm4725624
tt10573722,nm10089847
tt10573788,nm7838074
tt10573818,nm6301740
tt10573824,nm10808083
tt10573856,nm4301429
tt10573974,nm10473592
tt10573974,nm2471666
tt10574048,nm5769030
tt10574088,nm10473592
tt10574094,nm10808250
tt10574094,nm9810140
tt10574128,nm9625546
tt10574132,nm7347655
tt10574166,nm5500014
tt10574200,nm4630153
tt10574238,nm9122771
tt10574242,nm6774811
tt10574246,nm10808334
tt10574246,nm5606162
tt10574260,nm6090107
tt10574262,nm10806440
tt10574264,nm10806440
tt10574266,nm10806440
tt10574268,nm10806440
tt10574270,nm10806440
tt10574292,nm2354796
tt10574358,nm9704712
tt10574410,nm10808334
tt10574422,nm10808334
tt10574430,nm10808334
tt10574450,nm10808334
tt10574458,nm10808334
tt10574468,nm5606162
tt10574470,nm2354796
tt10574478,nm10808334
tt10574480,nm3837878
tt10574482,nm3837878
tt10574484,nm3837878
tt10574486,nm3837878
tt10574488,nm10678000
tt10574490,nm10673879
tt10574494,nm10808334
tt10574502,nm10678000
tt10574504,nm10808334
tt10574508,nm10808334
tt10574528,nm10808334
tt10574574,nm4281777
tt10574584,nm2802968
tt10574584,nm4281777
tt10574590,nm4281777
tt10574596,nm4281777
tt10574604,nm4281777
tt10574616,nm8657778
tt10574622,nm4281777
tt10574656,nm1600565
tt10574658,nm10808657
tt10574670,nm4281777
tt10574680,nm0105680
tt10574688,nm3594819
tt10574696,nm6974257
tt10574698,nm0105680
tt10574786,nm8312313
tt10574788,nm1362413
tt10574788,nm3753915
tt10574790,nm1362413
tt10574790,nm3753915
tt10574792,nm1362413
tt10574792,nm3753915
tt10574794,nm1362413
tt10574794,nm3753915
tt10574796,nm1362413
tt10574796,nm3753915
tt10574850,nm0573047
tt10574850,nm0771364
tt10574850,nm1010504
tt10574850,nm3433439
tt10574850,nm6649123
tt10574858,nm0573047
tt10574858,nm0771364
tt10574858,nm2828710
tt10574858,nm2902000
tt10574892,nm9829784
tt10574930,nm9829784
tt10575012,nm6259651
tt10575120,nm3232264
tt10575148,nm10807020
tt10575148,nm10807021
tt10575200,nm9605429
tt10575202,nm9605429
tt10575204,nm9605429
tt10575208,nm9605429
tt10575212,nm9605429
tt10575214,nm9605429
tt10575216,nm9605429
tt10575218,nm9605429
tt10575220,nm9605429
tt10575222,nm9605429
tt10575224,nm9605429
tt10575226,nm9605429
tt10575228,nm9605429
tt10575230,nm9605429
tt10575232,nm9605429
tt10575236,nm9605429
tt10575238,nm9605429
tt10575240,nm9605429
tt10575242,nm9605429
tt10575244,nm9605429
tt10575246,nm9605429
tt10575248,nm9605429
tt10575250,nm9605429
tt10575252,nm9605429
tt10575254,nm9605429
tt10575258,nm9605429
tt10575260,nm9605429
tt10575262,nm9605429
tt10575264,nm9605429
tt10575274,nm9605429
tt10575282,nm9605429
tt10575284,nm9605429
tt10575288,nm9605429
tt10575292,nm9605429
tt10575296,nm9605429
tt10575298,nm9605429
tt10575302,nm9605429
tt10575304,nm9605429
tt10575306,nm9605429
tt10575310,nm9605429
tt10575312,nm9605429
tt10575314,nm9605429
tt10575316,nm11753712
tt10575316,nm9605429
tt10575318,nm11753712
tt10575318,nm9605429
tt10575320,nm9605429
tt10575322,nm9605429
tt10575324,nm9605429
tt10575326,nm9605429
tt10575328,nm4781840
tt10575330,nm9605429
tt10575332,nm9605429
tt10575334,nm9605429
tt10575336,nm9605429
tt10575340,nm9605429
tt10575342,nm9605429
tt10575344,nm9605429
tt10575346,nm11753712
tt10575346,nm9605429
tt10575348,nm9605429
tt10575350,nm11753712
tt10575350,nm9605429
tt10575352,nm9605429
tt10575354,nm9605429
tt10575358,nm4781840
tt10575362,nm2140474
tt10575362,nm3293926
tt10575364,nm2140474
tt10575364,nm3293926
tt10575366,nm2140474
tt10575366,nm3293926
tt10575368,nm2140474
tt10575368,nm3293926
tt10575370,nm2140474
tt10575370,nm3293926
tt10575372,nm2140474
tt10575372,nm3293926
tt10575376,nm2140474
tt10575376,nm3293926
tt10575386,nm4781840
tt10575390,nm2140474
tt10575390,nm3293926
tt10575392,nm2140474
tt10575392,nm3293926
tt10575394,nm2140474
tt10575394,nm3293926
tt10575430,nm4781840
tt10575466,nm4781840
tt10575506,nm4781840
tt10575536,nm4781840
tt10575540,nm2788669
tt10575540,nm6855655
tt10575540,nm6855656
tt10575542,nm2788669
tt10575542,nm6855655
tt10575542,nm6855656
tt10575544,nm2788669
tt10575544,nm6855655
tt10575544,nm6855656
tt10575550,nm2788669
tt10575550,nm6855655
tt10575550,nm6855656
tt10575552,nm2788669
tt10575552,nm6855655
tt10575552,nm6855656
tt10575556,nm2788669
tt10575556,nm6855655
tt10575556,nm6855656
tt10575560,nm2788669
tt10575560,nm6855655
tt10575560,nm6855656
tt10575564,nm2788669
tt10575564,nm6855655
tt10575564,nm6855656
tt10575566,nm2788669
tt10575566,nm6855655
tt10575566,nm6855656
tt10575568,nm2788669
tt10575568,nm6855655
tt10575568,nm6855656
tt10575570,nm2788669
tt10575570,nm6855655
tt10575570,nm6855656
tt10575572,nm2788669
tt10575572,nm6855655
tt10575572,nm6855656
tt10575574,nm2788669
tt10575574,nm6855655
tt10575574,nm6855656
tt10575578,nm2788669
tt10575578,nm6855655
tt10575578,nm6855656
tt10575580,nm2788669
tt10575580,nm6855655
tt10575580,nm6855656
tt10575582,nm2788669
tt10575582,nm6855655
tt10575582,nm6855656
tt10575584,nm2788669
tt10575584,nm6855655
tt10575584,nm6855656
tt10575586,nm2788669
tt10575586,nm6855655
tt10575586,nm6855656
tt10575590,nm2788669
tt10575590,nm6855655
tt10575590,nm6855656
tt10575592,nm2788669
tt10575592,nm6855655
tt10575592,nm6855656
tt10575664,nm10604490
tt10575664,nm1855392
tt10575664,nm3825992
tt10575664,nm8637652
tt10575666,nm10604490
tt10575666,nm1855392
tt10575666,nm3825992
tt10575666,nm8637652
tt10575668,nm10604490
tt10575668,nm1855392
tt10575668,nm3825992
tt10575668,nm8637652
tt10575670,nm10604490
tt10575670,nm1855392
tt10575670,nm3825992
tt10575670,nm8637652
tt10575674,nm10604490
tt10575674,nm1855392
tt10575674,nm3825992
tt10575674,nm8637652
tt10575676,nm10604490
tt10575676,nm1855392
tt10575676,nm3825992
tt10575676,nm8637652
tt10575678,nm10604490
tt10575678,nm1855392
tt10575678,nm3825992
tt10575678,nm8637652
tt10575682,nm10604490
tt10575682,nm1855392
tt10575682,nm3825992
tt10575682,nm8637652
tt10575684,nm10604490
tt10575684,nm1855392
tt10575684,nm3825992
tt10575684,nm8637652
tt10575688,nm10604490
tt10575688,nm1855392
tt10575688,nm3825992
tt10575688,nm8637652
tt10575690,nm10604490
tt10575690,nm1855392
tt10575690,nm3825992
tt10575690,nm8637652
tt10575692,nm10604490
tt10575692,nm1855392
tt10575692,nm3825992
tt10575692,nm8637652
tt10575696,nm10604490
tt10575696,nm1855392
tt10575696,nm3825992
tt10575696,nm4480572
tt10575696,nm8637652
tt10575698,nm10604490
tt10575698,nm1855392
tt10575698,nm3825992
tt10575698,nm8637652
tt10575700,nm10604490
tt10575700,nm1855392
tt10575700,nm3825992
tt10575700,nm8637652
tt10575702,nm10604490
tt10575702,nm1855392
tt10575702,nm3825992
tt10575702,nm8637652
tt10575704,nm10604490
tt10575704,nm1855392
tt10575704,nm3825992
tt10575704,nm8637652
tt10575706,nm10604490
tt10575706,nm1855392
tt10575706,nm3825992
tt10575706,nm8637652
tt10575708,nm10604490
tt10575708,nm1855392
tt10575708,nm3825992
tt10575708,nm8637652
tt10575766,nm0474848
tt10575768,nm0474848
tt10575770,nm0474848
tt10575772,nm0474848
tt10575774,nm0474848
tt10575778,nm0474848
tt10575780,nm0474848
tt10575782,nm0474848
tt10575784,nm0474848
tt10575786,nm0474848
tt10575788,nm0474848
tt10575802,nm2713237
tt10575802,nm8487432
tt10575820,nm0474848
tt10575822,nm0474848
tt10575824,nm0474848
tt10575828,nm0474848
tt10575830,nm0474848
tt10575832,nm0474848
tt10575834,nm0474848
tt10575836,nm0474848
tt10575838,nm0474848
tt10575842,nm0474848
tt10575846,nm0474848
tt10575848,nm0474848
tt10575850,nm0474848
tt10575854,nm0474848
tt10575856,nm0474848
tt10575858,nm0474848
tt10575860,nm0474848
tt10575864,nm0474848
tt10575868,nm0474848
tt10575874,nm0474848
tt10575876,nm0474848
tt10575878,nm0474848
tt10575882,nm0474848
tt10575884,nm0474848
tt10575886,nm0474848
tt10575890,nm0474848
tt10575892,nm0474848
tt10575894,nm0474848
tt10575896,nm0474848
tt10575898,nm0474848
tt10575902,nm0474848
tt10575904,nm0474848
tt10575908,nm0474848
tt10575910,nm0474848
tt10575912,nm0474848
tt10575914,nm0474848
tt10575920,nm0474848
tt10575922,nm0474848
tt10575924,nm0474848
tt10576252,nm0884031
tt10576410,nm10770512
tt10576410,nm9506110
tt10576412,nm10770512
tt10576412,nm9506110
tt10576414,nm10770512
tt10576414,nm9506110
tt10576416,nm10770512
tt10576416,nm9506110
tt10576418,nm10770512
tt10576418,nm9506110
tt10576420,nm10770512
tt10576420,nm9506110
tt10576422,nm10770512
tt10576422,nm9506110
tt10576424,nm10770512
tt10576424,nm9506110
tt10576428,nm10770512
tt10576428,nm9506110
tt10576430,nm10770512
tt10576430,nm9506110
tt10576432,nm10770512
tt10576432,nm9506110
tt10576434,nm10770512
tt10576434,nm9506110
tt10576438,nm10770512
tt10576438,nm9506110
tt10576440,nm10770512
tt10576440,nm9506110
tt10576442,nm10770512
tt10576442,nm9506110
tt10576444,nm10770512
tt10576444,nm9506110
tt10576446,nm10770512
tt10576446,nm9506110
tt10576738,nm9785742
tt10576742,nm9785742
tt10576744,nm9785742
tt10576746,nm9785742
tt10576750,nm9785742
tt10576754,nm9785742
tt10576758,nm9785742
tt10576760,nm9785742
tt10576762,nm9785742
tt10576766,nm9785742
tt10576768,nm9785742
tt10576778,nm9785742
tt10576780,nm9785742
tt10576782,nm9785742
tt10576784,nm9785742
tt10576786,nm9785742
tt10576788,nm9785742
tt10576790,nm9785742
tt10576792,nm9785742
tt10576794,nm9785742
tt10576798,nm9785742
tt10576800,nm9785742
tt10576802,nm9785742
tt10576804,nm9785742
tt10576806,nm9785742
tt10576808,nm9785742
tt10576810,nm9785742
tt10576812,nm9785742
tt10576814,nm9785742
tt10576816,nm9785742
tt10576818,nm9785742
tt10576822,nm9785742
tt10576824,nm9785742
tt10576828,nm9785742
tt10576830,nm9785742
tt10576832,nm9785742
tt10576834,nm9785742
tt10576850,nm9785742
tt10576854,nm9785742
tt10576856,nm9785742
tt10576876,nm9785742
tt10576878,nm9785742
tt10576880,nm9785742
tt10576882,nm9785742
tt10576884,nm9785742
tt10576886,nm9785742
tt10576888,nm9785742
tt10576890,nm9785742
tt10576892,nm9785742
tt10576894,nm9785742
tt10576896,nm9785742
tt10576898,nm9785742
tt10576900,nm9785742
tt10576902,nm9785742
tt10576904,nm9785742
tt10576906,nm9785742
tt10576908,nm9785742
tt10576910,nm9785742
tt10576912,nm9785742
tt10576914,nm9785742
tt10576916,nm9785742
tt10576918,nm9785742
tt10576920,nm9785742
tt10576924,nm9785742
tt10576926,nm9785742
tt10576928,nm9785742
tt10576930,nm9785742
tt10576932,nm9785742
tt10576934,nm9785742
tt10576936,nm9785742
tt10576938,nm9785742
tt10576940,nm9785742
tt10576942,nm9785742
tt10576944,nm9785742
tt10576948,nm9785742
tt10576950,nm9785742
tt10576952,nm9785742
tt10576954,nm9785742
tt10576958,nm9785742
tt10576960,nm9785742
tt10576962,nm9785742
tt10576964,nm9785742
tt10577382,nm9605429
tt10577384,nm9605429
tt10577388,nm9605429
tt10577390,nm9605429
tt10577394,nm9605429
tt10577396,nm9605429
tt10577400,nm9605429
tt10577402,nm9605429
tt10577406,nm9605429
tt10577408,nm9605429
tt10577410,nm9605429
tt10577414,nm9605429
tt10577420,nm9605429
tt10577424,nm9605429
tt10577426,nm9605429
tt10577428,nm9605429
tt10577432,nm9605429
tt10577434,nm9605429
tt10577436,nm9605429
tt10577440,nm9605429
tt10577446,nm9605429
tt10577450,nm9605429
tt10577452,nm9605429
tt10577454,nm9605429
tt10577456,nm9605429
tt10577460,nm9605429
tt10577462,nm9605429
tt10577464,nm9605429
tt10577466,nm9605429
tt10577470,nm9605429
tt10577472,nm9605429
tt10577474,nm9605429
tt10577478,nm9605429
tt10577482,nm9605429
tt10577486,nm9605429
tt10577488,nm9605429
tt10577490,nm9605429
tt10577496,nm9605429
tt10577498,nm9605429
tt10577548,nm9605429
tt10577550,nm9605429
tt10577554,nm9605429
tt10577556,nm9605429
tt10577560,nm9605429
tt10577562,nm9605429
tt10577564,nm9605429
tt10577566,nm9605429
tt10577570,nm9605429
tt10577574,nm9605429
tt10577576,nm9605429
tt10577578,nm9605429
tt10577580,nm9605429
tt10577582,nm9605429
tt10577586,nm9605429
tt10577588,nm9605429
tt10577590,nm9605429
tt10577592,nm9605429
tt10577596,nm9605429
tt10577598,nm9605429
tt10577600,nm9605429
tt10577604,nm9605429
tt10577606,nm9605429
tt10577608,nm9605429
tt10577610,nm9605429
tt10577612,nm9605429
tt10577614,nm9605429
tt10577616,nm9605429
tt10577618,nm9605429
tt10577620,nm9605429
tt10577622,nm9605429
tt10577624,nm9605429
tt10577626,nm9605429
tt10577628,nm9605429
tt10577630,nm9605429
tt10577634,nm9605429
tt10577636,nm9605429
tt10577638,nm9605429
tt10577642,nm9605429
tt10577644,nm9605429
tt10577646,nm10781041
tt10577648,nm9605429
tt10577650,nm9605429
tt10577652,nm9605429
tt10577654,nm9605429
tt10577656,nm9605429
tt10577658,nm9605429
tt10577662,nm9605429
tt10577664,nm9605429
tt10577666,nm9605429
tt10577862,nm10809409
tt10577874,nm9505038
tt10577878,nm10809411
tt10577908,nm2193141
tt10577908,nm7202172
tt10577954,nm7761080
tt10577960,nm7508139
tt10577966,nm4541811
tt10577984,nm10809528
tt10577984,nm10891250
tt10578004,nm10531837
tt10578016,nm10673879
tt10578046,nm10774408
tt10578046,nm10774410
tt10578086,nm8680173
tt10578106,nm5901495
tt10578292,nm9861862
tt10578316,nm6015130
tt10578400,nm10809931
tt10578464,nm6015130
tt10578532,nm7761080
tt10578982,nm9399610
tt10579070,nm5821981
tt10579178,nm10766438
tt10579210,nm9674293
tt10579346,nm8774434
tt10579448,nm0387702
tt10579478,nm10810440
tt10579554,nm0609781
tt10579554,nm6747491
tt10579596,nm5767440
tt10579600,nm5248213
tt10579602,nm2354796
tt10579610,nm10810539
tt10579628,nm10810560
tt10579648,nm0941395
tt10579662,nm2090512
tt10579700,nm2090512
tt10579714,nm9496802
tt10579754,nm9399610
tt10579758,nm2090512
tt10579770,nm2354796
tt10579946,nm0941395
tt10579970,nm2354796
tt10579976,nm4158029
tt10580084,nm0638189
tt10580128,nm4355724
tt10580146,nm0116721
tt10580156,nm9877988
tt10580192,nm10811144
tt10580196,nm4188486
tt10580196,nm8084129
tt10580248,nm2532418
tt10580284,nm10811207
tt10580294,nm1551104
tt10580294,nm4347881
tt10580336,nm10811314
tt10580398,nm10631312
tt10580398,nm11741397
tt10580398,nm4027968
tt10580400,nm10631312
tt10580400,nm11741397
tt10580400,nm4027968
tt10580402,nm10631312
tt10580402,nm11741397
tt10580402,nm4027968
tt10580404,nm10631312
tt10580404,nm11741397
tt10580404,nm4027968
tt10580406,nm10631312
tt10580406,nm11741397
tt10580406,nm4027968
tt10580412,nm10631312
tt10580412,nm11741397
tt10580412,nm4027968
tt10580414,nm2826871
tt10580416,nm10631312
tt10580416,nm11741397
tt10580416,nm4027968
tt10580420,nm10631312
tt10580420,nm11741397
tt10580420,nm4027968
tt10580422,nm10631312
tt10580422,nm11741397
tt10580422,nm4027968
tt10580424,nm10631312
tt10580424,nm11741397
tt10580424,nm4027968
tt10580426,nm10631312
tt10580426,nm11741397
tt10580426,nm4027968
tt10580428,nm10631312
tt10580428,nm11741397
tt10580428,nm4027968
tt10580430,nm10631312
tt10580430,nm11741397
tt10580430,nm4027968
tt10580432,nm10631312
tt10580432,nm11741397
tt10580432,nm4027968
tt10580434,nm10631312
tt10580434,nm11741397
tt10580434,nm4027968
tt10580436,nm10631312
tt10580436,nm11741397
tt10580436,nm4027968
tt10580438,nm10631312
tt10580438,nm11741397
tt10580438,nm4027968
tt10580440,nm10631312
tt10580440,nm11741397
tt10580440,nm4027968
tt10580442,nm10631312
tt10580442,nm11741397
tt10580442,nm4027968
tt10580444,nm10631312
tt10580444,nm11741397
tt10580444,nm4027968
tt10580446,nm10631312
tt10580446,nm11741397
tt10580446,nm4027968
tt10580458,nm10811371
tt10580490,nm9605429
tt10580494,nm9605429
tt10580496,nm9605429
tt10580500,nm9605429
tt10580502,nm9605429
tt10580504,nm9605429
tt10580506,nm9605429
tt10580508,nm9605429
tt10580510,nm9605429
tt10580514,nm9605429
tt10580516,nm9605429
tt10580518,nm9605429
tt10580520,nm9605429
tt10580524,nm9605429
tt10580526,nm9605429
tt10580528,nm9605429
tt10580530,nm9605429
tt10580534,nm9605429
tt10580536,nm9605429
tt10580538,nm9605429
tt10580544,nm9605429
tt10580548,nm9605429
tt10580550,nm9605429
tt10580552,nm9605429
tt10580554,nm9605429
tt10580556,nm9605429
tt10580560,nm9605429
tt10580562,nm9605429
tt10580564,nm9605429
tt10580570,nm9605429
tt10580572,nm9605429
tt10580574,nm9605429
tt10580576,nm9605429
tt10580578,nm9605429
tt10580582,nm9605429
tt10580584,nm9605429
tt10580586,nm9605429
tt10580588,nm9605429
tt10580590,nm9605429
tt10580592,nm9605429
tt10580594,nm9605429
tt10580596,nm9605429
tt10580598,nm9605429
tt10580600,nm9605429
tt10580604,nm9605429
tt10580606,nm9605429
tt10580608,nm9605429
tt10580610,nm9605429
tt10580612,nm9605429
tt10580614,nm9605429
tt10580618,nm9605429
tt10580620,nm9605429
tt10580622,nm9605429
tt10580626,nm9605429
tt10580628,nm10488123
tt10580630,nm9605429
tt10580634,nm9605429
tt10580636,nm9605429
tt10580638,nm9605429
tt10580642,nm9605429
tt10580644,nm9605429
tt10580646,nm9605429
tt10580648,nm9605429
tt10580650,nm9605429
tt10580652,nm9605429
tt10580654,nm9605429
tt10580656,nm9605429
tt10580658,nm9605429
tt10580660,nm9605429
tt10580662,nm9605429
tt10580664,nm9605429
tt10580666,nm9605429
tt10580668,nm9605429
tt10580670,nm9605429
tt10580672,nm9605429
tt10580678,nm10798779
tt10580724,nm9605429
tt10580726,nm10786867
tt10580728,nm9605429
tt10580730,nm9605429
tt10580732,nm9605429
tt10580734,nm9605429
tt10580736,nm9605429
tt10580738,nm9605429
tt10580740,nm9605429
tt10580742,nm9605429
tt10580744,nm9605429
tt10580746,nm9605429
tt10580748,nm9605429
tt10580750,nm9605429
tt10580752,nm9605429
tt10580754,nm9605429
tt10580758,nm9605429
tt10580760,nm9605429
tt10580762,nm9605429
tt10580764,nm9605429
tt10580766,nm9605429
tt10580768,nm3006872
tt10580772,nm9605429
tt10580774,nm9605429
tt10580778,nm9605429
tt10580780,nm9605429
tt10580782,nm9605429
tt10580784,nm9605429
tt10580786,nm10786867
tt10580788,nm9605429
tt10580792,nm9605429
tt10580794,nm9605429
tt10580796,nm9605429
tt10580798,nm9605429
tt10580800,nm9605429
tt10580802,nm9605429
tt10580804,nm9605429
tt10580806,nm9605429
tt10580808,nm9605429
tt10580810,nm9605429
tt10580812,nm9605429
tt10580814,nm9605429
tt10580816,nm9605429
tt10580820,nm10786867
tt10580874,nm10798779
tt10580880,nm10786867
tt10580978,nm10811451
tt10580978,nm10821100
tt10580978,nm2704653
tt10580978,nm5128185
tt10581008,nm1971242
tt10581252,nm9785742
tt10581254,nm9785742
tt10581256,nm9785742
tt10581258,nm9785742
tt10581260,nm6042500
tt10581266,nm9785742
tt10581272,nm9785742
tt10581276,nm9785742
tt10581278,nm9785742
tt10581280,nm9785742
tt10581282,nm9785742
tt10581286,nm9785742
tt10581288,nm9785742
tt10581290,nm9785742
tt10581292,nm9785742
tt10581298,nm9785742
tt10581304,nm9785742
tt10581306,nm9785742
tt10581308,nm9785742
tt10581310,nm9785742
tt10581312,nm9785742
tt10581314,nm9785742
tt10581316,nm9785742
tt10581318,nm9785742
tt10581320,nm9785742
tt10581326,nm9785742
tt10581328,nm9785742
tt10581330,nm9785742
tt10581332,nm9785742
tt10581334,nm9785742
tt10581336,nm9785742
tt10581340,nm9785742
tt10581342,nm9785742
tt10581346,nm9785742
tt10581348,nm9785742
tt10581350,nm9785742
tt10581352,nm9785742
tt10581354,nm9785742
tt10581360,nm9785742
tt10581362,nm9785742
tt10581364,nm9785742
tt10581366,nm9785742
tt10581370,nm9785742
tt10581372,nm9785742
tt10581374,nm9785742
tt10581548,nm10803573
tt10581878,nm10811672
tt10581942,nm0474848
tt10581944,nm0474848
tt10581946,nm0474848
tt10581948,nm0474848
tt10581950,nm0474848
tt10581952,nm0474848
tt10581954,nm0474848
tt10581956,nm0474848
tt10581958,nm0474848
tt10581960,nm0474848
tt10581962,nm0474848
tt10581964,nm0474848
tt10581966,nm0474848
tt10581968,nm0474848
tt10581970,nm0474848
tt10581974,nm0474848
tt10581976,nm0474848
tt10581980,nm0474848
tt10581982,nm0474848
tt10581984,nm0474848
tt10581994,nm10811739
tt10581996,nm0474848
tt10582000,nm0474848
tt10582002,nm0474848
tt10582004,nm0474848
tt10582006,nm0474848
tt10582008,nm0474848
tt10582010,nm0474848
tt10582012,nm0474848
tt10582014,nm0474848
tt10582016,nm0474848
tt10582018,nm0474848
tt10582020,nm0474848
tt10582022,nm0474848
tt10582024,nm0474848
tt10582028,nm0474848
tt10582030,nm0474848
tt10582032,nm0474848
tt10582034,nm0474848
tt10582036,nm0474848
tt10582038,nm0474848
tt10582096,nm10604490
tt10582096,nm1855392
tt10582096,nm3825992
tt10582096,nm8637652
tt10582098,nm10604490
tt10582098,nm1855392
tt10582098,nm3825992
tt10582098,nm8637652
tt10582100,nm10604490
tt10582100,nm1855392
tt10582100,nm3825992
tt10582100,nm8637652
tt10582102,nm10604490
tt10582102,nm1855392
tt10582102,nm3825992
tt10582102,nm8637652
tt10582126,nm10604490
tt10582126,nm1855392
tt10582126,nm3825992
tt10582126,nm8637652
tt10582128,nm10604490
tt10582128,nm1855392
tt10582128,nm3825992
tt10582128,nm8637652
tt10582130,nm10604490
tt10582130,nm1855392
tt10582130,nm3825992
tt10582130,nm4480572
tt10582130,nm8637652
tt10582132,nm10604490
tt10582132,nm1855392
tt10582132,nm3825992
tt10582132,nm8637652
tt10582134,nm10604490
tt10582134,nm1855392
tt10582134,nm3825992
tt10582134,nm8637652
tt10582136,nm10604490
tt10582136,nm1855392
tt10582136,nm3825992
tt10582136,nm8637652
tt10582140,nm2788669
tt10582140,nm6855655
tt10582140,nm6855656
tt10582142,nm2788669
tt10582142,nm6855655
tt10582142,nm6855656
tt10582146,nm10742441
tt10582148,nm2788669
tt10582148,nm6855655
tt10582148,nm6855656
tt10582150,nm2788669
tt10582150,nm6855655
tt10582150,nm6855656
tt10582152,nm2788669
tt10582152,nm6855655
tt10582152,nm6855656
tt10582154,nm2788669
tt10582154,nm6855655
tt10582154,nm6855656
tt10582156,nm2788669
tt10582156,nm6855655
tt10582156,nm6855656
tt10582158,nm2788669
tt10582158,nm6855655
tt10582158,nm6855656
tt10582160,nm2788669
tt10582160,nm6855655
tt10582160,nm6855656
tt10582162,nm2788669
tt10582162,nm6855655
tt10582162,nm6855656
tt10582164,nm2788669
tt10582164,nm6855655
tt10582164,nm6855656
tt10582166,nm2788669
tt10582166,nm6855655
tt10582166,nm6855656
tt10582168,nm2788669
tt10582168,nm6855655
tt10582168,nm6855656
tt10582170,nm2788669
tt10582170,nm6855655
tt10582170,nm6855656
tt10582174,nm2788669
tt10582174,nm6855655
tt10582174,nm6855656
tt10582176,nm2788669
tt10582176,nm6855655
tt10582176,nm6855656
tt10582178,nm2788669
tt10582178,nm6855655
tt10582178,nm6855656
tt10582180,nm2788669
tt10582180,nm6855655
tt10582180,nm6855656
tt10582182,nm2788669
tt10582182,nm6855655
tt10582182,nm6855656
tt10582184,nm2788669
tt10582184,nm6855655
tt10582184,nm6855656
tt10582260,nm9605429
tt10582262,nm9605429
tt10582264,nm9605429
tt10582266,nm9605429
tt10582268,nm9605429
tt10582270,nm9605429
tt10582272,nm9605429
tt10582274,nm9605429
tt10582276,nm9605429
tt10582278,nm9605429
tt10582280,nm9605429
tt10582282,nm9605429
tt10582284,nm11753712
tt10582284,nm9605429
tt10582286,nm9605429
tt10582288,nm9605429
tt10582290,nm11753712
tt10582290,nm9605429
tt10582292,nm9605429
tt10582294,nm9605429
tt10582296,nm11753712
tt10582296,nm9605429
tt10582298,nm9605429
tt10582304,nm11753712
tt10582304,nm9605429
tt10582306,nm11753712
tt10582306,nm9605429
tt10582308,nm9605429
tt10582310,nm9605429
tt10582312,nm9605429
tt10582314,nm9605429
tt10582318,nm9605429
tt10582320,nm9605429
tt10582324,nm9605429
tt10582326,nm9605429
tt10582328,nm9605429
tt10582330,nm9605429
tt10582332,nm9605429
tt10582334,nm9605429
tt10582336,nm9605429
tt10582338,nm9605429
tt10582340,nm11753712
tt10582340,nm9605429
tt10582342,nm9605429
tt10582344,nm9605429
tt10582346,nm9605429
tt10582348,nm9605429
tt10582350,nm9605429
tt10582352,nm9605429
tt10582356,nm9605429
tt10582358,nm9605429
tt10582362,nm9605429
tt10582364,nm9605429
tt10582366,nm9605429
tt10582370,nm9605429
tt10582372,nm9605429
tt10582374,nm9605429
tt10582376,nm9605429
tt10582378,nm9605429
tt10582382,nm9605429
tt10582384,nm9605429
tt10582386,nm9605429
tt10582388,nm9605429
tt10582390,nm9605429
tt10582396,nm9605429
tt10582398,nm9605429
tt10582574,nm7202172
tt10582576,nm7202172
tt10582578,nm7202172
tt10582580,nm7202172
tt10582582,nm7202172
tt10582584,nm7202172
tt10582586,nm7202172
tt10582588,nm7202172
tt10582590,nm7202172
tt10582594,nm7202172
tt10582596,nm7202172
tt10582598,nm7202172
tt10582600,nm7202172
tt10582602,nm7202172
tt10582604,nm7202172
tt10582606,nm7202172
tt10582608,nm7202172
tt10582610,nm7202172
tt10582612,nm7202172
tt10582614,nm7202172
tt10582722,nm10948527
tt10582722,nm1516991
tt10582738,nm2331206
tt10582738,nm4723897
tt10582738,nm5708975
tt10582738,nm5947799
tt10582738,nm6032359
tt10582930,nm10948527
tt10582930,nm1516991
tt10582932,nm10948527
tt10582932,nm1516991
tt10582936,nm10948527
tt10582936,nm1516991
tt10582938,nm10948527
tt10582938,nm1516991
tt10582940,nm10948527
tt10582940,nm1516991
tt10582942,nm10948527
tt10582942,nm1516991
tt10582944,nm10948527
tt10582944,nm1516991
tt10582946,nm10948527
tt10582946,nm1516991
tt10582950,nm10948527
tt10582950,nm1516991
tt10582952,nm10948527
tt10582952,nm1516991
tt10582954,nm10948527
tt10582954,nm1516991
tt10582956,nm10389543
tt10582958,nm10948527
tt10582958,nm1516991
tt10582960,nm10948527
tt10582960,nm1516991
tt10582962,nm10948527
tt10582962,nm1516991
tt10582964,nm10948527
tt10582964,nm1516991
tt10582966,nm10948527
tt10582966,nm1516991
tt10582968,nm10948527
tt10582968,nm1516991
tt10582970,nm10948527
tt10582970,nm1516991
tt10582972,nm10948527
tt10582972,nm1516991
tt10582974,nm3674716
tt10582992,nm10389543
tt10583074,nm10389543
tt10583110,nm7786669
tt10583110,nm8196792
tt10583116,nm10810560
tt10583120,nm10812137
tt10583120,nm4335971
tt10583128,nm10810560
tt10583254,nm7971482
tt10583268,nm9271400
tt10583270,nm1309552
tt10583286,nm10812250
tt10583314,nm2074747
tt10583346,nm10812316
tt10583354,nm4380142
tt10583356,nm1309552
tt10583394,nm1455688
tt10583800,nm8391129
tt10583954,nm8941952
tt10583956,nm0051678
tt10583958,nm0051678
tt10583960,nm0051678
tt10583966,nm0051678
tt10583968,nm0051678
tt10583970,nm0051678
tt10583972,nm0051678
tt10583974,nm0051678
tt10583976,nm0051678
tt10583978,nm0051678
tt10583982,nm0051678
tt10583984,nm0051678
tt10583986,nm0387702
tt10583990,nm0051678
tt10583994,nm0051678
tt10583996,nm3093932
tt10583998,nm0051678
tt10584000,nm0051678
tt10584002,nm0051678
tt10584004,nm0051678
tt10584006,nm0051678
tt10584010,nm0051678
tt10584012,nm10810077
tt10584014,nm0051678
tt10584016,nm0051678
tt10584018,nm1705951
tt10584020,nm0051678
tt10584022,nm0051678
tt10584024,nm0051678
tt10584026,nm0051678
tt10584030,nm0051678
tt10584032,nm0051678
tt10584034,nm0051678
tt10584036,nm0051678
tt10584038,nm0051678
tt10584044,nm0051678
tt10584046,nm0051678
tt10584054,nm0051678
tt10584056,nm0051678
tt10584058,nm0051678
tt10584060,nm0051678
tt10584062,nm0051678
tt10584066,nm0051678
tt10584068,nm0387702
tt10584070,nm0051678
tt10584072,nm0051678
tt10584076,nm0051678
tt10584078,nm0051678
tt10584080,nm0051678
tt10584098,nm0387702
tt10584196,nm0387702
tt10584220,nm0387702
tt10584230,nm0387702
tt10584262,nm1102990
tt10584344,nm10035944
tt10584348,nm7406944
tt10584444,nm8864486
tt10584450,nm1121649
tt10584454,nm1121649
tt10584460,nm1121649
tt10584462,nm1091216
tt10584462,nm2231667
tt10584470,nm0897980
tt10584470,nm11180879
tt10584482,nm3450244
tt10584512,nm1121649
tt10584522,nm10742441
tt10584542,nm7947067
tt10584546,nm7121563
tt10584548,nm1121649
tt10584558,nm4397359
tt10584558,nm4398476
tt10584568,nm1121649
tt10584574,nm1121649
tt10584576,nm10812799
tt10584594,nm6287345
tt10584600,nm10812826
tt10584618,nm10812845
tt10584650,nm6656209
tt10584684,nm10812896
tt10584692,nm10812757
tt10584692,nm7947069
tt10584736,nm10813819
tt10584740,nm9210611
tt10584748,nm10637396
tt10584776,nm4277698
tt10584778,nm10812943
tt10584830,nm0334710
tt10584830,nm1834285
tt10584832,nm4158029
tt10584846,nm4158029
tt10584858,nm4158029
tt10584892,nm4262831
tt10584940,nm0941395
tt10584974,nm0001650
tt10584974,nm2530692
tt10584974,nm8221768
tt10585006,nm6395924
tt10585006,nm7075033
tt10585018,nm6045336
tt10585026,nm6147988
tt10585028,nm3885079
tt10585040,nm6052172
tt10585122,nm11592846
tt10585122,nm5579263
tt10585126,nm11592846
tt10585126,nm5579263
tt10585128,nm11592846
tt10585128,nm5579263
tt10585130,nm11592846
tt10585130,nm5579263
tt10585134,nm11592846
tt10585134,nm5579263
tt10585140,nm11592846
tt10585140,nm5579263
tt10585142,nm11592846
tt10585142,nm5579263
tt10585144,nm11592846
tt10585144,nm5579263
tt10585146,nm11592846
tt10585146,nm5579263
tt10585148,nm11592846
tt10585148,nm5579263
tt10585150,nm11592846
tt10585150,nm5579263
tt10585152,nm11592846
tt10585152,nm5579263
tt10585154,nm11592846
tt10585154,nm5579263
tt10585156,nm10813310
tt10585158,nm11592846
tt10585158,nm5579263
tt10585160,nm11592846
tt10585160,nm5579263
tt10585162,nm11592846
tt10585162,nm5579263
tt10585164,nm11592846
tt10585164,nm5579263
tt10585166,nm11592846
tt10585166,nm5579263
tt10585168,nm11592846
tt10585168,nm5579263
tt10585170,nm11592846
tt10585170,nm5579263
tt10585172,nm11592846
tt10585172,nm5579263
tt10585174,nm11592846
tt10585174,nm5579263
tt10585178,nm11592846
tt10585178,nm5579263
tt10585182,nm11592846
tt10585182,nm5579263
tt10585184,nm11592846
tt10585184,nm5579263
tt10585188,nm11592846
tt10585188,nm5579263
tt10585190,nm11592846
tt10585190,nm5579263
tt10585192,nm11592846
tt10585192,nm5579263
tt10585194,nm11592846
tt10585194,nm5579263
tt10585196,nm11592846
tt10585196,nm5579263
tt10585198,nm11592846
tt10585198,nm5579263
tt10585200,nm11592846
tt10585200,nm5579263
tt10585204,nm11592846
tt10585204,nm5579263
tt10585206,nm11592846
tt10585206,nm5579263
tt10585210,nm11592846
tt10585210,nm5579263
tt10585212,nm11592846
tt10585212,nm5579263
tt10585214,nm11592846
tt10585214,nm5579263
tt10585218,nm11592846
tt10585218,nm5579263
tt10585220,nm11592846
tt10585220,nm5579263
tt10585222,nm11592846
tt10585222,nm5579263
tt10585224,nm11592846
tt10585224,nm5579263
tt10585226,nm11592846
tt10585226,nm5579263
tt10585228,nm11592846
tt10585228,nm5579263
tt10585230,nm11592846
tt10585230,nm5579263
tt10585234,nm11592846
tt10585234,nm5579263
tt10585238,nm11592846
tt10585238,nm5579263
tt10585240,nm11592846
tt10585240,nm5579263
tt10585242,nm11592846
tt10585242,nm5579263
tt10585244,nm11592846
tt10585244,nm5579263
tt10585246,nm11592846
tt10585246,nm5579263
tt10585248,nm11592846
tt10585248,nm5579263
tt10585252,nm11592846
tt10585252,nm5579263
tt10585254,nm11592846
tt10585254,nm5579263
tt10585256,nm11592846
tt10585256,nm5579263
tt10585258,nm11592846
tt10585258,nm5579263
tt10585260,nm11592846
tt10585260,nm5579263
tt10585262,nm11592846
tt10585262,nm5579263
tt10585264,nm11592846
tt10585264,nm5579263
tt10585266,nm11592846
tt10585266,nm5579263
tt10585268,nm11592846
tt10585268,nm5579263
tt10585270,nm11592846
tt10585270,nm5579263
tt10585274,nm11592846
tt10585274,nm5579263
tt10585276,nm11592846
tt10585276,nm5579263
tt10585278,nm11592846
tt10585278,nm5579263
tt10585280,nm11592846
tt10585280,nm5579263
tt10585290,nm2383035
tt10585336,nm5337599
tt10585346,nm5337599
tt10585404,nm6395924
tt10585404,nm7075033
tt10585432,nm10813371
tt10585436,nm7246220
tt10585450,nm10530252
tt10585518,nm5668133
tt10585544,nm6395924
tt10585544,nm7075033
tt10585552,nm1856735
tt10585554,nm1856735
tt10585556,nm1856735
tt10585560,nm1856735
tt10585562,nm1856735
tt10585626,nm10813574
tt10585646,nm10437525
tt10585656,nm10813588
tt10585676,nm11669857
tt10585696,nm6395924
tt10585696,nm7075033
tt10585762,nm10811672
tt10585930,nm10813819
tt10585970,nm8221768
tt10586000,nm8122831
tt10586018,nm10813819
tt10586024,nm10948527
tt10586024,nm1516991
tt10586030,nm10948527
tt10586030,nm1516991
tt10586032,nm10948527
tt10586032,nm1516991
tt10586034,nm10948527
tt10586034,nm1516991
tt10586038,nm10948527
tt10586038,nm1516991
tt10586044,nm10948527
tt10586044,nm1516991
tt10586048,nm10948527
tt10586048,nm1516991
tt10586052,nm10948527
tt10586052,nm1516991
tt10586058,nm10948527
tt10586058,nm1516991
tt10586060,nm10948527
tt10586060,nm1516991
tt10586062,nm10948527
tt10586062,nm1516991
tt10586066,nm10948527
tt10586066,nm1516991
tt10586068,nm10948527
tt10586068,nm1516991
tt10586070,nm10948527
tt10586070,nm1516991
tt10586074,nm10948527
tt10586074,nm1516991
tt10586078,nm10948527
tt10586078,nm1516991
tt10586080,nm10948527
tt10586080,nm1516991
tt10586082,nm10948527
tt10586082,nm1516991
tt10586084,nm10948527
tt10586084,nm1516991
tt10586088,nm10948527
tt10586088,nm1516991
tt10586134,nm7202172
tt10586138,nm7202172
tt10586140,nm7202172
tt10586144,nm7202172
tt10586146,nm7202172
tt10586152,nm7202172
tt10586154,nm7202172
tt10586156,nm10813819
tt10586160,nm7202172
tt10586162,nm7202172
tt10586164,nm7202172
tt10586166,nm7202172
tt10586168,nm7202172
tt10586170,nm7202172
tt10586172,nm7202172
tt10586174,nm7202172
tt10586180,nm7202172
tt10586184,nm7202172
tt10586188,nm7202172
tt10586190,nm7202172
tt10586192,nm7202172
tt10586298,nm10813819
tt10586318,nm10821100
tt10586328,nm5337599
tt10586466,nm9605429
tt10586468,nm9605429
tt10586472,nm9605429
tt10586474,nm9605429
tt10586476,nm9605429
tt10586478,nm9605429
tt10586480,nm9605429
tt10586482,nm9605429
tt10586484,nm9605429
tt10586486,nm10813819
tt10586488,nm9605429
tt10586490,nm10734975
tt10586492,nm9605429
tt10586494,nm9605429
tt10586496,nm9605429
tt10586498,nm9605429
tt10586500,nm9605429
tt10586504,nm9605429
tt10586506,nm9605429
tt10586508,nm9605429
tt10586510,nm9605429
tt10586512,nm9605429
tt10586514,nm9605429
tt10586516,nm11753712
tt10586516,nm9605429
tt10586518,nm9605429
tt10586520,nm9605429
tt10586522,nm9605429
tt10586524,nm9605429
tt10586526,nm9605429
tt10586530,nm9605429
tt10586532,nm9605429
tt10586534,nm9605429
tt10586536,nm9605429
tt10586538,nm9605429
tt10586544,nm9605429
tt10586546,nm9605429
tt10586550,nm9605429
tt10586552,nm9605429
tt10586554,nm9605429
tt10586556,nm9605429
tt10586558,nm9605429
tt10586564,nm9605429
tt10586566,nm9605429
tt10586568,nm9605429
tt10586570,nm9605429
tt10586572,nm9605429
tt10586574,nm9605429
tt10586576,nm9605429
tt10586580,nm11753712
tt10586580,nm9605429
tt10586582,nm9605429
tt10586584,nm11753712
tt10586584,nm9605429
tt10586586,nm9605429
tt10586588,nm9605429
tt10586590,nm9605429
tt10586592,nm9605429
tt10586594,nm9605429
tt10586596,nm9605429
tt10586598,nm9605429
tt10586600,nm9605429
tt10586602,nm9605429
tt10586604,nm9605429
tt10586608,nm10813819
tt10586664,nm2788669
tt10586664,nm6855655
tt10586664,nm6855656
tt10586666,nm2788669
tt10586666,nm6855655
tt10586666,nm6855656
tt10586670,nm2788669
tt10586670,nm6855655
tt10586670,nm6855656
tt10586674,nm2788669
tt10586674,nm6855655
tt10586674,nm6855656
tt10586676,nm2788669
tt10586676,nm6855655
tt10586676,nm6855656
tt10586678,nm2788669
tt10586678,nm6855655
tt10586678,nm6855656
tt10586680,nm2788669
tt10586680,nm6855655
tt10586680,nm6855656
tt10586682,nm2788669
tt10586682,nm6855655
tt10586682,nm6855656
tt10586684,nm2788669
tt10586684,nm6855655
tt10586684,nm6855656
tt10586686,nm2788669
tt10586686,nm6855655
tt10586686,nm6855656
tt10586688,nm2788669
tt10586688,nm6855655
tt10586688,nm6855656
tt10586690,nm2788669
tt10586690,nm6855655
tt10586690,nm6855656
tt10586692,nm2788669
tt10586692,nm6855655
tt10586692,nm6855656
tt10586696,nm2788669
tt10586696,nm6855655
tt10586696,nm6855656
tt10586698,nm2788669
tt10586698,nm6855655
tt10586698,nm6855656
tt10586702,nm2788669
tt10586702,nm6855655
tt10586702,nm6855656
tt10586704,nm2788669
tt10586704,nm6855655
tt10586704,nm6855656
tt10586706,nm2788669
tt10586706,nm6855655
tt10586706,nm6855656
tt10586708,nm2788669
tt10586708,nm6855655
tt10586708,nm6855656
tt10586710,nm2788669
tt10586710,nm6855655
tt10586710,nm6855656
tt10586712,nm2788669
tt10586712,nm6855655
tt10586712,nm6855656
tt10586714,nm2788669
tt10586714,nm6855655
tt10586714,nm6855656
tt10586716,nm2788669
tt10586716,nm6855655
tt10586716,nm6855656
tt10586718,nm2788669
tt10586718,nm6855655
tt10586718,nm6855656
tt10586720,nm2788669
tt10586720,nm6855655
tt10586720,nm6855656
tt10586722,nm2788669
tt10586722,nm6855655
tt10586722,nm6855656
tt10586724,nm2788669
tt10586724,nm6855655
tt10586724,nm6855656
tt10586726,nm2788669
tt10586726,nm6855655
tt10586726,nm6855656
tt10586728,nm2788669
tt10586728,nm6855655
tt10586728,nm6855656
tt10586732,nm10813819
tt10586738,nm10604490
tt10586738,nm1855392
tt10586738,nm3825992
tt10586738,nm8637652
tt10586742,nm10604490
tt10586742,nm1855392
tt10586742,nm3825992
tt10586742,nm8637652
tt10586746,nm10604490
tt10586746,nm1855392
tt10586746,nm3825992
tt10586746,nm8637652
tt10586748,nm10604490
tt10586748,nm1855392
tt10586748,nm3825992
tt10586748,nm8637652
tt10586752,nm10604490
tt10586752,nm1855392
tt10586752,nm3825992
tt10586752,nm8637652
tt10586756,nm10604490
tt10586756,nm1855392
tt10586756,nm3825992
tt10586756,nm8637652
tt10586758,nm10604490
tt10586758,nm1855392
tt10586758,nm3825992
tt10586758,nm8637652
tt10586760,nm10604490
tt10586760,nm1855392
tt10586760,nm3825992
tt10586760,nm8637652
tt10586762,nm10604490
tt10586762,nm1855392
tt10586762,nm3825992
tt10586762,nm8637652
tt10586764,nm10604490
tt10586764,nm1855392
tt10586764,nm3825992
tt10586764,nm8637652
tt10586766,nm10604490
tt10586766,nm1855392
tt10586766,nm3825992
tt10586766,nm4480572
tt10586766,nm8637652
tt10586768,nm10604490
tt10586768,nm1855392
tt10586768,nm3825992
tt10586768,nm4480572
tt10586768,nm8637652
tt10586770,nm10604490
tt10586770,nm1855392
tt10586770,nm3825992
tt10586770,nm8637652
tt10586776,nm10604490
tt10586776,nm1855392
tt10586776,nm3825992
tt10586776,nm8637652
tt10586778,nm10604490
tt10586778,nm1855392
tt10586778,nm3825992
tt10586778,nm8637652
tt10586844,nm0474848
tt10586846,nm0474848
tt10586848,nm0474848
tt10586850,nm0474848
tt10586852,nm10755126
tt10586854,nm0474848
tt10586856,nm0474848
tt10586858,nm0474848
tt10586862,nm0474848
tt10586864,nm0474848
tt10586866,nm0474848
tt10586868,nm0474848
tt10586872,nm0474848
tt10586874,nm0474848
tt10586876,nm0474848
tt10586878,nm0474848
tt10586882,nm0474848
tt10586884,nm0474848
tt10586886,nm0474848
tt10586888,nm0474848
tt10586890,nm0474848
tt10586896,nm0474848
tt10586898,nm0474848
tt10586900,nm0474848
tt10586902,nm0474848
tt10586904,nm0474848
tt10586908,nm0474848
tt10586912,nm0474848
tt10586914,nm0474848
tt10586918,nm0474848
tt10586926,nm0474848
tt10586930,nm0474848
tt10586932,nm0474848
tt10586934,nm0474848
tt10586936,nm0474848
tt10586938,nm0474848
tt10586942,nm0474848
tt10586944,nm0474848
tt10586946,nm0474848
tt10586948,nm0474848
tt10586950,nm0474848
tt10587052,nm1055406
tt10587066,nm1055406
tt10587190,nm1055406
tt10587322,nm9785742
tt10587326,nm9785742
tt10587328,nm9785742
tt10587330,nm9785742
tt10587332,nm9785742
tt10587338,nm9785742
tt10587342,nm9785742
tt10587344,nm9785742
tt10587346,nm9785742
tt10587350,nm9785742
tt10587354,nm9785742
tt10587356,nm9785742
tt10587358,nm9785742
tt10587360,nm9785742
tt10587362,nm9785742
tt10587364,nm9785742
tt10587366,nm9785742
tt10587368,nm9785742
tt10587370,nm9785742
tt10587372,nm9785742
tt10587382,nm9785742
tt10587384,nm9785742
tt10587388,nm9785742
tt10587390,nm9785742
tt10587392,nm9785742
tt10587394,nm9785742
tt10587396,nm9785742
tt10587398,nm9785742
tt10587400,nm9785742
tt10587402,nm9785742
tt10587404,nm7836298
tt10587406,nm9785742
tt10587408,nm9785742
tt10587410,nm9785742
tt10587414,nm9785742
tt10587416,nm9785742
tt10587418,nm10813874
tt10587420,nm9785742
tt10587422,nm9785742
tt10587424,nm9785742
tt10587428,nm9785742
tt10587430,nm9785742
tt10587576,nm10640878
tt10587618,nm10813958
tt10587632,nm9536758
tt10587644,nm2344981
tt1058779,nm0850733
tt10587796,nm8614268
tt10587856,nm9605429
tt10587858,nm9605429
tt10587860,nm9605429
tt10587862,nm9605429
tt10587864,nm9605429
tt10587866,nm9605429
tt10587870,nm9605429
tt10587872,nm9605429
tt10587874,nm9605429
tt10587876,nm9605429
tt10587880,nm9605429
tt10587882,nm9605429
tt10587884,nm9605429
tt10587886,nm9605429
tt10587890,nm9605429
tt10587892,nm9605429
tt10587896,nm9605429
tt10587898,nm9605429
tt10587900,nm9605429
tt10587904,nm9605429
tt10587908,nm9605429
tt10587910,nm9605429
tt10587912,nm9605429
tt10587914,nm9605429
tt10587918,nm9605429
tt10587922,nm9605429
tt10587924,nm9605429
tt10587926,nm9605429
tt10587928,nm9605429
tt10587930,nm9605429
tt10587932,nm9605429
tt10587936,nm9605429
tt10587938,nm9605429
tt10587940,nm9605429
tt10587944,nm9605429
tt10587946,nm9605429
tt10587948,nm9605429
tt10587954,nm9605429
tt10587956,nm9605429
tt10587960,nm9605429
tt10588056,nm9605429
tt10588058,nm9605429
tt10588060,nm9605429
tt10588062,nm9605429
tt10588064,nm9605429
tt10588066,nm9605429
tt10588068,nm9605429
tt10588072,nm9605429
tt10588074,nm9605429
tt10588076,nm9605429
tt10588078,nm9605429
tt10588082,nm9605429
tt10588084,nm9605429
tt10588086,nm9605429
tt10588088,nm9605429
tt10588090,nm9605429
tt10588092,nm9605429
tt10588094,nm9605429
tt10588096,nm9605429
tt10588098,nm9605429
tt10588100,nm9605429
tt10588102,nm9605429
tt10588106,nm9605429
tt10588108,nm9605429
tt10588110,nm9605429
tt10588112,nm9605429
tt10588114,nm9605429
tt10588116,nm9605429
tt10588118,nm9605429
tt10588120,nm9605429
tt10588122,nm9605429
tt10588124,nm9605429
tt10588126,nm9605429
tt10588128,nm9605429
tt10588130,nm9605429
tt10588132,nm9605429
tt10588134,nm9605429
tt10588136,nm9605429
tt10588138,nm9605429
tt10588140,nm9605429
tt10588142,nm9605429
tt10588144,nm9605429
tt10588146,nm9605429
tt10588148,nm9605429
tt10588150,nm9605429
tt10588152,nm9605429
tt10588156,nm9605429
tt10588158,nm9605429
tt10588160,nm9605429
tt10588162,nm9605429
tt10588168,nm9605429
tt10588170,nm9605429
tt10588172,nm9605429
tt10588174,nm9605429
tt10588176,nm9605429
tt10588178,nm9605429
tt10588180,nm9605429
tt10588182,nm9605429
tt10588184,nm9605429
tt10588186,nm9605429
tt10588188,nm2337663
tt10588234,nm10631312
tt10588234,nm11741397
tt10588234,nm4027968
tt10588236,nm10631312
tt10588236,nm11741397
tt10588236,nm4027968
tt10588242,nm10631312
tt10588242,nm11741397
tt10588242,nm4027968
tt10588244,nm10631312
tt10588244,nm11741397
tt10588244,nm4027968
tt10588248,nm10631312
tt10588248,nm11741397
tt10588248,nm4027968
tt10588250,nm10631312
tt10588250,nm11741397
tt10588250,nm4027968
tt10588252,nm10631312
tt10588252,nm11741397
tt10588252,nm4027968
tt10588254,nm10631312
tt10588254,nm11741397
tt10588254,nm4027968
tt10588256,nm10631312
tt10588256,nm11741397
tt10588256,nm4027968
tt10588260,nm10631312
tt10588260,nm11741397
tt10588260,nm4027968
tt10588264,nm7786669
tt10588264,nm8196792
tt10588268,nm7786669
tt10588268,nm8196792
tt10588270,nm7786669
tt10588270,nm8196792
tt10588272,nm7786669
tt10588272,nm8196792
tt10588274,nm7786669
tt10588274,nm8196792
tt10588278,nm7786669
tt10588278,nm8196792
tt10588282,nm7786669
tt10588282,nm8196792
tt10588286,nm7786669
tt10588286,nm8196792
tt10588288,nm7786669
tt10588288,nm8196792
tt10588290,nm7786669
tt10588290,nm8196792
tt10588292,nm7786669
tt10588292,nm8196792
tt10588296,nm7786669
tt10588296,nm8196792
tt10588302,nm7786669
tt10588302,nm8196792
tt10588306,nm7786669
tt10588306,nm8196792
tt10588308,nm7786669
tt10588308,nm8196792
tt10588404,nm0858418
tt10588418,nm10812220
tt10588418,nm10812221
tt10588420,nm10812220
tt10588420,nm10812221
tt10588422,nm10812220
tt10588422,nm10812221
tt10588424,nm10812220
tt10588424,nm10812221
tt10588426,nm10812220
tt10588426,nm10812221
tt10588428,nm10812220
tt10588428,nm10812221
tt10588488,nm1647454
tt10588572,nm3550934
tt10588622,nm2687891
tt10588688,nm0284659
tt10588696,nm2770404
tt10588738,nm1818028
tt10588768,nm10635072
tt10588776,nm5208900
tt10588818,nm10420244
tt10588856,nm10810560
tt10588892,nm10810560
tt10588932,nm6780304
tt10588934,nm6176772
tt10588938,nm6176772
tt10588942,nm2777579
tt10588946,nm6176772
tt10588946,nm9074429
tt10588950,nm10810560
tt10589026,nm10829589
tt10589026,nm2823875
tt10589026,nm7997806
tt10589026,nm9267733
tt10589026,nm9409594
tt10589080,nm10812220
tt10589080,nm10812221
tt10589082,nm10812220
tt10589082,nm10812221
tt10589084,nm10812220
tt10589084,nm10812221
tt10589086,nm10812220
tt10589086,nm10812221
tt10589088,nm10812220
tt10589088,nm10812221
tt10589090,nm10812220
tt10589090,nm10812221
tt10589092,nm10812220
tt10589092,nm10812221
tt10589094,nm10812220
tt10589094,nm10812221
tt10589096,nm10812220
tt10589096,nm10812221
tt10589098,nm10812220
tt10589098,nm10812221
tt10589100,nm10812220
tt10589100,nm10812221
tt10589102,nm10812220
tt10589102,nm10812221
tt10589104,nm10812220
tt10589104,nm10812221
tt10589106,nm10812220
tt10589106,nm10812221
tt10589108,nm10812220
tt10589108,nm10812221
tt10589110,nm10812220
tt10589110,nm10812221
tt10589112,nm10812220
tt10589112,nm10812221
tt10589114,nm10812220
tt10589114,nm10812221
tt10589116,nm10812220
tt10589116,nm10812221
tt10589118,nm10812220
tt10589118,nm10812221
tt10589150,nm5821981
tt10589190,nm10814589
tt10589250,nm7786669
tt10589250,nm8196792
tt10589256,nm7786669
tt10589256,nm8196792
tt10589258,nm7786669
tt10589258,nm8196792
tt10589264,nm7786669
tt10589264,nm8196792
tt10589266,nm7786669
tt10589266,nm8196792
tt10589268,nm7786669
tt10589268,nm8196792
tt10589270,nm7786669
tt10589270,nm8196792
tt10589272,nm7786669
tt10589272,nm8196792
tt10589274,nm7786669
tt10589274,nm8196792
tt10589276,nm7786669
tt10589276,nm8196792
tt10589288,nm7786669
tt10589288,nm8196792
tt10589290,nm7786669
tt10589290,nm8196792
tt10589292,nm7786669
tt10589292,nm8196792
tt10589294,nm7786669
tt10589294,nm8196792
tt10589296,nm7786669
tt10589296,nm8196792
tt10589298,nm7786669
tt10589298,nm8196792
tt10589300,nm7786669
tt10589300,nm8196792
tt10589302,nm7786669
tt10589302,nm8196792
tt10589306,nm7786669
tt10589306,nm8196792
tt10589310,nm7786669
tt10589310,nm8196792
tt10589314,nm6544113
tt10589318,nm5427983
tt10589320,nm10631312
tt10589320,nm11741397
tt10589320,nm4027968
tt10589322,nm10631312
tt10589322,nm11741397
tt10589322,nm4027968
tt10589324,nm10631312
tt10589324,nm11741397
tt10589324,nm4027968
tt10589326,nm10631312
tt10589326,nm11741397
tt10589326,nm4027968
tt10589328,nm10631312
tt10589328,nm11741397
tt10589328,nm4027968
tt10589330,nm10631312
tt10589330,nm11741397
tt10589330,nm4027968
tt10589332,nm10631312
tt10589332,nm11741397
tt10589332,nm4027968
tt10589334,nm10631312
tt10589334,nm11741397
tt10589334,nm4027968
tt10589336,nm10631312
tt10589336,nm11741397
tt10589336,nm4027968
tt10589338,nm10631312
tt10589338,nm11741397
tt10589338,nm4027968
tt10589340,nm10631312
tt10589340,nm11741397
tt10589340,nm4027968
tt10589342,nm10631312
tt10589342,nm11741397
tt10589342,nm4027968
tt10589344,nm10631312
tt10589344,nm11741397
tt10589344,nm4027968
tt10589346,nm10631312
tt10589346,nm11741397
tt10589346,nm4027968
tt10589348,nm10631312
tt10589348,nm11741397
tt10589348,nm4027968
tt10589350,nm10631312
tt10589350,nm11741397
tt10589350,nm4027968
tt10589352,nm10631312
tt10589352,nm11741397
tt10589352,nm4027968
tt10589354,nm10631312
tt10589354,nm11741397
tt10589354,nm4027968
tt10589356,nm10631312
tt10589356,nm11741397
tt10589356,nm4027968
tt10589358,nm10631312
tt10589358,nm11741397
tt10589358,nm4027968
tt10589408,nm9605429
tt10589410,nm9605429
tt10589412,nm9605429
tt10589414,nm9605429
tt10589416,nm9605429
tt10589418,nm9605429
tt10589420,nm9605429
tt10589422,nm9605429
tt10589424,nm9605429
tt10589426,nm9605429
tt10589428,nm9605429
tt10589430,nm9605429
tt10589432,nm9605429
tt10589434,nm9605429
tt10589436,nm9605429
tt10589438,nm9605429
tt10589440,nm9605429
tt10589442,nm9605429
tt10589444,nm9605429
tt10589446,nm9605429
tt10589450,nm9605429
tt10589452,nm9605429
tt10589456,nm9605429
tt10589458,nm9605429
tt10589460,nm9605429
tt10589464,nm9605429
tt10589466,nm9605429
tt10589468,nm9605429
tt10589470,nm9605429
tt10589472,nm9605429
tt10589474,nm9605429
tt10589476,nm9605429
tt10589478,nm9605429
tt10589480,nm9605429
tt10589482,nm9605429
tt10589484,nm9605429
tt10589488,nm9605429
tt10589490,nm9605429
tt10589492,nm9605429
tt10589494,nm9605429
tt10589496,nm9605429
tt10589498,nm9605429
tt10589500,nm9605429
tt10589502,nm9605429
tt10589506,nm9605429
tt10589510,nm9605429
tt10589512,nm9605429
tt10589514,nm9605429
tt10589516,nm9605429
tt10589518,nm9605429
tt10589520,nm9605429
tt10589522,nm9605429
tt10589524,nm9605429
tt10589526,nm9605429
tt10589528,nm9605429
tt10589530,nm9605429
tt10589532,nm9605429
tt10589534,nm9605429
tt10589536,nm9605429
tt10589538,nm9605429
tt10589586,nm9605429
tt10589590,nm9605429
tt10589592,nm9605429
tt10589594,nm9605429
tt10589596,nm9605429
tt10589598,nm9605429
tt10589600,nm9605429
tt10589602,nm9605429
tt10589606,nm9605429
tt10589608,nm9605429
tt10589610,nm9605429
tt10589612,nm9605429
tt10589614,nm9605429
tt10589618,nm9605429
tt10589620,nm9605429
tt10589622,nm9605429
tt10589624,nm9605429
tt10589626,nm9605429
tt10589628,nm9605429
tt10589630,nm9605429
tt10589632,nm9605429
tt10589634,nm9605429
tt10589636,nm9605429
tt10589638,nm9605429
tt10589640,nm9605429
tt10589642,nm9605429
tt10589644,nm9605429
tt10589646,nm9605429
tt10589648,nm9605429
tt10589650,nm9605429
tt10589652,nm9605429
tt10589654,nm9605429
tt10589656,nm9605429
tt10589658,nm9605429
tt10589660,nm9605429
tt10589662,nm9605429
tt10589664,nm9605429
tt10589666,nm9605429
tt10589668,nm9605429
tt10589670,nm9605429
tt10589798,nm7299317
tt10589802,nm6395586
tt10589818,nm1250488
tt10589870,nm7407819
tt10589888,nm0721209
tt10589916,nm5036177
tt10589942,nm9704712
tt10589966,nm2280231
tt10589984,nm2652607
tt10589984,nm5882773
tt10590014,nm5407578
tt10590018,nm2354796
tt10590024,nm0776710
tt10590032,nm2530692
tt10590034,nm3992013
tt10590036,nm0776710
tt10590038,nm11675047
tt10590038,nm3174375
tt10590072,nm10815297
tt10590104,nm2354796
tt10590110,nm5198068
tt10590138,nm10821100
tt10590148,nm10815419
tt10590186,nm10821100
tt10590198,nm10815490
tt10590206,nm8176630
tt10590222,nm8567777
tt10590316,nm10821100
tt10590352,nm10821100
tt10590378,nm10821100
tt10590390,nm2354796
tt10590422,nm0639293
tt10590478,nm10434370
tt10590494,nm9546259
tt10590542,nm10815754
tt10590546,nm10815758
tt10590558,nm10815762
tt10590558,nm5345242
tt10590566,nm2610394
tt10590640,nm2354796
tt10590684,nm6670137
tt10590732,nm9785742
tt10590734,nm9785742
tt10590738,nm9785742
tt10590740,nm9785742
tt10590742,nm9785742
tt10590746,nm9785742
tt10590750,nm4263590
tt10590752,nm9785742
tt10590754,nm9785742
tt10590756,nm9785742
tt10590758,nm9785742
tt10590760,nm9785742
tt10590762,nm9785742
tt10590764,nm9785742
tt10590766,nm9785742
tt10590768,nm9785742
tt10590770,nm9785742
tt10590772,nm9785742
tt10590774,nm9785742
tt10590776,nm9785742
tt10590778,nm9785742
tt10590780,nm9785742
tt10590782,nm9785742
tt10590784,nm9785742
tt10590786,nm9785742
tt10590788,nm9785742
tt10590790,nm9785742
tt10590792,nm9785742
tt10590794,nm9785742
tt10590796,nm9785742
tt10590800,nm9785742
tt10590802,nm9785742
tt10590804,nm9785742
tt10590806,nm9785742
tt10590808,nm9785742
tt10590810,nm9785742
tt10590812,nm9785742
tt10590814,nm9785742
tt10590816,nm9785742
tt10590818,nm9785742
tt10590820,nm9785742
tt10591052,nm0474848
tt10591054,nm0474848
tt10591056,nm0474848
tt10591060,nm0474848
tt10591062,nm0474848
tt10591064,nm0474848
tt10591066,nm0474848
tt10591068,nm0474848
tt10591070,nm0474848
tt10591074,nm0474848
tt10591076,nm0474848
tt10591078,nm0474848
tt10591080,nm0474848
tt10591082,nm0474848
tt10591084,nm0474848
tt10591086,nm0474848
tt10591088,nm0474848
tt10591090,nm0474848
tt10591092,nm0474848
tt10591094,nm0474848
tt10591096,nm0474848
tt10591098,nm0474848
tt10591100,nm0474848
tt10591102,nm0474848
tt10591104,nm0474848
tt10591106,nm0474848
tt10591108,nm0474848
tt10591110,nm0474848
tt10591112,nm0474848
tt10591114,nm0474848
tt10591116,nm0474848
tt10591120,nm0474848
tt10591122,nm0474848
tt10591124,nm0474848
tt10591126,nm0474848
tt10591130,nm0474848
tt10591132,nm0474848
tt10591134,nm0474848
tt10591136,nm0474848
tt10591138,nm0474848
tt10591184,nm6670137
tt10591186,nm8533509
tt10591236,nm10815941
tt10591244,nm9605429
tt10591246,nm9605429
tt10591248,nm9605429
tt10591250,nm9605429
tt10591252,nm9605429
tt10591254,nm9605429
tt10591256,nm9605429
tt10591260,nm9605429
tt10591262,nm9605429
tt10591264,nm9605429
tt10591266,nm9605429
tt10591268,nm9605429
tt10591270,nm9605429
tt10591274,nm9605429
tt10591276,nm9605429
tt10591278,nm9605429
tt10591280,nm11753712
tt10591280,nm9605429
tt10591286,nm9605429
tt10591288,nm11753712
tt10591288,nm9605429
tt10591292,nm9605429
tt10591294,nm9605429
tt10591296,nm9605429
tt10591298,nm9605429
tt10591300,nm9605429
tt10591304,nm9605429
tt10591306,nm9605429
tt10591308,nm9605429
tt10591312,nm9605429
tt10591314,nm9605429
tt10591316,nm11753712
tt10591316,nm9605429
tt10591318,nm11753712
tt10591318,nm9605429
tt10591320,nm9605429
tt10591322,nm9605429
tt10591324,nm9605429
tt10591326,nm9605429
tt10591328,nm9605429
tt10591330,nm9605429
tt10591332,nm9605429
tt10591334,nm11753712
tt10591334,nm9605429
tt10591338,nm9605429
tt10591342,nm9605429
tt10591344,nm9605429
tt10591346,nm9605429
tt10591348,nm9605429
tt10591350,nm9605429
tt10591352,nm1066081
tt10591352,nm7195251
tt10591354,nm9605429
tt10591358,nm9605429
tt10591362,nm9605429
tt10591364,nm9605429
tt10591366,nm9605429
tt10591368,nm9605429
tt10591370,nm9605429
tt10591372,nm9605429
tt10591374,nm9605429
tt10591376,nm9605429
tt10591378,nm9605429
tt10591380,nm9605429
tt10591382,nm9605429
tt10591384,nm9605429
tt10591418,nm1728684
tt10591438,nm10259013
tt10591468,nm1834175
tt10591572,nm1728684
tt10591614,nm6670137
tt10591660,nm7202172
tt10591662,nm7202172
tt10591664,nm7202172
tt10591666,nm7202172
tt10591668,nm7202172
tt10591672,nm7202172
tt10591674,nm7202172
tt10591676,nm7202172
tt10591678,nm7202172
tt10591682,nm7202172
tt10591684,nm7202172
tt10591686,nm7202172
tt10591688,nm7202172
tt10591692,nm7202172
tt10591694,nm7202172
tt10591696,nm7202172
tt10591698,nm7202172
tt10591700,nm7202172
tt10591702,nm7202172
tt10591708,nm10948527
tt10591708,nm1516991
tt10591710,nm10948527
tt10591710,nm1516991
tt10591712,nm10948527
tt10591712,nm1516991
tt10591714,nm10948527
tt10591714,nm1516991
tt10591716,nm10948527
tt10591716,nm1516991
tt10591718,nm10948527
tt10591718,nm1516991
tt10591720,nm10948527
tt10591720,nm1516991
tt10591722,nm10948527
tt10591722,nm1516991
tt10591724,nm10948527
tt10591724,nm1516991
tt10591726,nm7168039
tt10591728,nm10948527
tt10591728,nm1516991
tt10591730,nm10948527
tt10591730,nm1516991
tt10591732,nm10948527
tt10591732,nm1516991
tt10591734,nm10948527
tt10591734,nm1516991
tt10591736,nm10948527
tt10591736,nm1516991
tt10591738,nm10948527
tt10591738,nm1516991
tt10591740,nm10948527
tt10591740,nm1516991
tt10591742,nm10948527
tt10591742,nm1516991
tt10591744,nm10948527
tt10591744,nm1516991
tt10591746,nm10948527
tt10591746,nm1516991
tt10591748,nm10948527
tt10591748,nm1516991
tt10591826,nm10812220
tt10591826,nm10812221
tt10591828,nm5286333
tt10591830,nm9884807
tt10591838,nm10812220
tt10591838,nm10812221
tt10591840,nm10812220
tt10591840,nm10812221
tt10591842,nm10812220
tt10591842,nm10812221
tt10591844,nm10812220
tt10591844,nm10812221
tt10591846,nm10812220
tt10591846,nm10812221
tt10591848,nm10812220
tt10591848,nm10812221
tt10591850,nm10812220
tt10591850,nm10812221
tt10591852,nm10812220
tt10591852,nm10812221
tt10591854,nm10812220
tt10591854,nm10812221
tt10591856,nm10812220
tt10591856,nm10812221
tt10591858,nm10812220
tt10591858,nm10812221
tt10591860,nm10812220
tt10591860,nm10812221
tt10591862,nm10812220
tt10591862,nm10812221
tt10591864,nm10812220
tt10591864,nm10812221
tt10591866,nm10812220
tt10591866,nm10812221
tt10591868,nm10812220
tt10591868,nm10812221
tt10591870,nm10812220
tt10591870,nm10812221
tt10591872,nm10812220
tt10591872,nm10812221
tt10591874,nm10812220
tt10591874,nm10812221
tt10591876,nm10812220
tt10591876,nm10812221
tt10591878,nm10812220
tt10591878,nm10812221
tt10591882,nm10812220
tt10591882,nm10812221
tt10591884,nm10812220
tt10591884,nm10812221
tt10591886,nm10812220
tt10591886,nm10812221
tt10591890,nm10812220
tt10591890,nm10812221
tt10591892,nm10812220
tt10591892,nm10812221
tt10591894,nm10812220
tt10591894,nm10812221
tt10591896,nm10812220
tt10591896,nm10812221
tt10591898,nm10812220
tt10591898,nm10812221
tt10591900,nm10812220
tt10591900,nm10812221
tt10591902,nm10812220
tt10591902,nm10812221
tt10591904,nm10812220
tt10591904,nm10812221
tt10591906,nm10812220
tt10591906,nm10812221
tt10591908,nm10812220
tt10591908,nm10812221
tt10591910,nm10812220
tt10591910,nm10812221
tt10591912,nm10812220
tt10591912,nm10812221
tt10591914,nm10812220
tt10591914,nm10812221
tt10591918,nm10812220
tt10591918,nm10812221
tt10591920,nm10812220
tt10591920,nm10812221
tt10591924,nm10812220
tt10591924,nm10812221
tt10591926,nm10812220
tt10591926,nm10812221
tt10591928,nm10812220
tt10591928,nm10812221
tt10591930,nm10812220
tt10591930,nm10812221
tt10591932,nm10812220
tt10591932,nm10812221
tt10591934,nm10812220
tt10591934,nm10812221
tt10591936,nm10812220
tt10591936,nm10812221
tt10591938,nm10812220
tt10591938,nm10812221
tt10591940,nm10812220
tt10591940,nm10812221
tt10591942,nm10812220
tt10591942,nm10812221
tt10591944,nm10812220
tt10591944,nm10812221
tt10591948,nm10816033
tt10591962,nm10812220
tt10591962,nm10812221
tt10591966,nm10812220
tt10591966,nm10812221
tt10591968,nm10812220
tt10591968,nm10812221
tt10591970,nm10812220
tt10591970,nm10812221
tt10591974,nm10812220
tt10591974,nm10812221
tt10591980,nm2850344
tt10591980,nm2850614
tt10591988,nm2530370
tt10591998,nm3166870
tt10592078,nm10735318
tt10592084,nm10735318
tt10592110,nm10816171
tt10592136,nm10816197
tt10592158,nm2714192
tt10592174,nm2714192
tt10592234,nm2714192
tt10592348,nm5047469
tt10592480,nm9417732
tt10592564,nm9267733
tt10592628,nm10810560
tt10592998,nm5687830
tt10593096,nm10779321
tt10593126,nm10816706
tt10593140,nm10804355
tt10593172,nm0648317
tt10593192,nm10812220
tt10593192,nm10812221
tt10593196,nm10812220
tt10593196,nm10812221
tt10593198,nm10812220
tt10593198,nm10812221
tt10593200,nm10812220
tt10593200,nm10812221
tt10593202,nm10812220
tt10593202,nm10812221
tt10593204,nm10812220
tt10593204,nm10812221
tt10593206,nm10812220
tt10593206,nm10812221
tt10593208,nm10812220
tt10593208,nm10812221
tt10593210,nm10812220
tt10593210,nm10812221
tt10593214,nm10812220
tt10593214,nm10812221
tt10593216,nm10812220
tt10593216,nm10812221
tt10593218,nm10812220
tt10593218,nm10812221
tt10593220,nm10812220
tt10593220,nm10812221
tt10593224,nm10812220
tt10593224,nm10812221
tt10593228,nm10812220
tt10593228,nm10812221
tt10593230,nm10812220
tt10593230,nm10812221
tt10593232,nm10812220
tt10593232,nm10812221
tt10593234,nm10812220
tt10593234,nm10812221
tt10593236,nm10812220
tt10593236,nm10812221
tt10593240,nm10812220
tt10593240,nm10812221
tt10593242,nm10812220
tt10593242,nm10812221
tt10593244,nm10812220
tt10593244,nm10812221
tt10593246,nm10812220
tt10593246,nm10812221
tt10593248,nm10812220
tt10593248,nm10812221
tt10593250,nm10812220
tt10593250,nm10812221
tt10593252,nm10812220
tt10593252,nm10812221
tt10593256,nm10812220
tt10593256,nm10812221
tt10593258,nm10812220
tt10593258,nm10812221
tt10593260,nm10812220
tt10593260,nm10812221
tt10593264,nm10812220
tt10593264,nm10812221
tt10593270,nm10812220
tt10593270,nm10812221
tt10593274,nm10812220
tt10593274,nm10812221
tt10593278,nm10812220
tt10593278,nm10812221
tt10593280,nm10812220
tt10593280,nm10812221
tt10593282,nm10812220
tt10593282,nm10812221
tt10593284,nm10812220
tt10593284,nm10812221
tt10593288,nm10812220
tt10593288,nm10812221
tt10593290,nm10812220
tt10593290,nm10812221
tt10593292,nm10812220
tt10593292,nm10812221
tt10593294,nm10812220
tt10593294,nm10812221
tt10593296,nm10812220
tt10593296,nm10812221
tt10593298,nm10812220
tt10593298,nm10812221
tt10593300,nm10812220
tt10593300,nm10812221
tt10593302,nm10812220
tt10593302,nm10812221
tt10593306,nm10812220
tt10593306,nm10812221
tt10593308,nm10812220
tt10593308,nm10812221
tt10593310,nm10812220
tt10593310,nm10812221
tt10593312,nm10812220
tt10593312,nm10812221
tt10593314,nm10812220
tt10593314,nm10812221
tt10593316,nm10812220
tt10593316,nm10812221
tt10593318,nm10812220
tt10593318,nm10812221
tt10593320,nm10812220
tt10593320,nm10812221
tt10593324,nm10812220
tt10593324,nm10812221
tt10593326,nm10812220
tt10593326,nm10812221
tt10593328,nm10812220
tt10593328,nm10812221
tt10593330,nm10812220
tt10593330,nm10812221
tt10593332,nm10812220
tt10593332,nm10812221
tt10593336,nm10812220
tt10593336,nm10812221
tt10593338,nm10812220
tt10593338,nm10812221
tt10593340,nm10812220
tt10593340,nm10812221
tt10593342,nm10812220
tt10593342,nm10812221
tt10593344,nm10812220
tt10593344,nm10812221
tt10593346,nm10812220
tt10593346,nm10812221
tt10593348,nm10812220
tt10593348,nm10812221
tt10593350,nm10812220
tt10593350,nm10812221
tt10593352,nm10812220
tt10593352,nm10812221
tt10593354,nm10812220
tt10593354,nm10812221
tt10593356,nm10812220
tt10593356,nm10812221
tt10593358,nm10812220
tt10593358,nm10812221
tt10593360,nm0436435
tt10593362,nm10812220
tt10593362,nm10812221
tt10593364,nm10812220
tt10593364,nm10812221
tt10593366,nm10812220
tt10593366,nm10812221
tt10593370,nm10812220
tt10593370,nm10812221
tt10593372,nm10812220
tt10593372,nm10812221
tt10593374,nm10812220
tt10593374,nm10812221
tt10593376,nm10812220
tt10593376,nm10812221
tt10593380,nm10102114
tt10593382,nm10812220
tt10593382,nm10812221
tt10593384,nm10812220
tt10593384,nm10812221
tt10593386,nm10812220
tt10593386,nm10812221
tt10593388,nm10812220
tt10593388,nm10812221
tt10593454,nm10948527
tt10593454,nm1516991
tt10593456,nm10948527
tt10593456,nm1516991
tt10593458,nm10948527
tt10593458,nm1516991
tt10593460,nm10948527
tt10593460,nm1516991
tt10593462,nm10948527
tt10593462,nm1516991
tt10593464,nm10948527
tt10593464,nm1516991
tt10593466,nm10816765
tt10593468,nm10948527
tt10593468,nm1516991
tt10593470,nm10948527
tt10593470,nm1516991
tt10593472,nm10948527
tt10593472,nm1516991
tt10593474,nm10948527
tt10593474,nm1516991
tt10593476,nm10948527
tt10593476,nm1516991
tt10593478,nm10948527
tt10593478,nm1516991
tt10593480,nm10948527
tt10593480,nm1516991
tt10593482,nm10948527
tt10593482,nm1516991
tt10593484,nm10948527
tt10593484,nm1516991
tt10593486,nm10948527
tt10593486,nm1516991
tt10593488,nm10948527
tt10593488,nm1516991
tt10593490,nm10948527
tt10593490,nm1516991
tt10593492,nm10948527
tt10593492,nm1516991
tt10593494,nm10948527
tt10593494,nm1516991
tt10593508,nm0941395
tt10593514,nm7202172
tt10593516,nm7202172
tt10593518,nm7202172
tt10593520,nm7202172
tt10593522,nm7202172
tt10593524,nm7202172
tt10593526,nm7202172
tt10593528,nm7202172
tt10593530,nm7202172
tt10593532,nm7202172
tt10593534,nm7202172
tt10593538,nm7202172
tt10593540,nm7202172
tt10593542,nm7202172
tt10593544,nm7202172
tt10593546,nm7202172
tt10593548,nm7202172
tt10593550,nm7202172
tt10593552,nm7202172
tt10593556,nm7202172
tt10593796,nm2352364
tt10593838,nm9605429
tt10593840,nm9605429
tt10593842,nm9605429
tt10593844,nm9605429
tt10593846,nm9605429
tt10593848,nm9605429
tt10593850,nm9605429
tt10593852,nm9605429
tt10593854,nm9605429
tt10593856,nm9605429
tt10593858,nm9605429
tt10593860,nm9605429
tt10593864,nm9605429
tt10593866,nm9605429
tt10593868,nm9605429
tt10593870,nm9605429
tt10593872,nm9605429
tt10593874,nm9605429
tt10593876,nm9605429
tt10593878,nm9605429
tt10593880,nm9605429
tt10593882,nm9605429
tt10593884,nm9605429
tt10593886,nm9605429
tt10593888,nm9605429
tt10593892,nm11753712
tt10593892,nm9605429
tt10593894,nm9605429
tt10593896,nm9605429
tt10593898,nm9605429
tt10593900,nm9605429
tt10593902,nm9605429
tt10593904,nm9605429
tt10593906,nm9605429
tt10593908,nm9605429
tt10593910,nm9605429
tt10593912,nm9605429
tt10593914,nm9605429
tt10593916,nm11753712
tt10593916,nm9605429
tt10593918,nm9605429
tt10593920,nm9605429
tt10593924,nm9605429
tt10593926,nm11753712
tt10593926,nm9605429
tt10593928,nm9605429
tt10593930,nm9605429
tt10593932,nm11753712
tt10593932,nm9605429
tt10593934,nm11753712
tt10593934,nm9605429
tt10593936,nm9605429
tt10593938,nm9605429
tt10593940,nm9605429
tt10593942,nm11753712
tt10593942,nm9605429
tt10593944,nm9605429
tt10593946,nm11753712
tt10593946,nm9605429
tt10593948,nm9605429
tt10593950,nm9605429
tt10593952,nm9605429
tt10593954,nm9605429
tt10593956,nm9605429
tt10593958,nm11753712
tt10593958,nm9605429
tt10593960,nm9605429
tt10593962,nm9605429
tt10594054,nm0474848
tt10594056,nm0474848
tt10594058,nm0474848
tt10594060,nm0474848
tt10594062,nm0474848
tt10594066,nm0474848
tt10594068,nm0474848
tt10594070,nm0474848
tt10594072,nm0474848
tt10594074,nm0474848
tt10594078,nm0474848
tt10594080,nm0474848
tt10594082,nm0474848
tt10594084,nm0474848
tt10594086,nm0474848
tt10594088,nm0474848
tt10594090,nm0474848
tt10594092,nm0474848
tt10594094,nm0474848
tt10594098,nm0474848
tt10594100,nm0474848
tt10594102,nm0474848
tt10594104,nm0474848
tt10594106,nm0474848
tt10594108,nm0474848
tt10594110,nm0474848
tt10594112,nm0474848
tt10594114,nm0474848
tt10594116,nm0474848
tt10594118,nm0474848
tt10594120,nm0474848
tt10594122,nm0474848
tt10594124,nm0474848
tt10594126,nm0474848
tt10594128,nm0474848
tt10594130,nm0474848
tt10594132,nm0474848
tt10594134,nm0474848
tt10594178,nm8556395
tt10594180,nm8225805
tt10594292,nm9785742
tt10594294,nm9785742
tt10594298,nm9785742
tt10594300,nm9785742
tt10594302,nm9785742
tt10594304,nm9785742
tt10594306,nm9785742
tt10594308,nm9785742
tt10594310,nm9785742
tt10594312,nm9785742
tt10594314,nm9785742
tt10594316,nm9785742
tt10594318,nm9785742
tt10594320,nm9785742
tt10594322,nm9785742
tt10594324,nm9785742
tt10594326,nm9785742
tt10594328,nm9785742
tt10594332,nm9785742
tt10594334,nm10804355
tt10594336,nm9785742
tt10594378,nm10226427
tt10594446,nm10226427
tt10594448,nm10226427
tt10594452,nm10226427
tt10594456,nm10226427
tt10594464,nm10226427
tt10594472,nm10226427
tt10594480,nm10226427
tt10594482,nm10226427
tt10594486,nm10816774
tt10594492,nm10226427
tt10594504,nm10226427
tt10594508,nm10226427
tt10594510,nm10226427
tt10594560,nm6624871
tt10594626,nm3471261
tt10594646,nm10817011
tt10594646,nm10833267
tt10594652,nm3471261
tt10594656,nm6420070
tt10594670,nm9135712
tt10594704,nm9719632
tt10594732,nm10816774
tt10594742,nm10810560
tt10594754,nm10810560
tt10594762,nm0941395
tt10594768,nm10810560
tt10594790,nm7134940
tt10594822,nm0306236
tt10594826,nm10035660
tt10594874,nm10810545
tt10594992,nm2194035
tt10595028,nm2354796
tt10595112,nm10084401
tt10595138,nm10817285
tt10595160,nm0219966
tt10595188,nm2354796
tt10595280,nm5262690
tt10595288,nm10734975
tt10595288,nm10817393
tt10595290,nm10560317
tt10595290,nm10560318
tt10595310,nm3955318
tt10595326,nm4781840
tt10595364,nm10817435
tt10595464,nm10817536
tt10595464,nm3541063
tt10595464,nm9650780
tt10595474,nm10817285
tt10595550,nm9605429
tt10595554,nm9605429
tt10595556,nm9605429
tt10595558,nm9605429
tt10595560,nm9605429
tt10595562,nm9605429
tt10595564,nm9605429
tt10595566,nm9605429
tt10595568,nm9605429
tt10595570,nm9605429
tt10595572,nm9605429
tt10595576,nm9605429
tt10595578,nm9605429
tt10595580,nm9605429
tt10595582,nm9605429
tt10595584,nm9605429
tt10595586,nm9605429
tt10595588,nm9605429
tt10595592,nm9605429
tt10595594,nm9605429
tt10595598,nm9605429
tt10595600,nm9605429
tt10595602,nm9605429
tt10595606,nm9605429
tt10595608,nm9605429
tt10595610,nm9605429
tt10595612,nm9605429
tt10595614,nm9605429
tt10595616,nm9605429
tt10595618,nm9605429
tt10595620,nm9605429
tt10595622,nm9605429
tt10595624,nm9605429
tt10595626,nm9605429
tt10595628,nm9605429
tt10595630,nm9605429
tt10595632,nm9605429
tt10595636,nm9605429
tt10595638,nm9605429
tt10595640,nm9605429
tt10595690,nm3541063
tt10595700,nm9605429
tt10595702,nm9605429
tt10595704,nm9605429
tt10595706,nm9605429
tt10595708,nm9605429
tt10595710,nm9605429
tt10595712,nm9605429
tt10595716,nm9605429
tt10595718,nm9605429
tt10595720,nm9605429
tt10595722,nm9605429
tt10595724,nm9605429
tt10595726,nm9605429
tt10595730,nm9605429
tt10595732,nm9605429
tt10595734,nm9605429
tt10595736,nm9605429
tt10595738,nm9605429
tt10595740,nm9605429
tt10595742,nm9605429
tt10595746,nm9605429
tt10595748,nm9605429
tt10595750,nm9605429
tt10595752,nm9605429
tt10595754,nm9605429
tt10595756,nm9605429
tt10595758,nm9605429
tt10595760,nm9605429
tt10595762,nm9605429
tt10595764,nm9605429
tt10595766,nm9605429
tt10595768,nm9605429
tt10595770,nm9605429
tt10595774,nm9605429
tt10595776,nm9605429
tt10595778,nm9605429
tt10595780,nm9605429
tt10595784,nm9605429
tt10595788,nm9605429
tt10595792,nm9605429
tt10595794,nm9605429
tt10595796,nm9605429
tt10595798,nm9605429
tt10595802,nm9605429
tt10595804,nm9605429
tt10595806,nm9605429
tt10595808,nm9605429
tt10595810,nm9605429
tt10595812,nm9605429
tt10595814,nm9605429
tt10595816,nm9605429
tt10595818,nm9605429
tt10595820,nm9605429
tt10595822,nm9605429
tt10595824,nm9605429
tt10595826,nm9605429
tt10595830,nm9605429
tt10595832,nm9605429
tt10595884,nm10631312
tt10595884,nm11741397
tt10595884,nm4027968
tt10595886,nm10631312
tt10595886,nm11741397
tt10595886,nm4027968
tt10595888,nm10631312
tt10595888,nm11741397
tt10595888,nm4027968
tt10595890,nm10631312
tt10595890,nm11741397
tt10595890,nm4027968
tt10595892,nm10631312
tt10595892,nm11741397
tt10595892,nm4027968
tt10595896,nm10631312
tt10595896,nm11741397
tt10595896,nm4027968
tt10595898,nm10631312
tt10595898,nm11741397
tt10595898,nm4027968
tt10595900,nm10631312
tt10595900,nm11741397
tt10595900,nm4027968
tt10595902,nm10631312
tt10595902,nm11741397
tt10595902,nm4027968
tt10595906,nm10631312
tt10595906,nm11741397
tt10595906,nm4027968
tt10595908,nm7786669
tt10595908,nm8196792
tt10595910,nm7786669
tt10595910,nm8196792
tt10595914,nm7786669
tt10595914,nm8196792
tt10595916,nm7786669
tt10595916,nm8196792
tt10595918,nm7786669
tt10595918,nm8196792
tt10595920,nm7786669
tt10595920,nm8196792
tt10595922,nm7786669
tt10595922,nm8196792
tt10595924,nm7786669
tt10595924,nm8196792
tt10595926,nm7786669
tt10595926,nm8196792
tt10595928,nm7786669
tt10595928,nm8196792
tt10595930,nm7786669
tt10595930,nm8196792
tt10595932,nm7786669
tt10595932,nm8196792
tt10595934,nm7786669
tt10595934,nm8196792
tt10595936,nm7786669
tt10595936,nm8196792
tt10595938,nm7786669
tt10595938,nm8196792
tt10595942,nm7786669
tt10595942,nm8196792
tt10595944,nm7786669
tt10595944,nm8196792
tt10595946,nm7786669
tt10595946,nm8196792
tt10595948,nm7786669
tt10595948,nm8196792
tt10595950,nm7786669
tt10595950,nm8196792
tt10596058,nm10812220
tt10596058,nm10812221
tt10596060,nm10812220
tt10596060,nm10812221
tt10596062,nm10812220
tt10596062,nm10812221
tt10596064,nm10812220
tt10596064,nm10812221
tt10596066,nm10812220
tt10596066,nm10812221
tt10596068,nm10812220
tt10596068,nm10812221
tt10596070,nm10812220
tt10596070,nm10812221
tt10596072,nm10812220
tt10596072,nm10812221
tt10596074,nm10812220
tt10596074,nm10812221
tt10596076,nm10812220
tt10596076,nm10812221
tt10596078,nm10812220
tt10596078,nm10812221
tt10596080,nm10812220
tt10596080,nm10812221
tt10596082,nm10812220
tt10596082,nm10812221
tt10596084,nm10812220
tt10596084,nm10812221
tt10596086,nm10812220
tt10596086,nm10812221
tt10596088,nm10812220
tt10596088,nm10812221
tt10596090,nm10812220
tt10596090,nm10812221
tt10596094,nm10812220
tt10596094,nm10812221
tt10596096,nm10812220
tt10596096,nm10812221
tt10596098,nm10812220
tt10596098,nm10812221
tt10596280,nm9289919
tt10596284,nm5460792
tt10596288,nm5460792
tt10596290,nm5460792
tt10596292,nm5460792
tt10596294,nm5460792
tt10596298,nm5460792
tt10596300,nm5460792
tt10596302,nm5460792
tt10596304,nm5460792
tt10596306,nm5460792
tt10596308,nm5460792
tt10596310,nm5460792
tt10596312,nm5460792
tt10596316,nm5460792
tt10596318,nm5460792
tt10596320,nm5460792
tt10596322,nm5460792
tt10596324,nm5460792
tt10596326,nm5460792
tt10596330,nm5460792
tt10596332,nm5460792
tt10596334,nm5460792
tt10596336,nm5460792
tt10596344,nm5460792
tt10596424,nm1329162
tt10596424,nm2156410
tt10596454,nm1329162
tt10596454,nm2156410
tt10596456,nm1329162
tt10596456,nm2156410
tt10596458,nm1329162
tt10596458,nm2156410
tt10596460,nm1329162
tt10596460,nm2156410
tt10596462,nm1329162
tt10596462,nm2156410
tt10596464,nm1329162
tt10596464,nm2156410
tt10596466,nm1329162
tt10596466,nm2156410
tt10596468,nm1329162
tt10596468,nm2156410
tt10596472,nm1329162
tt10596472,nm2156410
tt10596502,nm2354796
tt10596538,nm3137290
tt10596538,nm8752776
tt10596636,nm1306805
tt10596678,nm9629374
tt10596680,nm9629374
tt10596684,nm9629374
tt10596686,nm9629374
tt10596688,nm9629374
tt10596690,nm9629374
tt10596752,nm2040693
tt10596854,nm9529695
tt10596866,nm9629374
tt10596870,nm9629374
tt10596872,nm9629374
tt10596878,nm9629374
tt10596894,nm10817881
tt10596986,nm5516100
tt10597006,nm1066081
tt10597006,nm7195251
tt10597028,nm9623745
tt10597038,nm9629374
tt10597060,nm10689964
tt10597306,nm6168329
tt10597392,nm7367042
tt10597396,nm10816962
tt10597406,nm10818295
tt10597426,nm10247562
tt10597550,nm10818467
tt10597576,nm10818487
tt10597610,nm10765866
tt10597630,nm10774408
tt10597630,nm10774410
tt10597638,nm4034378
tt10597686,nm10815762
tt10597870,nm10815762
tt10597900,nm7476163
tt10597966,nm10816962
tt10598204,nm10815762
tt10598214,nm10815762
tt10598242,nm3471261
tt10598272,nm10297521
tt10598272,nm3602546
tt10598272,nm4161312
tt10598272,nm6858826
tt10598272,nm8796430
tt10598272,nm9020400
tt10598292,nm10818825
tt10598292,nm10818954
tt10598292,nm10818957
tt10598300,nm4801440
tt10598304,nm10818825
tt10598308,nm3471261
tt10598312,nm10111057
tt10598312,nm10818947
tt10598316,nm10344847
tt10598338,nm10818825
tt10598348,nm1616190
tt10598350,nm10818825
tt10598358,nm10818825
tt10598370,nm10817285
tt10598370,nm10818968
tt10598372,nm10818969
tt10598378,nm10817997
tt10598378,nm10818977
tt10598378,nm10818982
tt10598378,nm10818984
tt10598388,nm9726194
tt10598438,nm9915214
tt10598438,nm9915215
tt10598444,nm9915214
tt10598444,nm9915215
tt10598448,nm4277698
tt10598492,nm9915214
tt10598492,nm9915215
tt10598502,nm4763387
tt10598554,nm7693093
tt10598590,nm10819168
tt10598602,nm4277698
tt10598614,nm10379467
tt10598640,nm10818954
tt10598652,nm3194174
tt10598652,nm4277698
tt10598656,nm10818954
tt10598660,nm4277698
tt10598700,nm10818954
tt10598768,nm2758048
tt10598786,nm4277698
tt10598798,nm4277698
tt10598826,nm3194174
tt10598830,nm3194174
tt10598834,nm3194174
tt10598840,nm3194174
tt10598844,nm3194174
tt10598884,nm1329162
tt10598884,nm2156410
tt10598886,nm1329162
tt10598886,nm2156410
tt10598888,nm1329162
tt10598888,nm2156410
tt10598892,nm1329162
tt10598892,nm2156410
tt10598894,nm1329162
tt10598894,nm2156410
tt10598898,nm1329162
tt10598898,nm2156410
tt10598900,nm1329162
tt10598900,nm2156410
tt10598904,nm1329162
tt10598904,nm2156410
tt10598906,nm1329162
tt10598906,nm2156410
tt10598908,nm1329162
tt10598908,nm2156410
tt10598970,nm5460792
tt10598972,nm5460792
tt10598974,nm5460792
tt10598976,nm5460792
tt10598978,nm5460792
tt10598982,nm5460792
tt10598984,nm5460792
tt10598990,nm5460792
tt10598992,nm5460792
tt10598994,nm5460792
tt10598996,nm5460792
tt10598998,nm5460792
tt10599000,nm5460792
tt10599002,nm5460792
tt10599004,nm5460792
tt10599006,nm5460792
tt10599008,nm5460792
tt10599010,nm5460792
tt10599012,nm5460792
tt10599014,nm5460792
tt10599226,nm10812220
tt10599226,nm10812221
tt10599228,nm10812220
tt10599228,nm10812221
tt10599232,nm10812220
tt10599232,nm10812221
tt10599234,nm10812220
tt10599234,nm10812221
tt10599238,nm10812220
tt10599238,nm10812221
tt10599240,nm10812220
tt10599240,nm10812221
tt10599242,nm10812220
tt10599242,nm10812221
tt10599244,nm10812220
tt10599244,nm10812221
tt10599246,nm10812220
tt10599246,nm10812221
tt10599248,nm10812220
tt10599248,nm10812221
tt10599250,nm10812220
tt10599250,nm10812221
tt10599252,nm10812220
tt10599252,nm10812221
tt10599254,nm10812220
tt10599254,nm10812221
tt10599256,nm10812220
tt10599256,nm10812221
tt10599260,nm10812220
tt10599260,nm10812221
tt10599262,nm10812220
tt10599262,nm10812221
tt10599264,nm10812220
tt10599264,nm10812221
tt10599266,nm10812220
tt10599266,nm10812221
tt10599268,nm10812220
tt10599268,nm10812221
tt10599270,nm10812220
tt10599270,nm10812221
tt10599320,nm5122646
tt10599386,nm7786669
tt10599386,nm8196792
tt10599388,nm7786669
tt10599388,nm8196792
tt10599392,nm7786669
tt10599392,nm8196792
tt10599394,nm7786669
tt10599394,nm8196792
tt10599398,nm7786669
tt10599398,nm8196792
tt10599400,nm7786669
tt10599400,nm8196792
tt10599402,nm7786669
tt10599402,nm8196792
tt10599406,nm7786669
tt10599406,nm8196792
tt10599408,nm7786669
tt10599408,nm8196792
tt10599410,nm7786669
tt10599410,nm8196792
tt10599414,nm7786669
tt10599414,nm8196792
tt10599416,nm7786669
tt10599416,nm8196792
tt10599418,nm7786669
tt10599418,nm8196792
tt10599420,nm7786669
tt10599420,nm8196792
tt10599422,nm7786669
tt10599422,nm8196792
tt10599424,nm7786669
tt10599424,nm8196792
tt10599426,nm7786669
tt10599426,nm8196792
tt10599428,nm7786669
tt10599428,nm8196792
tt10599430,nm7786669
tt10599430,nm8196792
tt10599432,nm7786669
tt10599432,nm8196792
tt10599442,nm10631312
tt10599442,nm11741397
tt10599442,nm4027968
tt10599444,nm10631312
tt10599444,nm11741397
tt10599444,nm4027968
tt10599452,nm10631312
tt10599452,nm11741397
tt10599452,nm4027968
tt10599454,nm10631312
tt10599454,nm11741397
tt10599454,nm4027968
tt10599458,nm10631312
tt10599458,nm11741397
tt10599458,nm4027968
tt10599462,nm10631312
tt10599462,nm11741397
tt10599462,nm4027968
tt10599464,nm10631312
tt10599464,nm11741397
tt10599464,nm4027968
tt10599552,nm9605429
tt10599556,nm9605429
tt10599560,nm9605429
tt10599564,nm9605429
tt10599568,nm9605429
tt10599570,nm9605429
tt10599576,nm9605429
tt10599578,nm9605429
tt10599584,nm9605429
tt10599586,nm9605429
tt10599592,nm9605429
tt10599596,nm9605429
tt10599598,nm9605429
tt10599602,nm9605429
tt10599604,nm9605429
tt10599608,nm9605429
tt10599612,nm9605429
tt10599614,nm9605429
tt10599618,nm9605429
tt10599620,nm9605429
tt10599632,nm9605429
tt10599636,nm9605429
tt10599640,nm9605429
tt10599642,nm9605429
tt10599644,nm9605429
tt10599648,nm9605429
tt10599650,nm9605429
tt10599652,nm9605429
tt10599654,nm9605429
tt10599656,nm9605429
tt10599658,nm9605429
tt10599660,nm9605429
tt10599662,nm9605429
tt10599664,nm9605429
tt10599666,nm9605429
tt10599668,nm9605429
tt10599670,nm9605429
tt10599672,nm9605429
tt10599674,nm9605429
tt10599676,nm9605429
tt10599680,nm9605429
tt10599684,nm9605429
tt10599686,nm9605429
tt10599690,nm9605429
tt10599692,nm9605429
tt10599694,nm9605429
tt10599696,nm9605429
tt10599698,nm9605429
tt10599700,nm9605429
tt10599702,nm9605429
tt10599704,nm9605429
tt10599706,nm9605429
tt10599708,nm9605429
tt10599710,nm9605429
tt10599712,nm9605429
tt10599714,nm9605429
tt10599716,nm9605429
tt10599718,nm9605429
tt10599720,nm9605429
tt10599724,nm9605429
tt10599728,nm6012963
tt10599742,nm4545969
tt10599764,nm9605429
tt10599766,nm9605429
tt10599768,nm9605429
tt10599772,nm9605429
tt10599774,nm9605429
tt10599780,nm9605429
tt10599782,nm9605429
tt10599786,nm9605429
tt10599788,nm9605429
tt10599790,nm9605429
tt10599792,nm9605429
tt10599794,nm9605429
tt10599796,nm9605429
tt10599798,nm9605429
tt10599800,nm9605429
tt10599802,nm9605429
tt10599804,nm9605429
tt10599806,nm9605429
tt10599812,nm9605429
tt10599816,nm9605429
tt10599818,nm9605429
tt10599822,nm9605429
tt10599824,nm9605429
tt10599826,nm9605429
tt10599828,nm9605429
tt10599832,nm9605429
tt10599836,nm9605429
tt10599840,nm9605429
tt10599842,nm9605429
tt10599844,nm9605429
tt10599846,nm9605429
tt10599848,nm9605429
tt10599850,nm9605429
tt10599852,nm9605429
tt10599854,nm9605429
tt10599856,nm9605429
tt10599858,nm9605429
tt10599860,nm9605429
tt10599866,nm9605429
tt10599992,nm1964090
tt10600028,nm10297521
tt10600028,nm3602546
tt10600028,nm4161312
tt10600028,nm9020400
tt10600032,nm9785742
tt10600034,nm9785742
tt10600036,nm9785742
tt10600038,nm9785742
tt10600040,nm9785742
tt10600042,nm9785742
tt10600044,nm9785742
tt10600046,nm9785742
tt10600048,nm9785742
tt10600050,nm9785742
tt10600052,nm9785742
tt10600054,nm9785742
tt10600056,nm9785742
tt10600058,nm9785742
tt10600060,nm9785742
tt10600062,nm9785742
tt10600064,nm9785742
tt10600066,nm9785742
tt10600068,nm9785742
tt10600070,nm9785742
tt10600186,nm10297521
tt10600186,nm4161312
tt10600186,nm6858826
tt10600186,nm8796430
tt10600186,nm9020400
tt10600240,nm9605429
tt10600242,nm11753712
tt10600242,nm9605429
tt10600244,nm9605429
tt10600246,nm11753712
tt10600246,nm9605429
tt10600248,nm9605429
tt10600252,nm9605429
tt10600254,nm9605429
tt10600256,nm9605429
tt10600258,nm11753712
tt10600258,nm9605429
tt10600260,nm9605429
tt10600262,nm9605429
tt10600266,nm9605429
tt10600268,nm9605429
tt10600270,nm9605429
tt10600272,nm9605429
tt10600274,nm9605429
tt10600276,nm9605429
tt10600278,nm9605429
tt10600280,nm9605429
tt10600288,nm9605429
tt10600290,nm9605429
tt10600292,nm9605429
tt10600294,nm9605429
tt10600296,nm9605429
tt10600300,nm9605429
tt10600302,nm9605429
tt10600304,nm9605429
tt10600306,nm9605429
tt10600308,nm9605429
tt10600310,nm9605429
tt10600312,nm9605429
tt10600316,nm9605429
tt10600318,nm9605429
tt10600320,nm9605429
tt10600322,nm9605429
tt10600324,nm9605429
tt10600328,nm9605429
tt10600330,nm9605429
tt10600332,nm11753712
tt10600332,nm9605429
tt10600334,nm9605429
tt10600336,nm9605429
tt10600340,nm9605429
tt10600342,nm9605429
tt10600344,nm9605429
tt10600346,nm10297521
tt10600346,nm4161312
tt10600346,nm6858826
tt10600346,nm8796430
tt10600346,nm9020400
tt10600350,nm9605429
tt10600352,nm9605429
tt10600354,nm9605429
tt10600356,nm9605429
tt10600358,nm9605429
tt10600360,nm9605429
tt10600362,nm9605429
tt10600364,nm9605429
tt10600366,nm9605429
tt10600368,nm9605429
tt10600370,nm9605429
tt10600372,nm9605429
tt10600374,nm9605429
tt10600376,nm9605429
tt10600378,nm9605429
tt10600380,nm9605429
tt10600382,nm9605429
tt10600386,nm9605429
tt10600388,nm9605429
tt10600390,nm9605429
tt10600498,nm7202172
tt10600500,nm7202172
tt10600502,nm7202172
tt10600504,nm7202172
tt10600506,nm7202172
tt10600508,nm7202172
tt10600510,nm7202172
tt10600512,nm7202172
tt10600514,nm7202172
tt10600516,nm7202172
tt10600518,nm7202172
tt10600520,nm7202172
tt10600522,nm7202172
tt10600524,nm7202172
tt10600526,nm7202172
tt10600528,nm7202172
tt10600530,nm7202172
tt10600532,nm7202172
tt10600534,nm7202172
tt10600536,nm7202172
tt10600540,nm10948527
tt10600540,nm1516991
tt10600542,nm10948527
tt10600542,nm1516991
tt10600544,nm10948527
tt10600544,nm1516991
tt10600546,nm10948527
tt10600546,nm1516991
tt10600548,nm10948527
tt10600548,nm1516991
tt10600550,nm10948527
tt10600550,nm1516991
tt10600552,nm10948527
tt10600552,nm1516991
tt10600554,nm10948527
tt10600554,nm1516991
tt10600556,nm10948527
tt10600556,nm1516991
tt10600558,nm10948527
tt10600558,nm1516991
tt10600564,nm10948527
tt10600564,nm1516991
tt10600566,nm10948527
tt10600566,nm1516991
tt10600568,nm10948527
tt10600568,nm1516991
tt10600570,nm10948527
tt10600570,nm1516991
tt10600572,nm10948527
tt10600572,nm1516991
tt10600574,nm10948527
tt10600574,nm1516991
tt10600576,nm10948527
tt10600576,nm1516991
tt10600578,nm10948527
tt10600578,nm1516991
tt10600580,nm10948527
tt10600580,nm1516991
tt10600582,nm10948527
tt10600582,nm1516991
tt10600676,nm10812220
tt10600676,nm10812221
tt10600678,nm10812220
tt10600678,nm10812221
tt10600682,nm10812220
tt10600682,nm10812221
tt10600686,nm10812220
tt10600686,nm10812221
tt10600688,nm10812220
tt10600688,nm10812221
tt10600690,nm10812220
tt10600690,nm10812221
tt10600692,nm10812220
tt10600692,nm10812221
tt10600694,nm10812220
tt10600694,nm10812221
tt10600696,nm10812220
tt10600696,nm10812221
tt10600698,nm10812220
tt10600698,nm10812221
tt10600700,nm10812220
tt10600700,nm10812221
tt10600702,nm10812220
tt10600702,nm10812221
tt10600704,nm10812220
tt10600704,nm10812221
tt10600706,nm10812220
tt10600706,nm10812221
tt10600708,nm10812220
tt10600708,nm10812221
tt10600710,nm10812220
tt10600710,nm10812221
tt10600712,nm10812220
tt10600712,nm10812221
tt10600714,nm10812220
tt10600714,nm10812221
tt10600718,nm10812220
tt10600718,nm10812221
tt10600722,nm10812220
tt10600722,nm10812221
tt10600728,nm10812220
tt10600728,nm10812221
tt10600730,nm10812220
tt10600730,nm10812221
tt10600734,nm10812220
tt10600734,nm10812221
tt10600738,nm10812220
tt10600738,nm10812221
tt10600740,nm10812220
tt10600740,nm10812221
tt10600742,nm10812220
tt10600742,nm10812221
tt10600746,nm10812220
tt10600746,nm10812221
tt10600748,nm10812220
tt10600748,nm10812221
tt10600750,nm10812220
tt10600750,nm10812221
tt10600760,nm10812220
tt10600760,nm10812221
tt10600762,nm10812220
tt10600762,nm10812221
tt10600768,nm10812220
tt10600768,nm10812221
tt10600776,nm10812220
tt10600776,nm10812221
tt10600778,nm10812220
tt10600778,nm10812221
tt10600780,nm10812220
tt10600780,nm10812221
tt10600782,nm10812220
tt10600782,nm10812221
tt10600784,nm10812220
tt10600784,nm10812221
tt10600786,nm10812220
tt10600786,nm10812221
tt10600788,nm10812220
tt10600788,nm10812221
tt10600790,nm10812220
tt10600790,nm10812221
tt10600792,nm10812220
tt10600792,nm10812221
tt10600794,nm10812220
tt10600794,nm10812221
tt10600798,nm10812220
tt10600798,nm10812221
tt10600800,nm10812220
tt10600800,nm10812221
tt10600802,nm10812220
tt10600802,nm10812221
tt10600804,nm10812220
tt10600804,nm10812221
tt10600806,nm10812220
tt10600806,nm10812221
tt10600808,nm10812220
tt10600808,nm10812221
tt10600810,nm10812220
tt10600810,nm10812221
tt10600812,nm10812220
tt10600812,nm10812221
tt10600814,nm10812220
tt10600814,nm10812221
tt10600816,nm10812220
tt10600816,nm10812221
tt10600818,nm10812220
tt10600818,nm10812221
tt10600820,nm10812220
tt10600820,nm10812221
tt10600822,nm10812220
tt10600822,nm10812221
tt10600824,nm10812220
tt10600824,nm10812221
tt10600828,nm10812220
tt10600828,nm10812221
tt10600830,nm10812220
tt10600830,nm10812221
tt10600832,nm10812220
tt10600832,nm10812221
tt10600834,nm10812220
tt10600834,nm10812221
tt10600858,nm10819616
tt10600886,nm6012963
tt10601064,nm7240916
tt10601086,nm6012963
tt10601088,nm10392843
tt10601094,nm4695609
tt10601100,nm3747735
tt10601164,nm1292640
tt10601164,nm6454763
tt10601168,nm1292640
tt10601168,nm6454763
tt10601172,nm1292640
tt10601172,nm6454763
tt10601176,nm1292640
tt10601176,nm6454763
tt10601180,nm1292640
tt10601180,nm6454763
tt10601188,nm1292640
tt10601188,nm6454763
tt10601196,nm1292640
tt10601196,nm6454763
tt10601198,nm6890016
tt10601198,nm8288922
tt10601200,nm6483423
tt10601202,nm1292640
tt10601202,nm6454763
tt10601208,nm6483423
tt10601254,nm2699016
tt10601284,nm1937506
tt10601286,nm6130850
tt10601374,nm5556575
tt10601420,nm10642342
tt10601444,nm4087886
tt10601458,nm6017582
tt10601490,nm7965584
tt10601498,nm10642342
tt10601530,nm3189512
tt10601532,nm3189512
tt10601534,nm3189512
tt10601536,nm3189512
tt10601538,nm3189512
tt10601562,nm2289780
tt10601588,nm9981596
tt10601612,nm7003797
tt10601628,nm9623745
tt10601918,nm1067862
tt10601918,nm2430239
tt10601918,nm3193359
tt10601918,nm3302806
tt10601928,nm10820360
tt10601974,nm10820411
tt10602012,nm10258731
tt10602160,nm8629569
tt10602324,nm8246581
tt10602402,nm4560438
tt10602428,nm3962239
tt10602430,nm4560438
tt10602434,nm3962239
tt10602436,nm3962239
tt10602438,nm3962239
tt10602440,nm3962239
tt10602442,nm3962239
tt10602444,nm3962239
tt10602446,nm3962239
tt10602448,nm3962239
tt10602452,nm3962239
tt10602454,nm3962239
tt10602456,nm3962239
tt10602458,nm3962239
tt10602460,nm3962239
tt10602462,nm3962239
tt10602464,nm3962239
tt10602466,nm3962239
tt10602468,nm3962239
tt10602470,nm3962239
tt10602472,nm3962239
tt10602474,nm3962239
tt10602476,nm3962239
tt10602478,nm3962239
tt10602480,nm3962239
tt10602486,nm3962239
tt10602488,nm3962239
tt10602490,nm4560438
tt10602494,nm3962239
tt10602498,nm3962239
tt10602500,nm3962239
tt10602502,nm3962239
tt10602504,nm6108603
tt10602580,nm8099261
tt10602606,nm8158140
tt10602620,nm9718407
tt10602658,nm4277698
tt10602660,nm10815968
tt10602664,nm4277698
tt10602668,nm4277698
tt10602670,nm4277698
tt10602672,nm4277698
tt10602674,nm4277698
tt10602678,nm4277698
tt10602684,nm0364154
tt10602726,nm3194174
tt10602734,nm3194174
tt10602748,nm10815968
tt10602750,nm3194174
tt10602756,nm3194174
tt10602806,nm0541907
tt10602826,nm9115667
tt10602830,nm10821152
tt10602832,nm3194174
tt10602930,nm1730780
tt10602930,nm1988293
tt10602930,nm2279297
tt10602930,nm2297525
tt10602930,nm3869964
tt10602930,nm7382608
tt10602980,nm10464279
tt10602990,nm1342832
tt10602992,nm5847010
tt10603000,nm9622942
tt10603012,nm2378346
tt10603170,nm10799619
tt10603192,nm2279297
tt10603192,nm3869964
tt10603242,nm2378346
tt10603258,nm10821496
tt10603258,nm2378346
tt10603298,nm0001650
tt10603310,nm2378346
tt10603332,nm2378346
tt10603332,nm4686047
tt10603332,nm8815028
tt10603356,nm9797402
tt10603360,nm2378346
tt10603484,nm4980329
tt10603694,nm1292640
tt10603704,nm10812220
tt10603704,nm10812221
tt10603706,nm10812220
tt10603706,nm10812221
tt10603708,nm10812220
tt10603708,nm10812221
tt10603710,nm10812220
tt10603710,nm10812221
tt10603712,nm10812220
tt10603712,nm10812221
tt10603714,nm10812220
tt10603714,nm10812221
tt10603716,nm10812220
tt10603716,nm10812221
tt10603718,nm6289987
tt10603720,nm10812220
tt10603720,nm10812221
tt10603722,nm10812220
tt10603722,nm10812221
tt10603726,nm10812220
tt10603726,nm10812221
tt10603728,nm10812220
tt10603728,nm10812221
tt10603730,nm10812220
tt10603730,nm10812221
tt10603732,nm10812220
tt10603732,nm10812221
tt10603734,nm10812220
tt10603734,nm10812221
tt10603736,nm10812220
tt10603736,nm10812221
tt10603738,nm10812220
tt10603738,nm10812221
tt10603740,nm1400435
tt10603740,nm4803564
tt10603742,nm10812220
tt10603742,nm10812221
tt10603744,nm10812220
tt10603744,nm10812221
tt10603746,nm10812220
tt10603746,nm10812221
tt10603748,nm10812220
tt10603748,nm10812221
tt10603750,nm10812220
tt10603750,nm10812221
tt10603752,nm10812220
tt10603752,nm10812221
tt10603754,nm10812220
tt10603754,nm10812221
tt10603756,nm10812220
tt10603756,nm10812221
tt10603758,nm3395069
tt10603760,nm10812220
tt10603760,nm10812221
tt10603762,nm10812220
tt10603762,nm10812221
tt10603764,nm10812220
tt10603764,nm10812221
tt10603768,nm10812220
tt10603768,nm10812221
tt10603770,nm10812220
tt10603770,nm10812221
tt10603772,nm10812220
tt10603772,nm10812221
tt10603774,nm10812220
tt10603774,nm10812221
tt10603776,nm2652607
tt10603776,nm5882773
tt10603778,nm10812220
tt10603778,nm10812221
tt10603780,nm10812220
tt10603780,nm10812221
tt10603782,nm10812220
tt10603782,nm10812221
tt10603784,nm1400435
tt10603786,nm10812220
tt10603786,nm10812221
tt10603788,nm10781732
tt10603792,nm10812220
tt10603792,nm10812221
tt10603794,nm10812220
tt10603794,nm10812221
tt10603796,nm10812220
tt10603796,nm10812221
tt10603798,nm10812220
tt10603798,nm10812221
tt10603800,nm10812220
tt10603800,nm10812221
tt10603802,nm3805258
tt10603804,nm10812220
tt10603804,nm10812221
tt10603806,nm10812220
tt10603806,nm10812221
tt10603808,nm10812220
tt10603808,nm10812221
tt10603810,nm10812220
tt10603810,nm10812221
tt10603812,nm10812220
tt10603812,nm10812221
tt10603814,nm10812220
tt10603814,nm10812221
tt10603816,nm1645993
tt10603818,nm10812220
tt10603818,nm10812221
tt10603820,nm10812220
tt10603820,nm10812221
tt10603822,nm10812220
tt10603822,nm10812221
tt10603824,nm10812220
tt10603824,nm10812221
tt10603826,nm10812220
tt10603826,nm10812221
tt10603828,nm10812220
tt10603828,nm10812221
tt10603830,nm10812220
tt10603830,nm10812221
tt10603832,nm10812220
tt10603832,nm10812221
tt10603838,nm10812220
tt10603838,nm10812221
tt10603842,nm10812220
tt10603842,nm10812221
tt10603844,nm10812220
tt10603844,nm10812221
tt10603846,nm10812220
tt10603846,nm10812221
tt10603848,nm10812220
tt10603848,nm10812221
tt10603850,nm10812220
tt10603850,nm10812221
tt10603960,nm10948527
tt10603960,nm1516991
tt10603962,nm10948527
tt10603962,nm1516991
tt10603964,nm10948527
tt10603964,nm1516991
tt10603966,nm10948527
tt10603966,nm1516991
tt10603968,nm10948527
tt10603968,nm1516991
tt10603970,nm10948527
tt10603970,nm1516991
tt10603972,nm10948527
tt10603972,nm1516991
tt10603974,nm10948527
tt10603974,nm1516991
tt10603976,nm10948527
tt10603976,nm1516991
tt10603980,nm10948527
tt10603980,nm1516991
tt10603982,nm10948527
tt10603982,nm1516991
tt10603984,nm10948527
tt10603984,nm1516991
tt10603986,nm10948527
tt10603986,nm1516991
tt10603988,nm10948527
tt10603988,nm1516991
tt10603990,nm10948527
tt10603990,nm1516991
tt10603992,nm10948527
tt10603992,nm1516991
tt10603994,nm10948527
tt10603994,nm1516991
tt10603996,nm10948527
tt10603996,nm1516991
tt10603998,nm10948527
tt10603998,nm1516991
tt10604000,nm10948527
tt10604000,nm1516991
tt10604002,nm1500794
tt10604006,nm7202172
tt10604008,nm7202172
tt10604010,nm7202172
tt10604012,nm7202172
tt10604014,nm7202172
tt10604016,nm7202172
tt10604018,nm7202172
tt10604020,nm7202172
tt10604022,nm7202172
tt10604024,nm7202172
tt10604026,nm7202172
tt10604028,nm7202172
tt10604030,nm7202172
tt10604034,nm7202172
tt10604038,nm7202172
tt10604040,nm7202172
tt10604042,nm7202172
tt10604044,nm7202172
tt10604046,nm7202172
tt10604048,nm7202172
tt10604052,nm10781732
tt10604098,nm9605429
tt10604100,nm9605429
tt10604102,nm9605429
tt10604104,nm9605429
tt10604108,nm9605429
tt10604110,nm9605429
tt10604112,nm9605429
tt10604114,nm9605429
tt10604116,nm9605429
tt10604118,nm9605429
tt10604120,nm9605429
tt10604122,nm9605429
tt10604126,nm9605429
tt10604128,nm9605429
tt10604130,nm9605429
tt10604132,nm9605429
tt10604134,nm9605429
tt10604136,nm9605429
tt10604142,nm9605429
tt10604144,nm9605429
tt10604146,nm9605429
tt10604148,nm9605429
tt10604150,nm11753712
tt10604150,nm9605429
tt10604152,nm11753712
tt10604152,nm9605429
tt10604156,nm11753712
tt10604156,nm9605429
tt10604160,nm9605429
tt10604162,nm9605429
tt10604164,nm9605429
tt10604166,nm11753712
tt10604166,nm9605429
tt10604168,nm11753712
tt10604168,nm9605429
tt10604170,nm9605429
tt10604172,nm9605429
tt10604174,nm10781732
tt10604176,nm9605429
tt10604178,nm0798595
tt10604180,nm9605429
tt10604182,nm11753712
tt10604182,nm9605429
tt10604184,nm9605429
tt10604186,nm9605429
tt10604188,nm9605429
tt10604190,nm9605429
tt10604192,nm9605429
tt10604194,nm9605429
tt10604196,nm9605429
tt10604198,nm9605429
tt10604200,nm9605429
tt10604202,nm9605429
tt10604204,nm9605429
tt10604252,nm1298267
tt10604306,nm9785742
tt10604308,nm9785742
tt10604310,nm9785742
tt10604312,nm9785742
tt10604314,nm9785742
tt10604318,nm9785742
tt10604322,nm9785742
tt10604324,nm9785742
tt10604326,nm9785742
tt10604328,nm9785742
tt10604330,nm9785742
tt10604332,nm9785742
tt10604334,nm9785742
tt10604336,nm9785742
tt10604338,nm9785742
tt10604340,nm9785742
tt10604342,nm9785742
tt10604344,nm9785742
tt10604346,nm9785742
tt10604350,nm9785742
tt10604374,nm9785742
tt10604400,nm4485150
tt10604530,nm9605429
tt10604532,nm9605429
tt10604534,nm9605429
tt10604536,nm9605429
tt10604540,nm9605429
tt10604542,nm9605429
tt10604544,nm9605429
tt10604546,nm9605429
tt10604548,nm9605429
tt10604552,nm9605429
tt10604558,nm9605429
tt10604560,nm9605429
tt10604562,nm9605429
tt10604566,nm9605429
tt10604568,nm9605429
tt10604570,nm9605429
tt10604572,nm9605429
tt10604574,nm9605429
tt10604578,nm9605429
tt10604580,nm9605429
tt10604582,nm9605429
tt10604586,nm9605429
tt10604588,nm9605429
tt10604590,nm9605429
tt10604592,nm9605429
tt10604594,nm9605429
tt10604596,nm9605429
tt10604598,nm9605429
tt10604600,nm9605429
tt10604602,nm9605429
tt10604604,nm9605429
tt10604606,nm9605429
tt10604608,nm9605429
tt10604610,nm9605429
tt10604612,nm9605429
tt10604614,nm9605429
tt10604618,nm9605429
tt10604620,nm9605429
tt10604622,nm9605429
tt10604624,nm9605429
tt10604626,nm9605429
tt10604628,nm9605429
tt10604630,nm9605429
tt10604632,nm9605429
tt10604634,nm9605429
tt10604638,nm9605429
tt10604640,nm9605429
tt10604642,nm9605429
tt10604644,nm9605429
tt10604646,nm9605429
tt10604650,nm9605429
tt10604652,nm9605429
tt10604654,nm9605429
tt10604656,nm9605429
tt10604658,nm9605429
tt10604660,nm9605429
tt10604664,nm9605429
tt10604668,nm9605429
tt10604672,nm9605429
tt10604676,nm9605429
tt10604680,nm9605429
tt10604698,nm9605429
tt10604700,nm9605429
tt10604702,nm9605429
tt10604704,nm9605429
tt10604706,nm9605429
tt10604708,nm9605429
tt10604710,nm9605429
tt10604712,nm9605429
tt10604714,nm9605429
tt10604716,nm9605429
tt10604718,nm9605429
tt10604720,nm9605429
tt10604722,nm9605429
tt10604726,nm9605429
tt10604728,nm9605429
tt10604730,nm9605429
tt10604734,nm9605429
tt10604736,nm9605429
tt10604738,nm2955193
tt10604740,nm9605429
tt10604900,nm7786669
tt10604900,nm8196792
tt10604904,nm7786669
tt10604904,nm8196792
tt10604906,nm7786669
tt10604906,nm8196792
tt10604908,nm7786669
tt10604908,nm8196792
tt10604912,nm7786669
tt10604912,nm8196792
tt10604914,nm7786669
tt10604914,nm8196792
tt10604916,nm7786669
tt10604916,nm8196792
tt10604920,nm7786669
tt10604920,nm8196792
tt10604924,nm7786669
tt10604924,nm8196792
tt10604926,nm7786669
tt10604926,nm8196792
tt10604928,nm7786669
tt10604928,nm8196792
tt10604930,nm7786669
tt10604930,nm8196792
tt10604932,nm7786669
tt10604932,nm8196792
tt10604936,nm7786669
tt10604936,nm8196792
tt10604940,nm7786669
tt10604940,nm8196792
tt10604944,nm7786669
tt10604944,nm8196792
tt10604946,nm7786669
tt10604946,nm8196792
tt10604948,nm9343498
tt10604952,nm7786669
tt10604952,nm8196792
tt10604954,nm7786669
tt10604954,nm8196792
tt10604958,nm7786669
tt10604958,nm8196792
tt10605104,nm10812220
tt10605104,nm10812221
tt10605110,nm10812220
tt10605110,nm10812221
tt10605112,nm10812220
tt10605112,nm10812221
tt10605116,nm10812220
tt10605116,nm10812221
tt10605122,nm10812220
tt10605122,nm10812221
tt10605126,nm10812220
tt10605126,nm10812221
tt10605128,nm10812220
tt10605128,nm10812221
tt10605130,nm10812220
tt10605130,nm10812221
tt10605134,nm10812220
tt10605134,nm10812221
tt10605136,nm10812220
tt10605136,nm10812221
tt10605138,nm10812220
tt10605138,nm10812221
tt10605142,nm10812220
tt10605142,nm10812221
tt10605148,nm10812220
tt10605148,nm10812221
tt10605150,nm10812220
tt10605150,nm10812221
tt10605152,nm10812220
tt10605152,nm10812221
tt10605154,nm10812220
tt10605154,nm10812221
tt10605156,nm10812220
tt10605156,nm10812221
tt10605158,nm10812220
tt10605158,nm10812221
tt10605162,nm10812220
tt10605162,nm10812221
tt10605166,nm10812220
tt10605166,nm10812221
tt10605364,nm5460792
tt10605368,nm5460792
tt10605372,nm5460792
tt10605378,nm5460792
tt10605380,nm5460792
tt10605384,nm5460792
tt10605388,nm5460792
tt10605390,nm5460792
tt10605392,nm5460792
tt10605394,nm5460792
tt10605396,nm5460792
tt10605398,nm5460792
tt10605400,nm5460792
tt10605402,nm5460792
tt10605404,nm5460792
tt10605406,nm5460792
tt10605408,nm5460792
tt10605412,nm5460792
tt10605414,nm2206711
tt10605418,nm5460792
tt10605420,nm5460792
tt10605474,nm1329162
tt10605474,nm2156410
tt10605476,nm1329162
tt10605476,nm2156410
tt10605478,nm1329162
tt10605478,nm2156410
tt10605480,nm1329162
tt10605480,nm2156410
tt10605482,nm1329162
tt10605482,nm2156410
tt10605484,nm1329162
tt10605484,nm2156410
tt10605486,nm1329162
tt10605486,nm2156410
tt10605490,nm1329162
tt10605490,nm2156410
tt10605492,nm1329162
tt10605492,nm2156410
tt10605494,nm1329162
tt10605494,nm2156410
tt10605496,nm1329162
tt10605496,nm2156410
tt10605498,nm1329162
tt10605498,nm2156410
tt10605500,nm1329162
tt10605500,nm2156410
tt10605504,nm1329162
tt10605504,nm2156410
tt10605506,nm1329162
tt10605506,nm2156410
tt10605510,nm1329162
tt10605510,nm2156410
tt10605512,nm1329162
tt10605512,nm2156410
tt10605514,nm10780914
tt10605516,nm1329162
tt10605516,nm2156410
tt10605522,nm1329162
tt10605522,nm2156410
tt10605640,nm10780914
tt10605682,nm1055137
tt10605682,nm1467975
tt10605736,nm4980329
tt10605762,nm10821992
tt10605802,nm6299507
tt10605806,nm10822075
tt10606032,nm8023324
tt10606098,nm7635545
tt10606134,nm4816457
tt10606180,nm4816457
tt10606266,nm1467975
tt10606314,nm1467975
tt10606332,nm1467975
tt10606344,nm1467975
tt10606370,nm1467975
tt10606406,nm2770404
tt10606420,nm1467975
tt10606438,nm1467975
tt10606452,nm1467975
tt10606480,nm1467975
tt10606498,nm1467975
tt10606508,nm1467975
tt10606668,nm4816457
tt10606766,nm9433924
tt10606798,nm9433924
tt10606960,nm8920840
tt10606974,nm6817780
tt10607104,nm4312254
tt10607118,nm3375809
tt10607132,nm3995272
tt10607166,nm9830751
tt10607174,nm3995272
tt10607216,nm3995272
tt10607244,nm8967332
tt10607244,nm9327911
tt10607248,nm3995272
tt10607270,nm9903974
tt10607282,nm3302806
tt10607302,nm1067862
tt10607304,nm3302806
tt10607306,nm2430239
tt10607308,nm3302806
tt10607310,nm1067862
tt10607312,nm3302806
tt10607314,nm3302806
tt10607318,nm1067862
tt10607318,nm3193359
tt10607322,nm1067862
tt10607344,nm9120172
tt10607358,nm9120172
tt10607366,nm0878233
tt10607388,nm1659952
tt10607544,nm10822915
tt10607582,nm6682873
tt10607616,nm8505163
tt10607732,nm0756428
tt10607770,nm0348735
tt10607816,nm10823057
tt10607836,nm8657993
tt10607858,nm2378346
tt10607950,nm2272442
tt10607950,nm2652607
tt10607950,nm5882773
tt10607958,nm10823086
tt10608004,nm3194174
tt10608008,nm2652607
tt10608008,nm5882773
tt10608020,nm2378346
tt10608024,nm0583788
tt10608028,nm3194174
tt10608030,nm3471261
tt10608062,nm3471261
tt10608072,nm7236330
tt10608076,nm2652607
tt10608076,nm5882773
tt10608128,nm2322003
tt10608134,nm2378346
tt10608136,nm6417223
tt10608158,nm11669857
tt10608160,nm8867601
tt10608172,nm2652607
tt10608172,nm5882773
tt10608182,nm9432539
tt10608200,nm3471261
tt10608216,nm9432539
tt10608228,nm3471261
tt10608250,nm14361009
tt10608254,nm3471261
tt10608270,nm10822091
tt10608280,nm11669857
tt10608308,nm1761010
tt10608312,nm1761010
tt10608314,nm1761010
tt10608318,nm1761010
tt10608320,nm1761010
tt10608326,nm1761010
tt10608330,nm1761010
tt10608332,nm1761010
tt10608342,nm11669857
tt10608344,nm1761010
tt10608346,nm1761010
tt10608350,nm1761010
tt10608352,nm1761010
tt10608356,nm1761010
tt10608360,nm1761010
tt10608372,nm1761010
tt10608374,nm1761010
tt10608376,nm1761010
tt10608380,nm1761010
tt10608382,nm1761010
tt10608384,nm1761010
tt10608406,nm11669857
tt10608418,nm2895274
tt10608448,nm3471261
tt10608458,nm2895274
tt10608472,nm2895274
tt10608480,nm2895274
tt10608486,nm5942615
tt10608488,nm3471261
tt10608540,nm12618094
tt10608540,nm12672130
tt10608540,nm14376722
tt10608540,nm3623373
tt10608540,nm4068505
tt10608540,nm9767098
tt10608626,nm10822946
tt10608626,nm10823531
tt10608658,nm2378346
tt10608810,nm2378346
tt10608824,nm9722052
tt10608852,nm2378346
tt10608898,nm10362695
tt10608898,nm5198068
tt10608936,nm2378346
tt10608940,nm8685414
tt10608942,nm8685414
tt10608946,nm8685414
tt10608948,nm8423452
tt10608950,nm8685414
tt10608952,nm8491681
tt10608954,nm8423452
tt10608956,nm10806261
tt10608958,nm8685414
tt10608960,nm10806261
tt10608962,nm9100151
tt10608964,nm8685414
tt10608966,nm10806261
tt10608968,nm9100151
tt10608976,nm10806261
tt10608998,nm2378346
tt10609038,nm10362695
tt10609038,nm5198068
tt10609174,nm10362695
tt10609280,nm1329162
tt10609280,nm2156410
tt10609282,nm1329162
tt10609282,nm2156410
tt10609284,nm1329162
tt10609284,nm2156410
tt10609286,nm1329162
tt10609286,nm2156410
tt10609288,nm1329162
tt10609288,nm2156410
tt10609290,nm1329162
tt10609290,nm2156410
tt10609292,nm1329162
tt10609292,nm2156410
tt10609294,nm1329162
tt10609294,nm2156410
tt10609298,nm1329162
tt10609298,nm2156410
tt10609300,nm1329162
tt10609300,nm2156410
tt10609302,nm1329162
tt10609302,nm2156410
tt10609304,nm1329162
tt10609304,nm2156410
tt10609306,nm1329162
tt10609306,nm2156410
tt10609308,nm1329162
tt10609308,nm2156410
tt10609310,nm1329162
tt10609310,nm2156410
tt10609312,nm1329162
tt10609312,nm2156410
tt10609314,nm1329162
tt10609314,nm2156410
tt10609318,nm1329162
tt10609318,nm2156410
tt10609320,nm1329162
tt10609320,nm2156410
tt10609322,nm1329162
tt10609322,nm2156410
tt10609324,nm1329162
tt10609324,nm2156410
tt10609326,nm1329162
tt10609326,nm2156410
tt10609328,nm1329162
tt10609328,nm2156410
tt10609330,nm1329162
tt10609330,nm2156410
tt10609340,nm1329162
tt10609340,nm2156410
tt10609342,nm1329162
tt10609342,nm2156410
tt10609372,nm6395924
tt10609372,nm7075033
tt10609398,nm5460792
tt10609400,nm5460792
tt10609406,nm5460792
tt10609412,nm5460792
tt10609414,nm5460792
tt10609416,nm5460792
tt10609418,nm5460792
tt10609420,nm5460792
tt10609428,nm5460792
tt10609430,nm5460792
tt10609432,nm5460792
tt10609434,nm5460792
tt10609436,nm5460792
tt10609440,nm5460792
tt10609442,nm5460792
tt10609444,nm5460792
tt10609446,nm5460792
tt10609450,nm5460792
tt10609452,nm5460792
tt10609456,nm5460792
tt10609488,nm10823896
tt10609490,nm0293117
tt10609560,nm3262454
tt10609614,nm6395924
tt10609614,nm7075033
tt10609624,nm10812220
tt10609624,nm10812221
tt10609626,nm10812220
tt10609626,nm10812221
tt10609628,nm10812220
tt10609628,nm10812221
tt10609630,nm10812220
tt10609630,nm10812221
tt10609632,nm10812220
tt10609632,nm10812221
tt10609634,nm10812220
tt10609634,nm10812221
tt10609636,nm10812220
tt10609636,nm10812221
tt10609638,nm10812220
tt10609638,nm10812221
tt10609640,nm10812220
tt10609640,nm10812221
tt10609644,nm10812220
tt10609644,nm10812221
tt10609646,nm10812220
tt10609646,nm10812221
tt10609648,nm10812220
tt10609648,nm10812221
tt10609652,nm10812220
tt10609652,nm10812221
tt10609654,nm10812220
tt10609654,nm10812221
tt10609656,nm10812220
tt10609656,nm10812221
tt10609658,nm10812220
tt10609658,nm10812221
tt10609660,nm10812220
tt10609660,nm10812221
tt10609662,nm10812220
tt10609662,nm10812221
tt10609664,nm10812220
tt10609664,nm10812221
tt10609668,nm10812220
tt10609668,nm10812221
tt10609764,nm7786669
tt10609764,nm8196792
tt10609766,nm7786669
tt10609766,nm8196792
tt10609770,nm7786669
tt10609770,nm8196792
tt10609772,nm7786669
tt10609772,nm8196792
tt10609774,nm7786669
tt10609774,nm8196792
tt10609776,nm7786669
tt10609776,nm8196792
tt10609778,nm7786669
tt10609778,nm8196792
tt10609780,nm7786669
tt10609780,nm8196792
tt10609784,nm7786669
tt10609784,nm8196792
tt10609788,nm7786669
tt10609788,nm8196792
tt10609790,nm7786669
tt10609790,nm8196792
tt10609792,nm7786669
tt10609792,nm8196792
tt10609794,nm7786669
tt10609794,nm8196792
tt10609796,nm7786669
tt10609796,nm8196792
tt10609798,nm7786669
tt10609798,nm8196792
tt10609800,nm7786669
tt10609800,nm8196792
tt10609802,nm7786669
tt10609802,nm8196792
tt10609804,nm7786669
tt10609804,nm8196792
tt10609806,nm7786669
tt10609806,nm8196792
tt10609808,nm7786669
tt10609808,nm8196792
tt10609820,nm10823952
tt10609848,nm1864872
tt10609952,nm9605429
tt10609954,nm9605429
tt10610002,nm9605429
tt10610004,nm9605429
tt10610006,nm9605429
tt10610008,nm9605429
tt10610010,nm9605429
tt10610012,nm9605429
tt10610014,nm9605429
tt10610016,nm9605429
tt10610018,nm9605429
tt10610022,nm9605429
tt10610034,nm9605429
tt10610036,nm9605429
tt10610042,nm9605429
tt10610044,nm9605429
tt10610046,nm9605429
tt10610048,nm9605429
tt10610052,nm9605429
tt10610054,nm9605429
tt10610058,nm9605429
tt10610076,nm9605429
tt10610080,nm9605429
tt10610082,nm9605429
tt10610084,nm9605429
tt10610086,nm9605429
tt10610088,nm9605429
tt10610090,nm9605429
tt10610102,nm9605429
tt10610106,nm9605429
tt10610108,nm9605429
tt10610110,nm9605429
tt10610112,nm9605429
tt10610114,nm9605429
tt10610116,nm9605429
tt10610118,nm9605429
tt10610120,nm9605429
tt10610122,nm9605429
tt10610126,nm9605429
tt10610128,nm9605429
tt10610130,nm9605429
tt10610134,nm9605429
tt10610136,nm9605429
tt10610184,nm3006224
tt10610230,nm3909409
tt10610260,nm9785742
tt10610262,nm9785742
tt10610266,nm9785742
tt10610268,nm9785742
tt10610270,nm9785742
tt10610272,nm9785742
tt10610274,nm9785742
tt10610278,nm9785742
tt10610280,nm9785742
tt10610282,nm9785742
tt10610286,nm9785742
tt10610290,nm9785742
tt10610292,nm9785742
tt10610294,nm9785742
tt10610296,nm9785742
tt10610300,nm9785742
tt10610302,nm9785742
tt10610304,nm9785742
tt10610308,nm9785742
tt10610420,nm7202172
tt10610422,nm7202172
tt10610424,nm7202172
tt10610428,nm10371705
tt10610430,nm7202172
tt10610432,nm7202172
tt10610434,nm7202172
tt10610436,nm7202172
tt10610442,nm7202172
tt10610444,nm7202172
tt10610446,nm7202172
tt10610448,nm7202172
tt10610450,nm7202172
tt10610452,nm7202172
tt10610456,nm7202172
tt10610458,nm7202172
tt10610460,nm7202172
tt10610464,nm7202172
tt10610468,nm7202172
tt10610470,nm7202172
tt10610478,nm7202172
tt10610482,nm10948527
tt10610482,nm1516991
tt10610484,nm10948527
tt10610484,nm1516991
tt10610486,nm10948527
tt10610486,nm1516991
tt10610488,nm10948527
tt10610488,nm1516991
tt10610492,nm10948527
tt10610492,nm1516991
tt10610494,nm10948527
tt10610494,nm1516991
tt10610496,nm10948527
tt10610496,nm1516991
tt10610500,nm10948527
tt10610500,nm1516991
tt10610502,nm10948527
tt10610502,nm1516991
tt10610504,nm10948527
tt10610504,nm1516991
tt10610506,nm10948527
tt10610506,nm1516991
tt10610508,nm10948527
tt10610508,nm1516991
tt10610510,nm10948527
tt10610510,nm1516991
tt10610516,nm10948527
tt10610516,nm1516991
tt10610518,nm10948527
tt10610518,nm1516991
tt10610522,nm10948527
tt10610522,nm1516991
tt10610526,nm10948527
tt10610526,nm1516991
tt10610528,nm10948527
tt10610528,nm1516991
tt10610530,nm10948527
tt10610530,nm1516991
tt10610532,nm10948527
tt10610532,nm1516991
tt10610548,nm7958241
tt10610552,nm6253202
tt10610644,nm10812220
tt10610644,nm10812221
tt10610646,nm10812220
tt10610646,nm10812221
tt10610648,nm10812220
tt10610648,nm10812221
tt10610650,nm10812220
tt10610650,nm10812221
tt10610652,nm10812220
tt10610652,nm10812221
tt10610654,nm10812220
tt10610654,nm10812221
tt10610658,nm10812220
tt10610658,nm10812221
tt10610660,nm10812220
tt10610660,nm10812221
tt10610662,nm10812220
tt10610662,nm10812221
tt10610664,nm10812220
tt10610664,nm10812221
tt10610668,nm10812220
tt10610668,nm10812221
tt10610670,nm10812220
tt10610670,nm10812221
tt10610674,nm10812220
tt10610674,nm10812221
tt10610676,nm10812220
tt10610676,nm10812221
tt10610678,nm10812220
tt10610678,nm10812221
tt10610680,nm10812220
tt10610680,nm10812221
tt10610684,nm10812220
tt10610684,nm10812221
tt10610688,nm10812220
tt10610688,nm10812221
tt10610690,nm10812220
tt10610690,nm10812221
tt10610692,nm10812220
tt10610692,nm10812221
tt10610694,nm2895274
tt10610696,nm10812220
tt10610696,nm10812221
tt10610698,nm10812220
tt10610698,nm10812221
tt10610700,nm10812220
tt10610700,nm10812221
tt10610702,nm10812220
tt10610702,nm10812221
tt10610704,nm10812220
tt10610704,nm10812221
tt10610706,nm10812220
tt10610706,nm10812221
tt10610708,nm10812220
tt10610708,nm10812221
tt10610710,nm10812220
tt10610710,nm10812221
tt10610712,nm10812220
tt10610712,nm10812221
tt10610714,nm10812220
tt10610714,nm10812221
tt10610716,nm10149482
tt10610718,nm10812220
tt10610718,nm10812221
tt10610720,nm10812220
tt10610720,nm10812221
tt10610724,nm10812220
tt10610724,nm10812221
tt10610726,nm10812220
tt10610726,nm10812221
tt10610728,nm10812220
tt10610728,nm10812221
tt10610732,nm10812220
tt10610732,nm10812221
tt10610734,nm10812220
tt10610734,nm10812221
tt10610736,nm10812220
tt10610736,nm10812221
tt10610738,nm10812220
tt10610738,nm10812221
tt10610740,nm10812220
tt10610740,nm10812221
tt10610742,nm10812220
tt10610742,nm10812221
tt10610744,nm10812220
tt10610744,nm10812221
tt10610746,nm10812220
tt10610746,nm10812221
tt10610748,nm10812220
tt10610748,nm10812221
tt10610750,nm10812220
tt10610750,nm10812221
tt10610754,nm10812220
tt10610754,nm10812221
tt10610756,nm10812220
tt10610756,nm10812221
tt10610758,nm10812220
tt10610758,nm10812221
tt10610760,nm10812220
tt10610760,nm10812221
tt10610762,nm10812220
tt10610762,nm10812221
tt10610764,nm10812220
tt10610764,nm10812221
tt10610766,nm10812220
tt10610766,nm10812221
tt10610768,nm10812220
tt10610768,nm10812221
tt10610770,nm10812220
tt10610770,nm10812221
tt10610772,nm10812220
tt10610772,nm10812221
tt10610774,nm10812220
tt10610774,nm10812221
tt10610776,nm10812220
tt10610776,nm10812221
tt10610778,nm10812220
tt10610778,nm10812221
tt10610780,nm10812220
tt10610780,nm10812221
tt10610782,nm10812220
tt10610782,nm10812221
tt10610928,nm3704308
tt10610980,nm1407828
tt10611180,nm0042745
tt10611202,nm8158477
tt10611262,nm2528094
tt10611342,nm2528094
tt10611360,nm2528094
tt10611384,nm2528094
tt10611390,nm7606393
tt10611408,nm6000931
tt10611414,nm2528094
tt10611560,nm2988796
tt10611694,nm10824406
tt10611708,nm4200191
tt10611724,nm4816457
tt10611818,nm1467975
tt10611824,nm1467975
tt10611830,nm2895274
tt10611832,nm1467975
tt10611848,nm1467975
tt10611854,nm6319779
tt10611892,nm1467975
tt10611896,nm4648379
tt10611908,nm1467975
tt10611926,nm1467975
tt10611936,nm1467975
tt10611942,nm1467975
tt10611944,nm1467975
tt10611956,nm1467975
tt10611966,nm1467975
tt10612138,nm9797402
tt10612142,nm10824660
tt10612158,nm10824665
tt10612168,nm0756428
tt10612268,nm9267733
tt10612272,nm7997806
tt10612276,nm9267733
tt10612290,nm9409594
tt10612520,nm10774408
tt10612520,nm10774410
tt10612536,nm10812250
tt10612624,nm0128292
tt10612640,nm1977598
tt10612656,nm0128292
tt10612662,nm10774410
tt10612786,nm2614451
tt10612836,nm1694460
tt10612848,nm8868452
tt10612870,nm2217179
tt10613014,nm6536280
tt10613056,nm6536280
tt10613074,nm0105680
tt10613080,nm0105680
tt10613088,nm9164936
tt10613090,nm6536280
tt10613094,nm9164936
tt10613102,nm9164936
tt10613108,nm9164936
tt10613112,nm9164936
tt10613116,nm9164936
tt10613124,nm9164936
tt10613128,nm9164936
tt10613134,nm9164936
tt10613140,nm9164936
tt10613142,nm9164936
tt10613144,nm9164936
tt10613192,nm10825226
tt10613192,nm10825227
tt10613192,nm10825228
tt10613192,nm10825229
tt10613192,nm10825230
tt10613192,nm10825231
tt10613192,nm10825232
tt10613210,nm2774508
tt10613246,nm1660138
tt10613254,nm1660138
tt10613258,nm1660138
tt10613268,nm1660138
tt10613270,nm1660138
tt10613284,nm1660138
tt10613292,nm6650337
tt10613324,nm9218894
tt10613340,nm6650337
tt10613386,nm0721351
tt10613388,nm10825325
tt10613400,nm10825325
tt10613424,nm6650337
tt10613436,nm0721351
tt10613446,nm6650337
tt10613484,nm7968798
tt10613492,nm10362695
tt10613494,nm9930643
tt10613502,nm10828263
tt10613502,nm1355731
tt10613502,nm1957599
tt10613502,nm2050348
tt10613502,nm2833230
tt10613502,nm2843533
tt10613502,nm3235461
tt10613502,nm3672123
tt10613502,nm3812187
tt10613502,nm4746837
tt10613502,nm4909444
tt10613502,nm4910109
tt10613502,nm5975638
tt10613502,nm8542856
tt10613502,nm9464230
tt10613502,nm9577721
tt10613574,nm4842529
tt10613574,nm5464451
tt10613614,nm5464451
tt10613652,nm10342851
tt10613652,nm10825746
tt10613674,nm4842529
tt10613684,nm3022658
tt10613694,nm10825821
tt10613720,nm4652866
tt10613726,nm9837102
tt10613792,nm2050348
tt10613792,nm5975638
tt10613794,nm5474820
tt10613796,nm3022658
tt10613818,nm10825937
tt10613820,nm4842529
tt10613838,nm3445219
tt10613848,nm10825956
tt10613886,nm1355731
tt10613886,nm2050348
tt10613886,nm2833230
tt10613892,nm1206356
tt10613930,nm0440006
tt10613930,nm0844288
tt10613930,nm1709205
tt10613930,nm9794008
tt10613934,nm0440006
tt10613934,nm0844288
tt10613934,nm1709205
tt10613934,nm9794008
tt10613938,nm0440006
tt10613938,nm1709205
tt10613938,nm3320845
tt10613938,nm9794008
tt10613940,nm0440006
tt10613940,nm1709205
tt10613940,nm3320845
tt10613940,nm9794008
tt10613944,nm0440006
tt10613944,nm1709205
tt10613944,nm3320845
tt10613944,nm9794008
tt10614022,nm8879015
tt10614046,nm10826141
tt10614074,nm10333807
tt10614098,nm3889830
tt10614108,nm0274380
tt10614108,nm5210393
tt10614132,nm10250526
tt10614168,nm7783047
tt10614184,nm9797402
tt10614186,nm4652866
tt10614256,nm9797402
tt10614328,nm9797402
tt10614348,nm1355731
tt10614348,nm2050348
tt10614358,nm9797402
tt10614360,nm10821100
tt10614364,nm2613320
tt10614372,nm2050348
tt10614372,nm2833230
tt10614372,nm5975638
tt10614398,nm4652866
tt10614438,nm6114519
tt10614590,nm1937506
tt10614734,nm1500794
tt10614736,nm5128185
tt10614758,nm10812220
tt10614758,nm10812221
tt10614760,nm10812220
tt10614760,nm10812221
tt10614762,nm10812220
tt10614762,nm10812221
tt10614764,nm10812220
tt10614764,nm10812221
tt10614766,nm10812220
tt10614766,nm10812221
tt10614768,nm10812220
tt10614768,nm10812221
tt10614772,nm10812220
tt10614772,nm10812221
tt10614776,nm10812220
tt10614776,nm10812221
tt10614778,nm10812220
tt10614778,nm10812221
tt10614780,nm10812220
tt10614780,nm10812221
tt10614782,nm10812220
tt10614782,nm10812221
tt10614784,nm10812220
tt10614784,nm10812221
tt10614786,nm10812220
tt10614786,nm10812221
tt10614788,nm10812220
tt10614788,nm10812221
tt10614790,nm10812220
tt10614790,nm10812221
tt10614792,nm10812220
tt10614792,nm10812221
tt10614794,nm10812220
tt10614794,nm10812221
tt10614796,nm10812220
tt10614796,nm10812221
tt10614798,nm10812220
tt10614798,nm10812221
tt10614800,nm10812220
tt10614800,nm10812221
tt10614804,nm10812220
tt10614804,nm10812221
tt10614806,nm10812220
tt10614806,nm10812221
tt10614808,nm10812220
tt10614808,nm10812221
tt10614810,nm10812220
tt10614810,nm10812221
tt10614814,nm10812220
tt10614814,nm10812221
tt10614816,nm10812220
tt10614816,nm10812221
tt10614818,nm10812220
tt10614818,nm10812221
tt10614822,nm10812220
tt10614822,nm10812221
tt10614824,nm10812220
tt10614824,nm10812221
tt10614828,nm10812220
tt10614828,nm10812221
tt10614830,nm10812220
tt10614830,nm10812221
tt10614832,nm10812220
tt10614832,nm10812221
tt10614834,nm10812220
tt10614834,nm10812221
tt10614836,nm10812220
tt10614836,nm10812221
tt10614838,nm10812220
tt10614838,nm10812221
tt10614840,nm10812220
tt10614840,nm10812221
tt10614842,nm10812220
tt10614842,nm10812221
tt10614844,nm10812220
tt10614844,nm10812221
tt10614846,nm10812220
tt10614846,nm10812221
tt10614850,nm10812220
tt10614850,nm10812221
tt10614852,nm10812220
tt10614852,nm10812221
tt10614854,nm10812220
tt10614854,nm10812221
tt10614856,nm10812220
tt10614856,nm10812221
tt10614858,nm10812220
tt10614858,nm10812221
tt10614864,nm10812220
tt10614864,nm10812221
tt10614866,nm10812220
tt10614866,nm10812221
tt10614868,nm10812220
tt10614868,nm10812221
tt10614870,nm10812220
tt10614870,nm10812221
tt10614872,nm10812220
tt10614872,nm10812221
tt10614876,nm10812220
tt10614876,nm10812221
tt10614878,nm10812220
tt10614878,nm10812221
tt10614880,nm10812220
tt10614880,nm10812221
tt10614882,nm10812220
tt10614882,nm10812221
tt10614888,nm10812220
tt10614888,nm10812221
tt10614890,nm10812220
tt10614890,nm10812221
tt10614892,nm10812220
tt10614892,nm10812221
tt10614894,nm10812220
tt10614894,nm10812221
tt10614896,nm10812220
tt10614896,nm10812221
tt10614900,nm10812220
tt10614900,nm10812221
tt10614902,nm10812220
tt10614902,nm10812221
tt10614938,nm10812250
tt10614946,nm7730590
tt10614982,nm1310660
tt10615004,nm4652866
tt10615016,nm10948527
tt10615016,nm1516991
tt10615020,nm10948527
tt10615020,nm1516991
tt10615022,nm10948527
tt10615022,nm1516991
tt10615024,nm10948527
tt10615024,nm1516991
tt10615026,nm10948527
tt10615026,nm1516991
tt10615030,nm10948527
tt10615030,nm1516991
tt10615034,nm10948527
tt10615034,nm1516991
tt10615036,nm10948527
tt10615036,nm1516991
tt10615040,nm10948527
tt10615040,nm1516991
tt10615042,nm10948527
tt10615042,nm1516991
tt10615044,nm10948527
tt10615044,nm1516991
tt10615046,nm10948527
tt10615046,nm1516991
tt10615048,nm10948527
tt10615048,nm1516991
tt10615052,nm10948527
tt10615052,nm1516991
tt10615054,nm10948527
tt10615054,nm1516991
tt10615056,nm10948527
tt10615056,nm1516991
tt10615058,nm10948527
tt10615058,nm1516991
tt10615060,nm10948527
tt10615060,nm1516991
tt10615064,nm10948527
tt10615064,nm1516991
tt10615068,nm10948527
tt10615068,nm1516991
tt10615072,nm7202172
tt10615074,nm7202172
tt10615076,nm7202172
tt10615078,nm7202172
tt10615080,nm7202172
tt10615082,nm7202172
tt10615084,nm7202172
tt10615086,nm7202172
tt10615088,nm7202172
tt10615092,nm7202172
tt10615094,nm7202172
tt10615096,nm7202172
tt10615098,nm7202172
tt10615104,nm7202172
tt10615106,nm7202172
tt10615110,nm7202172
tt10615114,nm7202172
tt10615116,nm7202172
tt10615118,nm7202172
tt10615120,nm7202172
tt10615208,nm9785742
tt10615212,nm9785742
tt10615214,nm9785742
tt10615216,nm9785742
tt10615218,nm9785742
tt10615220,nm9785742
tt10615222,nm9785742
tt10615224,nm9785742
tt10615226,nm9785742
tt10615232,nm9785742
tt10615234,nm9785742
tt10615238,nm9785742
tt10615240,nm9785742
tt10615242,nm9785742
tt10615244,nm9785742
tt10615246,nm9785742
tt10615248,nm9785742
tt10615252,nm9785742
tt10615254,nm9785742
tt10615256,nm9785742
tt10615258,nm9785742
tt10615278,nm6322165
tt10615386,nm9605429
tt10615388,nm0107788
tt10615390,nm9605429
tt10615392,nm9605429
tt10615394,nm9605429
tt10615396,nm9605429
tt10615398,nm9605429
tt10615400,nm9605429
tt10615402,nm9605429
tt10615404,nm9605429
tt10615406,nm9605429
tt10615408,nm9605429
tt10615412,nm9605429
tt10615414,nm9605429
tt10615416,nm9605429
tt10615476,nm7786669
tt10615476,nm8196792
tt10615480,nm7786669
tt10615480,nm8196792
tt10615482,nm7786669
tt10615482,nm8196792
tt10615484,nm7786669
tt10615484,nm8196792
tt10615486,nm7786669
tt10615486,nm8196792
tt10615488,nm7786669
tt10615488,nm8196792
tt10615490,nm7786669
tt10615490,nm8196792
tt10615496,nm7786669
tt10615496,nm8196792
tt10615498,nm7786669
tt10615498,nm8196792
tt10615500,nm7786669
tt10615500,nm8196792
tt10615502,nm7786669
tt10615502,nm8196792
tt10615504,nm7786669
tt10615504,nm8196792
tt10615506,nm7786669
tt10615506,nm8196792
tt10615510,nm7786669
tt10615510,nm8196792
tt10615512,nm7786669
tt10615512,nm8196792
tt10615514,nm7786669
tt10615514,nm8196792
tt10615516,nm7786669
tt10615516,nm8196792
tt10615518,nm7786669
tt10615518,nm8196792
tt10615520,nm7786669
tt10615520,nm8196792
tt10615522,nm7786669
tt10615522,nm8196792
tt10615612,nm10812220
tt10615612,nm10812221
tt10615614,nm10812220
tt10615614,nm10812221
tt10615616,nm10812220
tt10615616,nm10812221
tt10615618,nm10812220
tt10615618,nm10812221
tt10615620,nm10812220
tt10615620,nm10812221
tt10615626,nm10812220
tt10615626,nm10812221
tt10615628,nm10812220
tt10615628,nm10812221
tt10615632,nm10812220
tt10615632,nm10812221
tt10615634,nm10812220
tt10615634,nm10812221
tt10615636,nm10812220
tt10615636,nm10812221
tt10615638,nm10812220
tt10615638,nm10812221
tt10615640,nm10812220
tt10615640,nm10812221
tt10615642,nm10812220
tt10615642,nm10812221
tt10615644,nm10812220
tt10615644,nm10812221
tt10615646,nm10812220
tt10615646,nm10812221
tt10615648,nm10812220
tt10615648,nm10812221
tt10615650,nm10812220
tt10615650,nm10812221
tt10615652,nm10812220
tt10615652,nm10812221
tt10615654,nm10812220
tt10615654,nm10812221
tt10615656,nm10812220
tt10615656,nm10812221
tt10615702,nm10556277
tt10615710,nm10556277
tt10615720,nm10556277
tt10615842,nm5460792
tt10615844,nm5460792
tt10615846,nm5460792
tt10615848,nm5460792
tt10615850,nm5460792
tt10615852,nm5460792
tt10615856,nm5460792
tt10615858,nm5460792
tt10615862,nm5460792
tt10615866,nm5460792
tt10615868,nm5460792
tt10615870,nm5460792
tt10615872,nm5460792
tt10615874,nm5460792
tt10615878,nm5460792
tt10615880,nm5460792
tt10615882,nm5460792
tt10615884,nm5460792
tt10615886,nm5460792
tt10615888,nm5460792
tt10616050,nm10627549
tt10616194,nm9957695
tt10616198,nm9957695
tt10616202,nm9957695
tt10616204,nm9957695
tt10616206,nm9957695
tt10616210,nm9957695
tt10616212,nm9957695
tt10616214,nm9957695
tt10616218,nm9957695
tt10616220,nm9957695
tt10616222,nm9957695
tt10616224,nm9957695
tt10616226,nm9957695
tt10616228,nm9957695
tt10616230,nm9957695
tt10616234,nm9957695
tt10616238,nm9957695
tt10616240,nm9957695
tt10616242,nm9957695
tt10616246,nm9957695
tt10616248,nm9957695
tt10616250,nm9957695
tt10616254,nm9957695
tt10616256,nm9957695
tt10616258,nm9957695
tt10616260,nm9957695
tt10616262,nm9957695
tt10616264,nm9957695
tt10616266,nm9957695
tt10616268,nm9957695
tt10616270,nm9957695
tt10616272,nm9957695
tt10616274,nm9957695
tt10616276,nm9957695
tt10616280,nm9957695
tt10616282,nm9957695
tt10616306,nm9409594
tt10616346,nm9957695
tt10616350,nm9957695
tt10616354,nm9957695
tt10616356,nm9957695
tt10616358,nm9957695
tt10616360,nm9957695
tt10616362,nm9957695
tt10616364,nm9957695
tt10616366,nm9957695
tt10616368,nm9957695
tt10616370,nm9957695
tt10616372,nm9957695
tt10616374,nm9957695
tt10616378,nm9957695
tt10616380,nm9957695
tt10616382,nm9957695
tt10616384,nm9957695
tt10616386,nm9957695
tt10616388,nm9957695
tt10616392,nm9957695
tt10616394,nm9957695
tt10616396,nm9957695
tt10616398,nm9957695
tt10616400,nm9957695
tt10616518,nm10513528
tt10616536,nm9891925
tt10616544,nm4649013
tt10616566,nm4418923
tt10616604,nm10826959
tt10616624,nm10826970
tt10616648,nm10824660
tt10616732,nm10827048
tt10616748,nm9639142
tt10616782,nm10827098
tt10616820,nm2209924
tt10616832,nm1357960
tt10616842,nm1357960
tt10616864,nm1757129
tt10616864,nm2453788
tt10616870,nm1757129
tt10616870,nm2453788
tt10616874,nm1757129
tt10616874,nm2453788
tt10616880,nm1757129
tt10616880,nm2453788
tt10616882,nm1757129
tt10616882,nm2453788
tt10616888,nm1757129
tt10616888,nm2453788
tt10616890,nm1757129
tt10616890,nm2453788
tt10616900,nm1757129
tt10616900,nm2453788
tt10616904,nm1757129
tt10616904,nm2453788
tt10616908,nm1757129
tt10616908,nm2453788
tt10616934,nm1757129
tt10616934,nm2453788
tt10616938,nm2719893
tt10616960,nm8157010
tt10616966,nm10738597
tt10616974,nm10738597
tt10617012,nm10738597
tt10617054,nm1179713
tt10617060,nm1179713
tt10617074,nm1179713
tt10617078,nm1179713
tt10617086,nm1179713
tt10617088,nm1179713
tt10617090,nm1179713
tt10617096,nm1179713
tt10617098,nm1179713
tt10617156,nm10827347
tt10617162,nm6536280
tt10617186,nm9196886
tt10617204,nm6536280
tt10617238,nm1110920
tt10617246,nm6374699
tt10617250,nm6374699
tt10617252,nm6374699
tt10617284,nm2177289
tt10617284,nm7339812
tt10617298,nm6374699
tt10617300,nm6374699
tt10617304,nm6374699
tt10617306,nm9957695
tt10617308,nm9957695
tt10617310,nm9957695
tt10617312,nm9957695
tt10617316,nm9957695
tt10617318,nm9957695
tt10617320,nm9957695
tt10617322,nm9957695
tt10617324,nm9957695
tt10617326,nm9957695
tt10617328,nm9957695
tt10617330,nm9957695
tt10617332,nm9957695
tt10617334,nm9957695
tt10617336,nm9957695
tt10617338,nm9957695
tt10617340,nm9957695
tt10617342,nm9957695
tt10617344,nm9957695
tt10617348,nm9957695
tt10617352,nm9957695
tt10617356,nm9957695
tt10617360,nm9957695
tt10617362,nm9957695
tt10617364,nm9957695
tt10617366,nm9957695
tt10617368,nm9957695
tt10617370,nm9957695
tt10617372,nm9957695
tt10617376,nm9957695
tt10617378,nm9957695
tt10617380,nm9957695
tt10617382,nm9957695
tt10617384,nm9957695
tt10617386,nm9957695
tt10617388,nm9957695
tt10617390,nm9957695
tt10617392,nm9957695
tt10617394,nm9957695
tt10617396,nm9957695
tt10617400,nm9957695
tt10617402,nm9957695
tt10617404,nm9957695
tt10617406,nm9957695
tt10617408,nm9957695
tt10617410,nm9957695
tt10617412,nm9957695
tt10617416,nm9957695
tt10617418,nm9957695
tt10617420,nm9957695
tt10617422,nm9957695
tt10617424,nm9957695
tt10617426,nm9957695
tt10617428,nm9957695
tt10617430,nm9957695
tt10617432,nm9957695
tt10617434,nm9957695
tt10617436,nm9957695
tt10617438,nm9957695
tt10617442,nm10151376
tt10617444,nm9957695
tt10617446,nm9957695
tt10617448,nm9957695
tt10617450,nm9957695
tt10617452,nm9957695
tt10617454,nm9957695
tt10617456,nm9957695
tt10617458,nm9957695
tt10617460,nm9957695
tt10617462,nm9957695
tt10617464,nm9957695
tt10617466,nm9957695
tt10617468,nm9957695
tt10617470,nm9957695
tt10617474,nm9957695
tt10617476,nm9957695
tt10617478,nm9957695
tt10617480,nm9957695
tt10617482,nm9957695
tt10617484,nm10827486
tt10617486,nm9957695
tt10617532,nm4399315
tt10617564,nm10827498
tt10617624,nm2177289
tt10617638,nm0909396
tt10617798,nm5460792
tt10617800,nm5460792
tt10617802,nm5460792
tt10617804,nm5460792
tt10617806,nm5460792
tt10617808,nm5460792
tt10617810,nm5460792
tt10617812,nm5460792
tt10617814,nm5460792
tt10617816,nm5460792
tt10617818,nm5460792
tt10617820,nm5460792
tt10617822,nm5460792
tt10617824,nm5460792
tt10617826,nm5460792
tt10617828,nm5460792
tt10617830,nm5460792
tt10617834,nm5460792
tt10617836,nm5460792
tt10617838,nm5460792
tt10617980,nm10812220
tt10617980,nm10812221
tt10617984,nm10812220
tt10617984,nm10812221
tt10617988,nm10812220
tt10617988,nm10812221
tt10617990,nm10812220
tt10617990,nm10812221
tt10617994,nm10812220
tt10617994,nm10812221
tt10617996,nm10812220
tt10617996,nm10812221
tt10617998,nm10812220
tt10617998,nm10812221
tt10618000,nm10812220
tt10618000,nm10812221
tt10618002,nm10812220
tt10618002,nm10812221
tt10618004,nm10812220
tt10618004,nm10812221
tt10618006,nm10812220
tt10618006,nm10812221
tt10618008,nm10812220
tt10618008,nm10812221
tt10618010,nm10812220
tt10618010,nm10812221
tt10618012,nm10812220
tt10618012,nm10812221
tt10618014,nm10812220
tt10618014,nm10812221
tt10618016,nm10812220
tt10618016,nm10812221
tt10618018,nm10812220
tt10618018,nm10812221
tt10618020,nm10812220
tt10618020,nm10812221
tt10618022,nm10812220
tt10618022,nm10812221
tt10618024,nm10812220
tt10618024,nm10812221
tt10618128,nm7786669
tt10618128,nm8196792
tt10618130,nm7786669
tt10618130,nm8196792
tt10618132,nm7786669
tt10618132,nm8196792
tt10618134,nm7786669
tt10618134,nm8196792
tt10618136,nm7786669
tt10618136,nm8196792
tt10618138,nm7786669
tt10618138,nm8196792
tt10618140,nm7786669
tt10618140,nm8196792
tt10618142,nm7786669
tt10618142,nm8196792
tt10618144,nm7786669
tt10618144,nm8196792
tt10618146,nm7786669
tt10618146,nm8196792
tt10618148,nm7786669
tt10618148,nm8196792
tt10618152,nm7786669
tt10618152,nm8196792
tt10618154,nm7786669
tt10618154,nm8196792
tt10618156,nm7786669
tt10618156,nm8196792
tt10618158,nm7786669
tt10618158,nm8196792
tt10618160,nm7786669
tt10618160,nm8196792
tt10618162,nm7786669
tt10618162,nm8196792
tt10618164,nm7786669
tt10618164,nm8196792
tt10618166,nm7786669
tt10618166,nm8196792
tt10618168,nm7786669
tt10618168,nm8196792
tt10618170,nm6536280
tt10618272,nm9785742
tt10618274,nm9785742
tt10618276,nm9785742
tt10618278,nm9785742
tt10618280,nm9785742
tt10618282,nm9785742
tt10618284,nm9785742
tt10618288,nm9785742
tt10618290,nm9785742
tt10618292,nm9785742
tt10618294,nm9785742
tt10618296,nm9785742
tt10618298,nm9785742
tt10618300,nm9785742
tt10618304,nm9785742
tt10618306,nm9785742
tt10618308,nm9785742
tt10618312,nm9785742
tt10618314,nm9785742
tt10618362,nm7202172
tt10618364,nm7202172
tt10618366,nm7202172
tt10618368,nm7202172
tt10618370,nm7202172
tt10618372,nm7202172
tt10618374,nm7202172
tt10618378,nm7202172
tt10618380,nm7202172
tt10618382,nm10948527
tt10618382,nm1516991
tt10618384,nm10948527
tt10618384,nm1516991
tt10618386,nm10948527
tt10618386,nm1516991
tt10618388,nm10948527
tt10618388,nm1516991
tt10618390,nm10948527
tt10618390,nm1516991
tt10618392,nm10948527
tt10618392,nm1516991
tt10618394,nm10948527
tt10618394,nm1516991
tt10618396,nm10948527
tt10618396,nm1516991
tt10618398,nm10948527
tt10618398,nm1516991
tt10618400,nm10948527
tt10618400,nm1516991
tt10618402,nm10948527
tt10618402,nm1516991
tt10618404,nm10948527
tt10618404,nm1516991
tt10618406,nm10948527
tt10618406,nm1516991
tt10618408,nm10948527
tt10618408,nm1516991
tt10618410,nm10948527
tt10618410,nm1516991
tt10618412,nm10948527
tt10618412,nm1516991
tt10618414,nm10948527
tt10618414,nm1516991
tt10618416,nm10948527
tt10618416,nm1516991
tt10618418,nm10948527
tt10618418,nm1516991
tt10618420,nm10948527
tt10618420,nm1516991
tt10618466,nm10812220
tt10618466,nm10812221
tt10618468,nm10812220
tt10618468,nm10812221
tt10618472,nm10812220
tt10618472,nm10812221
tt10618474,nm10812220
tt10618474,nm10812221
tt10618476,nm10812220
tt10618476,nm10812221
tt10618480,nm10812220
tt10618480,nm10812221
tt10618482,nm10812220
tt10618482,nm10812221
tt10618484,nm10812220
tt10618484,nm10812221
tt10618486,nm10812220
tt10618486,nm10812221
tt10618488,nm10812220
tt10618488,nm10812221
tt10618492,nm10812220
tt10618492,nm10812221
tt10618494,nm10812220
tt10618494,nm10812221
tt10618496,nm10812220
tt10618496,nm10812221
tt10618498,nm10812220
tt10618498,nm10812221
tt10618500,nm10812220
tt10618500,nm10812221
tt10618502,nm10812220
tt10618502,nm10812221
tt10618504,nm10812220
tt10618504,nm10812221
tt10618506,nm10812220
tt10618506,nm10812221
tt10618508,nm10812220
tt10618508,nm10812221
tt10618510,nm10812220
tt10618510,nm10812221
tt10618514,nm10812220
tt10618514,nm10812221
tt10618516,nm10812220
tt10618516,nm10812221
tt10618518,nm10812220
tt10618518,nm10812221
tt10618520,nm10812220
tt10618520,nm10812221
tt10618522,nm10812220
tt10618522,nm10812221
tt10618524,nm10812220
tt10618524,nm10812221
tt10618526,nm10812220
tt10618526,nm10812221
tt10618528,nm10812220
tt10618528,nm10812221
tt10618532,nm10812220
tt10618532,nm10812221
tt10618534,nm10812220
tt10618534,nm10812221
tt10618538,nm10812220
tt10618538,nm10812221
tt10618542,nm10812220
tt10618542,nm10812221
tt10618544,nm10812220
tt10618544,nm10812221
tt10618546,nm10812220
tt10618546,nm10812221
tt10618548,nm10812220
tt10618548,nm10812221
tt10618550,nm10812220
tt10618550,nm10812221
tt10618552,nm10812220
tt10618552,nm10812221
tt10618554,nm10812220
tt10618554,nm10812221
tt10618556,nm10812220
tt10618556,nm10812221
tt10618558,nm10812220
tt10618558,nm10812221
tt10618560,nm10812220
tt10618560,nm10812221
tt10618562,nm10812220
tt10618562,nm10812221
tt10618564,nm10812220
tt10618564,nm10812221
tt10618568,nm10812220
tt10618568,nm10812221
tt10618570,nm10812220
tt10618570,nm10812221
tt10618572,nm10812220
tt10618572,nm10812221
tt10618574,nm10812220
tt10618574,nm10812221
tt10618576,nm10812220
tt10618576,nm10812221
tt10618578,nm10812220
tt10618578,nm10812221
tt10618580,nm10812220
tt10618580,nm10812221
tt10618582,nm10812220
tt10618582,nm10812221
tt10618584,nm10812220
tt10618584,nm10812221
tt10618586,nm10812220
tt10618586,nm10812221
tt10618588,nm10812220
tt10618588,nm10812221
tt10618592,nm10812220
tt10618592,nm10812221
tt10618594,nm10812220
tt10618594,nm10812221
tt10618596,nm10812220
tt10618596,nm10812221
tt10618598,nm10812220
tt10618598,nm10812221
tt10618600,nm10812220
tt10618600,nm10812221
tt10618602,nm10812220
tt10618602,nm10812221
tt10618610,nm10089847
tt10618614,nm6536280
tt10618618,nm8491328
tt10618636,nm6536280
tt10618654,nm6536280
tt10618668,nm6536280
tt10618746,nm6550790
tt10618816,nm3360437
tt10618818,nm10827847
tt10618830,nm2139825
tt10618852,nm2139825
tt10618856,nm10503917
tt10618940,nm2947682
tt10618950,nm5298041
tt10618960,nm1419952
tt10618960,nm9728685
tt10618996,nm1283681
tt10619020,nm5298041
tt10619024,nm5298041
tt10619026,nm5298041
tt10619028,nm5298041
tt10619030,nm5298041
tt10619034,nm5298041
tt10619036,nm5298041
tt10619040,nm5298041
tt10619042,nm5298041
tt10619044,nm5298041
tt10619048,nm5298041
tt10619050,nm5298041
tt10619052,nm5298041
tt10619054,nm5298041
tt10619058,nm5298041
tt10619060,nm5298041
tt10619062,nm5298041
tt10619066,nm5298041
tt10619078,nm5298041
tt10619080,nm5298041
tt10619084,nm5298041
tt10619086,nm5298041
tt10619088,nm5298041
tt10619090,nm5298041
tt10619092,nm5298041
tt10619094,nm5298041
tt10619096,nm5298041
tt10619100,nm5298041
tt10619102,nm5298041
tt10619104,nm5298041
tt10619106,nm5298041
tt10619108,nm5298041
tt10619110,nm5298041
tt10619112,nm5298041
tt10619114,nm5298041
tt10619116,nm5298041
tt10619120,nm5298041
tt10619122,nm5298041
tt10619124,nm5298041
tt10619126,nm5298041
tt10619128,nm5298041
tt10619130,nm5298041
tt10619132,nm5298041
tt10619136,nm5298041
tt10619138,nm5298041
tt10619142,nm5298041
tt10619144,nm5298041
tt10619152,nm6536280
tt10619158,nm5298041
tt10619160,nm5298041
tt10619164,nm5298041
tt10619166,nm5298041
tt10619168,nm5298041
tt10619170,nm5298041
tt10619172,nm5298041
tt10619174,nm5298041
tt10619176,nm5298041
tt10619178,nm5298041
tt10619180,nm5298041
tt10619182,nm5298041
tt10619184,nm5298041
tt10619186,nm5298041
tt10619188,nm5298041
tt10619190,nm5298041
tt10619192,nm5298041
tt10619196,nm5298041
tt10619200,nm5298041
tt10619202,nm5298041
tt10619224,nm6536280
tt10619240,nm6536280
tt10619244,nm0306236
tt10619254,nm6536280
tt10619262,nm4909417
tt10619288,nm4909417
tt10619290,nm6536280
tt10619308,nm4909417
tt10619334,nm4937100
tt10619386,nm10835016
tt10619388,nm8158477
tt10619398,nm2050348
tt10619398,nm2833230
tt10619414,nm2748359
tt10619418,nm5973048
tt10619454,nm5298041
tt10619468,nm10828123
tt10619468,nm6332046
tt10619470,nm2748359
tt10619488,nm3672123
tt10619488,nm8542856
tt10619520,nm10828263
tt10619520,nm9577721
tt10619524,nm9644958
tt10619528,nm10828287
tt10619558,nm1355731
tt10619558,nm2050348
tt10619558,nm2833230
tt10619582,nm9487174
tt10619592,nm1182771
tt10619592,nm2723374
tt10619606,nm10828379
tt10619646,nm1355731
tt10619646,nm2050348
tt10619694,nm1742049
tt10619694,nm5955321
tt10619714,nm2050348
tt10619714,nm2833230
tt10619714,nm4910109
tt10619722,nm10089847
tt10619730,nm2956644
tt10619736,nm9629374
tt10619736,nm9629375
tt10619736,nm9629376
tt10619744,nm9629374
tt10619744,nm9629375
tt10619744,nm9629376
tt10619752,nm9629374
tt10619752,nm9629375
tt10619752,nm9629376
tt10619758,nm10556277
tt10619762,nm10556277
tt10619766,nm10556277
tt10619770,nm10556277
tt10619776,nm10556277
tt10619780,nm10556277
tt10619782,nm10556277
tt10619784,nm9629374
tt10619784,nm9629375
tt10619784,nm9629376
tt10619788,nm10556277
tt10619794,nm5343226
tt10619802,nm9629374
tt10619802,nm9629375
tt10619802,nm9629376
tt10619808,nm2050348
tt10619808,nm2833230
tt10619808,nm5975638
tt10619822,nm9629374
tt10619822,nm9629375
tt10619822,nm9629376
tt10619842,nm9629374
tt10619842,nm9629375
tt10619842,nm9629376
tt10619876,nm9629374
tt10619876,nm9629375
tt10619876,nm9629376
tt10619892,nm9629374
tt10619892,nm9629375
tt10619892,nm9629376
tt10619920,nm9629374
tt10619920,nm9629375
tt10619920,nm9629376
tt10619932,nm5343226
tt10619940,nm9629374
tt10619940,nm9629375
tt10619940,nm9629376
tt10619962,nm1059208
tt10619962,nm2393599
tt10619966,nm2834874
tt10620022,nm5343226
tt10620024,nm5343226
tt10620028,nm5343226
tt10620032,nm5343226
tt10620082,nm5343226
tt10620104,nm1355731
tt10620104,nm2050348
tt10620104,nm2833230
tt10620116,nm9577667
tt10620294,nm1355731
tt10620294,nm2050348
tt10620294,nm2833230
tt10620492,nm1136590
tt10620672,nm9891925
tt10620674,nm0798189
tt10620676,nm9891925
tt10620678,nm9891925
tt10620680,nm9891925
tt10620682,nm9891925
tt10620684,nm9891925
tt10620686,nm9891925
tt10620688,nm9891925
tt10620690,nm9891925
tt10620692,nm9891925
tt10620694,nm9891925
tt10620696,nm9891925
tt10620698,nm9891925
tt10620700,nm9891925
tt10620702,nm9891925
tt10620704,nm9891925
tt10620706,nm9891925
tt10620708,nm9891925
tt10620710,nm9891925
tt10620712,nm9891925
tt10620714,nm9891925
tt10620716,nm9891925
tt10620718,nm9891925
tt10620720,nm9891925
tt10620724,nm9891925
tt10620726,nm9891925
tt10620728,nm9891925
tt10620730,nm9891925
tt10620732,nm9891925
tt10620734,nm9891925
tt10620736,nm9891925
tt10620738,nm9891925
tt10620740,nm9891925
tt10620744,nm9891925
tt10620746,nm9891925
tt10620748,nm9891925
tt10620750,nm9891925
tt10620752,nm9891925
tt10620756,nm9891925
tt10620758,nm9891925
tt10620760,nm9891925
tt10620762,nm9891925
tt10620764,nm9891925
tt10620766,nm9891925
tt10620768,nm9891925
tt10620824,nm10828999
tt10620860,nm1422152
tt10620860,nm4441150
tt10620860,nm7512315
tt10620870,nm9639654
tt10620940,nm10829076
tt10620948,nm10829086
tt10620970,nm3471261
tt10620976,nm4354367
tt10620984,nm0612033
tt10621046,nm5332355
tt10621056,nm10826547
tt10621066,nm10829235
tt10621148,nm10738597
tt10621162,nm3513211
tt10621188,nm10738597
tt10621204,nm3727604
tt10621210,nm3727604
tt10621230,nm3727604
tt10621236,nm3727604
tt10621238,nm3727604
tt10621240,nm3727604
tt10621244,nm3727604
tt10621246,nm3727604
tt10621254,nm7172513
tt10621256,nm10738597
tt10621280,nm1043711
tt10621310,nm0101453
tt10621316,nm0101453
tt10621318,nm0101453
tt10621324,nm0101453
tt10621332,nm0101453
tt10621332,nm5445777
tt10621336,nm1491419
tt10621338,nm10738597
tt10621340,nm5445777
tt10621348,nm5445777
tt10621350,nm10805192
tt10621354,nm3817926
tt10621360,nm9000274
tt10621366,nm0101453
tt10621378,nm2770404
tt10621394,nm0101453
tt10621440,nm2770404
tt10621506,nm2770404
tt10621528,nm9409594
tt10621544,nm10829589
tt10621544,nm9409594
tt10621556,nm9409594
tt10621574,nm9409594
tt10621590,nm9409594
tt10621620,nm9409594
tt10621634,nm2770404
tt10621684,nm10805192
tt10621692,nm10805192
tt10621714,nm2770404
tt10621756,nm9000274
tt10621936,nm9953592
tt10621952,nm10805192
tt10621966,nm1977598
tt10622010,nm2770404
tt10622032,nm9259316
tt10622090,nm10829791
tt10622090,nm10836628
tt10622116,nm1977598
tt10622132,nm10829827
tt10622212,nm1943695
tt10622238,nm10829896
tt10622270,nm0003524
tt10622340,nm6440635
tt10622398,nm10829791
tt10622430,nm1286368
tt10622486,nm1973719
tt10622586,nm1769227
tt10622648,nm2114177
tt10622666,nm2114177
tt10622806,nm10020365
tt10622806,nm5609974
tt10622862,nm10779964
tt10622862,nm6343752
tt10622894,nm6343752
tt10622904,nm6343752
tt10622918,nm3809533
tt10622918,nm6343752
tt10622930,nm10020365
tt10622930,nm5609974
tt10622936,nm10830360
tt10622936,nm6343752
tt10622938,nm1452285
tt10622942,nm6343752
tt10622946,nm6343752
tt10622958,nm10020365
tt10622958,nm5609974
tt10622962,nm10659113
tt10622968,nm0878233
tt10623116,nm10830644
tt10623154,nm1355731
tt10623154,nm1957599
tt10623154,nm2050348
tt10623154,nm2833230
tt10623168,nm2329569
tt10623168,nm3204994
tt10623176,nm10830721
tt10623216,nm9461441
tt10623226,nm2279297
tt10623226,nm3869964
tt10623230,nm9265096
tt10623234,nm2050348
tt10623234,nm2833230
tt10623240,nm5294706
tt10623242,nm2279297
tt10623242,nm3869964
tt10623256,nm2279297
tt10623256,nm3869964
tt10623260,nm7417756
tt10623262,nm10830830
tt10623270,nm10830850
tt10623274,nm10512171
tt10623274,nm2489001
tt10623278,nm2279297
tt10623278,nm3869964
tt10623320,nm2279297
tt10623320,nm3869964
tt10623352,nm2378346
tt10623358,nm6250741
tt10623374,nm5760557
tt10623420,nm10830992
tt10623424,nm10830993
tt10623424,nm10830994
tt10623424,nm10830995
tt10623434,nm10831003
tt10623456,nm1776789
tt10623516,nm3236402
tt10623552,nm7924997
tt10623556,nm7924997
tt10623558,nm7924997
tt10623586,nm2279942
tt10623586,nm4295116
tt10623588,nm10813819
tt10623652,nm7924997
tt10623662,nm7924997
tt10623668,nm7924997
tt10623672,nm7924997
tt10623680,nm7924997
tt10623686,nm10738597
tt10623690,nm7924997
tt10623694,nm7924997
tt10623700,nm7924997
tt10623704,nm7924997
tt10623718,nm10738597
tt10623720,nm7924997
tt10623726,nm7924997
tt10623734,nm7924997
tt10623738,nm7924997
tt10623742,nm7924997
tt10623748,nm7924997
tt10623756,nm7924997
tt10623758,nm7924997
tt10623760,nm7924997
tt10623762,nm7924997
tt10623768,nm7924997
tt10623772,nm10766495
tt10623784,nm7924997
tt10623796,nm7924997
tt10623806,nm7924997
tt10623824,nm7924997
tt10623858,nm7924997
tt10623862,nm7924997
tt10623872,nm7924997
tt10623876,nm7924997
tt10623882,nm7924997
tt10623888,nm7924997
tt10623900,nm7924997
tt10623904,nm7924997
tt10623914,nm9629374
tt10623914,nm9629375
tt10623914,nm9629376
tt10623920,nm7924997
tt10623928,nm9629374
tt10623928,nm9629375
tt10623928,nm9629376
tt10623940,nm7924997
tt10623960,nm9629374
tt10623960,nm9629375
tt10623960,nm9629376
tt10623978,nm9629374
tt10623978,nm9629375
tt10623978,nm9629376
tt10623980,nm10831351
tt10623986,nm5002179
tt10624014,nm9629374
tt10624014,nm9629375
tt10624014,nm9629376
tt10624088,nm9629374
tt10624088,nm9629375
tt10624088,nm9629376
tt10624110,nm9891925
tt10624112,nm9891925
tt10624114,nm9891925
tt10624116,nm9891925
tt10624118,nm9891925
tt10624120,nm9891925
tt10624124,nm9891925
tt10624128,nm9891925
tt10624130,nm9891925
tt10624132,nm9891925
tt10624136,nm9891925
tt10624142,nm9891925
tt10624154,nm9891925
tt10624160,nm9891925
tt10624162,nm9891925
tt10624164,nm9891925
tt10624166,nm9891925
tt10624168,nm9891925
tt10624170,nm9891925
tt10624178,nm9891925
tt10624182,nm9891925
tt10624188,nm9891925
tt10624192,nm9891925
tt10624194,nm9891925
tt10624196,nm9891925
tt10624202,nm9891925
tt10624208,nm9891925
tt10624210,nm9891925
tt10624216,nm9891925
tt10624220,nm9629374
tt10624220,nm9629375
tt10624220,nm9629376
tt10624222,nm9891925
tt10624224,nm9891925
tt10624230,nm9891925
tt10624232,nm9891925
tt10624234,nm9891925
tt10624240,nm9891925
tt10624244,nm9891925
tt10624246,nm9891925
tt10624250,nm9891925
tt10624252,nm9891925
tt10624254,nm9891925
tt10624258,nm9891925
tt10624260,nm9891925
tt10624262,nm9891925
tt10624266,nm9891925
tt10624270,nm9891925
tt10624272,nm9891925
tt10624274,nm9891925
tt10624276,nm9891925
tt10624278,nm9891925
tt10624280,nm9891925
tt10624282,nm9891925
tt10624284,nm9891925
tt10624286,nm9891925
tt10624288,nm9891925
tt10624290,nm9891925
tt10624292,nm9891925
tt10624294,nm9891925
tt10624298,nm9891925
tt10624300,nm9891925
tt10624306,nm9891925
tt10624310,nm9891925
tt10624312,nm9891925
tt10624314,nm9891925
tt10624318,nm9891925
tt10624320,nm9891925
tt10624322,nm9891925
tt10624326,nm9891925
tt10624328,nm9629374
tt10624328,nm9629375
tt10624328,nm9629376
tt10624330,nm9891925
tt10624332,nm9891925
tt10624342,nm9891925
tt10624344,nm9891925
tt10624350,nm9891925
tt10624352,nm9891925
tt10624354,nm9891925
tt10624358,nm9891925
tt10624362,nm9891925
tt10624364,nm9891925
tt10624368,nm9891925
tt10624372,nm9891925
tt10624376,nm9891925
tt10624382,nm7117993
tt10624410,nm9629374
tt10624410,nm9629375
tt10624410,nm9629376
tt10624616,nm10765866
tt10624856,nm10812220
tt10624856,nm10812221
tt10624858,nm10812220
tt10624858,nm10812221
tt10624860,nm10812220
tt10624860,nm10812221
tt10624862,nm10812220
tt10624862,nm10812221
tt10624864,nm10812220
tt10624864,nm10812221
tt10624866,nm10812220
tt10624866,nm10812221
tt10624868,nm10812220
tt10624868,nm10812221
tt10624870,nm10812220
tt10624870,nm10812221
tt10624872,nm10812220
tt10624872,nm10812221
tt10624874,nm10812220
tt10624874,nm10812221
tt10624878,nm10812220
tt10624878,nm10812221
tt10624880,nm10812220
tt10624880,nm10812221
tt10624882,nm10812220
tt10624882,nm10812221
tt10624884,nm10812220
tt10624884,nm10812221
tt10624888,nm10812220
tt10624888,nm10812221
tt10624890,nm10812220
tt10624890,nm10812221
tt10624892,nm10812220
tt10624892,nm10812221
tt10624894,nm10812220
tt10624894,nm10812221
tt10624896,nm10812220
tt10624896,nm10812221
tt10624900,nm10812220
tt10624900,nm10812221
tt10624908,nm10812220
tt10624908,nm10812221
tt10624910,nm10812220
tt10624910,nm10812221
tt10624914,nm10812220
tt10624914,nm10812221
tt10624916,nm10812220
tt10624916,nm10812221
tt10624918,nm10812220
tt10624918,nm10812221
tt10624920,nm10812220
tt10624920,nm10812221
tt10624922,nm10812220
tt10624922,nm10812221
tt10624926,nm10812220
tt10624926,nm10812221
tt10624930,nm10812220
tt10624930,nm10812221
tt10624934,nm10812220
tt10624934,nm10812221
tt10624936,nm10812220
tt10624936,nm10812221
tt10624938,nm10812220
tt10624938,nm10812221
tt10624940,nm10812220
tt10624940,nm10812221
tt10624942,nm10812220
tt10624942,nm10812221
tt10624944,nm10812220
tt10624944,nm10812221
tt10624946,nm10812220
tt10624946,nm10812221
tt10624948,nm10812220
tt10624948,nm10812221
tt10624950,nm10812220
tt10624950,nm10812221
tt10624952,nm10812220
tt10624952,nm10812221
tt10624954,nm10812220
tt10624954,nm10812221
tt10624956,nm10812220
tt10624956,nm10812221
tt10624958,nm10812220
tt10624958,nm10812221
tt10624960,nm10812220
tt10624960,nm10812221
tt10624962,nm10812220
tt10624962,nm10812221
tt10624964,nm10812220
tt10624964,nm10812221
tt10624966,nm10812220
tt10624966,nm10812221
tt10624968,nm10812220
tt10624968,nm10812221
tt10624970,nm10812220
tt10624970,nm10812221
tt10624972,nm10812220
tt10624972,nm10812221
tt10624974,nm10812220
tt10624974,nm10812221
tt10624976,nm10812220
tt10624976,nm10812221
tt10624978,nm10812220
tt10624978,nm10812221
tt10624980,nm10812220
tt10624980,nm10812221
tt10624984,nm10812220
tt10624984,nm10812221
tt10624986,nm10812220
tt10624986,nm10812221
tt10624988,nm10812220
tt10624988,nm10812221
tt10624990,nm10812220
tt10624990,nm10812221
tt10624992,nm10812220
tt10624992,nm10812221
tt10624996,nm10812220
tt10624996,nm10812221
tt10624998,nm10812220
tt10624998,nm10812221
tt10625056,nm10948527
tt10625056,nm1516991
tt10625058,nm10948527
tt10625058,nm1516991
tt10625060,nm10948527
tt10625060,nm1516991
tt10625062,nm10948527
tt10625062,nm1516991
tt10625064,nm10948527
tt10625064,nm1516991
tt10625068,nm10948527
tt10625068,nm1516991
tt10625110,nm0330687
tt10625116,nm2018713
tt10625124,nm10948527
tt10625124,nm1516991
tt10625126,nm10948527
tt10625126,nm1516991
tt10625128,nm10948527
tt10625128,nm1516991
tt10625130,nm10948527
tt10625130,nm1516991
tt10625132,nm10948527
tt10625132,nm1516991
tt10625134,nm10948527
tt10625134,nm1516991
tt10625136,nm10948527
tt10625136,nm1516991
tt10625138,nm10948527
tt10625138,nm1516991
tt10625144,nm10948527
tt10625144,nm1516991
tt10625146,nm10948527
tt10625146,nm1516991
tt10625148,nm10948527
tt10625148,nm1516991
tt10625150,nm10948527
tt10625150,nm1516991
tt10625152,nm10948527
tt10625152,nm1516991
tt10625154,nm10948527
tt10625154,nm1516991
tt10625156,nm10948527
tt10625156,nm1516991
tt10625158,nm10948527
tt10625158,nm1516991
tt10625160,nm10948527
tt10625160,nm1516991
tt10625162,nm10948527
tt10625162,nm1516991
tt10625166,nm10948527
tt10625166,nm1516991
tt10625270,nm7786669
tt10625270,nm8196792
tt10625272,nm7786669
tt10625272,nm8196792
tt10625274,nm7786669
tt10625274,nm8196792
tt10625276,nm7786669
tt10625276,nm8196792
tt10625278,nm7786669
tt10625278,nm8196792
tt10625280,nm7786669
tt10625280,nm8196792
tt10625282,nm7786669
tt10625282,nm8196792
tt10625284,nm7786669
tt10625284,nm8196792
tt10625286,nm7786669
tt10625286,nm8196792
tt10625288,nm7786669
tt10625288,nm8196792
tt10625290,nm7786669
tt10625290,nm8196792
tt10625292,nm7786669
tt10625292,nm8196792
tt10625294,nm7786669
tt10625294,nm8196792
tt10625296,nm7786669
tt10625296,nm8196792
tt10625298,nm7786669
tt10625298,nm8196792
tt10625300,nm7786669
tt10625300,nm8196792
tt10625304,nm7786669
tt10625304,nm8196792
tt10625306,nm7786669
tt10625306,nm8196792
tt10625308,nm7786669
tt10625308,nm8196792
tt10625310,nm7786669
tt10625310,nm8196792
tt10625358,nm10812220
tt10625358,nm10812221
tt10625360,nm10812220
tt10625360,nm10812221
tt10625362,nm10812220
tt10625362,nm10812221
tt10625364,nm10812220
tt10625364,nm10812221
tt10625366,nm10812220
tt10625366,nm10812221
tt10625368,nm10812220
tt10625368,nm10812221
tt10625370,nm10812220
tt10625370,nm10812221
tt10625372,nm10812220
tt10625372,nm10812221
tt10625374,nm10812220
tt10625374,nm10812221
tt10625376,nm9629374
tt10625376,nm9629375
tt10625376,nm9629376
tt10625378,nm10812220
tt10625378,nm10812221
tt10625380,nm10812220
tt10625380,nm10812221
tt10625382,nm10812220
tt10625382,nm10812221
tt10625386,nm10812220
tt10625386,nm10812221
tt10625388,nm10812220
tt10625388,nm10812221
tt10625390,nm10812220
tt10625390,nm10812221
tt10625392,nm10812220
tt10625392,nm10812221
tt10625394,nm10812220
tt10625394,nm10812221
tt10625396,nm10812220
tt10625396,nm10812221
tt10625398,nm10812220
tt10625398,nm10812221
tt10625400,nm10812220
tt10625400,nm10812221
tt10625454,nm9629374
tt10625454,nm9629375
tt10625454,nm9629376
tt10625480,nm9629374
tt10625480,nm9629375
tt10625480,nm9629376
tt10625542,nm10831565
tt10625544,nm5460792
tt10625546,nm5460792
tt10625548,nm5460792
tt10625550,nm5460792
tt10625552,nm5460792
tt10625554,nm5460792
tt10625556,nm5460792
tt10625558,nm5460792
tt10625562,nm5460792
tt10625564,nm5460792
tt10625566,nm5460792
tt10625568,nm5460792
tt10625570,nm5460792
tt10625572,nm5460792
tt10625574,nm5460792
tt10625576,nm5460792
tt10625578,nm5460792
tt10625580,nm5460792
tt10625582,nm5460792
tt10625584,nm5460792
tt10625624,nm9629374
tt10625624,nm9629375
tt10625624,nm9629376
tt10625706,nm2033794
tt10625822,nm7356661
tt10625862,nm9957695
tt10625864,nm9957695
tt10625866,nm9957695
tt10625868,nm9957695
tt10625870,nm9957695
tt10625874,nm9957695
tt10625876,nm9957695
tt10625878,nm9957695
tt10625880,nm9957695
tt10625882,nm9957695
tt10625884,nm9957695
tt10625886,nm9957695
tt10625888,nm9957695
tt10625890,nm9957695
tt10625892,nm9957695
tt10625894,nm9957695
tt10625896,nm9957695
tt10625898,nm9957695
tt10625900,nm9957695
tt10625902,nm9957695
tt10625906,nm9957695
tt10625908,nm9957695
tt10625910,nm9957695
tt10625914,nm9957695
tt10625916,nm9957695
tt10625918,nm9957695
tt10625920,nm9957695
tt10625924,nm9957695
tt10625926,nm9957695
tt10625928,nm9957695
tt10625930,nm9957695
tt10625932,nm9957695
tt10625934,nm9957695
tt10625938,nm9957695
tt10625940,nm9957695
tt10625946,nm9957695
tt10625948,nm9957695
tt10625950,nm9957695
tt10625952,nm9957695
tt10625954,nm9957695
tt10625956,nm9957695
tt10625958,nm9957695
tt10625960,nm9957695
tt10625964,nm9957695
tt10625968,nm9957695
tt10625972,nm9957695
tt10625974,nm9957695
tt10625976,nm9957695
tt10625978,nm9957695
tt10625980,nm9957695
tt10625984,nm9957695
tt10625986,nm9957695
tt10625988,nm9957695
tt10625990,nm9957695
tt10625992,nm9957695
tt10625994,nm9957695
tt10625996,nm9957695
tt10625998,nm9957695
tt10626000,nm9957695
tt10626002,nm9957695
tt10626006,nm9957695
tt10626010,nm9957695
tt10626012,nm9957695
tt10626014,nm9957695
tt10626016,nm9957695
tt10626018,nm9957695
tt10626020,nm9957695
tt10626022,nm9957695
tt10626024,nm9957695
tt10626026,nm9957695
tt10626028,nm9957695
tt10626030,nm9957695
tt10626032,nm9957695
tt10626034,nm9957695
tt10626036,nm9957695
tt10626038,nm9957695
tt10626040,nm9957695
tt10626042,nm9957695
tt10626044,nm9957695
tt10626046,nm9957695
tt10626104,nm3689553
tt10626138,nm10826547
tt10626186,nm1422152
tt10626186,nm4441150
tt10626186,nm7512315
tt10626190,nm1422152
tt10626190,nm4441150
tt10626190,nm7512315
tt10626192,nm1422152
tt10626192,nm4441150
tt10626192,nm7512315
tt10626194,nm1422152
tt10626194,nm4441150
tt10626194,nm7512315
tt10626196,nm1422152
tt10626196,nm4441150
tt10626196,nm7512315
tt10626198,nm1422152
tt10626198,nm4441150
tt10626198,nm7512315
tt10626200,nm1422152
tt10626200,nm4441150
tt10626200,nm7512315
tt10626202,nm1422152
tt10626202,nm4441150
tt10626202,nm7512315
tt10626204,nm1422152
tt10626204,nm4441150
tt10626204,nm7512315
tt10626206,nm1422152
tt10626206,nm4441150
tt10626206,nm7512315
tt10626208,nm1422152
tt10626208,nm4441150
tt10626208,nm7512315
tt10626210,nm1422152
tt10626210,nm4441150
tt10626210,nm7512315
tt10626212,nm1422152
tt10626212,nm4441150
tt10626212,nm7512315
tt10626214,nm1422152
tt10626214,nm4441150
tt10626214,nm7512315
tt10626216,nm1422152
tt10626216,nm4441150
tt10626216,nm7512315
tt10626218,nm1422152
tt10626218,nm4441150
tt10626218,nm7512315
tt10626222,nm1422152
tt10626222,nm4441150
tt10626222,nm7512315
tt10626224,nm1422152
tt10626224,nm4441150
tt10626224,nm7512315
tt10626226,nm1422152
tt10626226,nm4441150
tt10626226,nm7512315
tt10626366,nm2770404
tt10626402,nm10831748
tt10626402,nm3261103
tt10626406,nm10831758
tt10626446,nm10513416
tt10626530,nm6970387
tt10626534,nm6092214
tt10626540,nm8318327
tt10626546,nm0423631
tt10626546,nm3748369
tt10626550,nm0475495
tt10626558,nm0101453
tt10626560,nm6091939
tt10626616,nm5445777
tt10626634,nm10781451
tt10626634,nm9433924
tt10626654,nm9433924
tt10626664,nm9433924
tt10626676,nm6970387
tt10626684,nm6970387
tt10626688,nm6970387
tt10626692,nm6970387
tt10626696,nm6970387
tt10626724,nm10832119
tt10626752,nm9433924
tt10626822,nm0306236
tt10626836,nm10832219
tt10626884,nm9631512
tt10626904,nm4909417
tt10627012,nm2770404
tt10627052,nm2770404
tt10627110,nm2770404
tt10627142,nm10832373
tt10627148,nm2770404
tt10627316,nm1160741
tt10627318,nm6733367
tt10627318,nm8685514
tt10627340,nm0097077
tt10627340,nm0596020
tt10627340,nm2381065
tt10627344,nm0097077
tt10627344,nm0596020
tt10627344,nm2381065
tt10627348,nm0097077
tt10627348,nm0596020
tt10627348,nm2381065
tt10627384,nm0097077
tt10627384,nm0596020
tt10627384,nm2381065
tt10627392,nm0097077
tt10627392,nm0596020
tt10627392,nm2381065
tt10627426,nm5217802
tt10627430,nm0097077
tt10627430,nm0596020
tt10627430,nm2381065
tt10627482,nm6461093
tt10627574,nm13599337
tt10627592,nm10197570
tt10627634,nm1053635
tt10627634,nm1480095
tt10627670,nm0300670
tt10627698,nm1936500
tt10627704,nm10548225
tt10627704,nm10832720
tt10627704,nm7119489
tt10627726,nm1936500
tt10627734,nm10546322
tt10627756,nm10832734
tt10627768,nm10685515
tt10627784,nm1936500
tt10627788,nm7134940
tt10627796,nm0537354
tt10627806,nm1936500
tt10627818,nm1936500
tt10627820,nm7353868
tt10627882,nm10832867
tt10627882,nm10832868
tt10627882,nm10832869
tt10627882,nm10832870
tt10627882,nm10832871
tt10627882,nm10832872
tt10627882,nm10833590
tt10627882,nm10878523
tt10627882,nm10878528
tt10627882,nm10878531
tt10627898,nm6625487
tt10627904,nm10832868
tt10627906,nm10832869
tt10627912,nm10832870
tt10627914,nm10832871
tt10627916,nm10832889
tt10627918,nm10832872
tt10627920,nm10832867
tt10627932,nm10832889
tt10627936,nm10832889
tt10627940,nm6088867
tt10628002,nm10020365
tt10628002,nm5609974
tt10628014,nm10020365
tt10628014,nm5609974
tt10628040,nm0348735
tt10628058,nm0878233
tt10628076,nm3265559
tt10628096,nm0799688
tt10628122,nm10832962
tt10628128,nm10833058
tt10628132,nm10203797
tt10628202,nm3189512
tt10628224,nm0575367
tt10628248,nm2173208
tt10628248,nm9914206
tt10628264,nm3189512
tt10628270,nm10833261
tt10628270,nm2510720
tt10628282,nm3189512
tt10628296,nm3189512
tt10628330,nm3189512
tt10628448,nm10833382
tt10628452,nm7497811
tt10628512,nm2611665
tt10628516,nm8058790
tt10628526,nm5381323
tt10628620,nm8602708
tt10628640,nm6288123
tt10628640,nm6288124
tt10628648,nm6288123
tt10628648,nm6288124
tt10628686,nm3189512
tt10628700,nm10833580
tt10628708,nm3189512
tt10628896,nm1422152
tt10628896,nm4441150
tt10628896,nm7512315
tt10628898,nm1422152
tt10628898,nm4441150
tt10628898,nm7512315
tt10628900,nm1422152
tt10628900,nm4441150
tt10628900,nm7512315
tt10628902,nm1422152
tt10628902,nm4441150
tt10628902,nm7512315
tt10628904,nm1422152
tt10628904,nm4441150
tt10628904,nm7512315
tt10628906,nm1422152
tt10628906,nm4441150
tt10628906,nm7512315
tt10628912,nm1422152
tt10628912,nm4441150
tt10628912,nm7512315
tt10628914,nm1422152
tt10628914,nm4441150
tt10628914,nm7512315
tt10628916,nm1422152
tt10628916,nm4441150
tt10628916,nm7512315
tt10628918,nm1422152
tt10628918,nm4441150
tt10628918,nm7512315
tt10628920,nm3189512
tt10628922,nm1422152
tt10628922,nm4441150
tt10628922,nm7512315
tt10628924,nm1422152
tt10628924,nm4441150
tt10628924,nm7512315
tt10628928,nm1422152
tt10628928,nm4441150
tt10628928,nm7512315
tt10628930,nm3189512
tt10628932,nm1422152
tt10628932,nm4441150
tt10628932,nm7512315
tt10628934,nm1422152
tt10628934,nm4441150
tt10628934,nm7512315
tt10628936,nm1422152
tt10628936,nm4441150
tt10628936,nm7512315
tt10628938,nm3189512
tt10628940,nm1422152
tt10628940,nm4441150
tt10628940,nm7512315
tt10628942,nm1422152
tt10628942,nm4441150
tt10628942,nm7512315
tt10628944,nm1422152
tt10628944,nm4441150
tt10628944,nm7512315
tt10628946,nm1422152
tt10628946,nm4441150
tt10628946,nm7512315
tt10628948,nm3189512
tt10628950,nm3189512
tt10629048,nm10599336
tt10629052,nm3287424
tt10629104,nm9957695
tt10629106,nm9957695
tt10629108,nm9957695
tt10629112,nm9957695
tt10629114,nm9957695
tt10629116,nm9957695
tt10629118,nm9957695
tt10629122,nm9957695
tt10629124,nm9957695
tt10629126,nm9957695
tt10629128,nm9957695
tt10629130,nm9957695
tt10629132,nm9957695
tt10629134,nm9957695
tt10629136,nm9957695
tt10629138,nm9957695
tt10629140,nm9957695
tt10629142,nm9957695
tt10629144,nm9957695
tt10629146,nm9957695
tt10629148,nm9957695
tt10629152,nm9957695
tt10629156,nm9957695
tt10629160,nm9957695
tt10629162,nm9957695
tt10629164,nm9957695
tt10629166,nm9957695
tt10629168,nm9957695
tt10629170,nm9957695
tt10629174,nm9957695
tt10629176,nm9957695
tt10629178,nm9957695
tt10629180,nm9957695
tt10629188,nm9957695
tt10629190,nm9957695
tt10629192,nm9957695
tt10629194,nm9957695
tt10629196,nm9957695
tt10629200,nm9957695
tt10629202,nm9957695
tt10629204,nm9957695
tt10629206,nm9957695
tt10629208,nm9957695
tt10629210,nm9957695
tt10629212,nm9957695
tt10629214,nm9957695
tt10629216,nm9957695
tt10629218,nm9957695
tt10629220,nm9957695
tt10629222,nm9957695
tt10629224,nm9957695
tt10629226,nm9957695
tt10629228,nm9957695
tt10629230,nm9957695
tt10629232,nm9957695
tt10629234,nm9957695
tt10629236,nm9957695
tt10629238,nm9957695
tt10629240,nm9957695
tt10629242,nm9957695
tt10629246,nm9957695
tt10629248,nm9957695
tt10629250,nm9957695
tt10629252,nm9957695
tt10629254,nm9957695
tt10629256,nm9957695
tt10629258,nm9957695
tt10629260,nm9957695
tt10629262,nm9957695
tt10629264,nm9957695
tt10629266,nm9957695
tt10629268,nm9957695
tt10629270,nm9957695
tt10629272,nm9957695
tt10629274,nm9957695
tt10629276,nm9957695
tt10629278,nm9957695
tt10629280,nm9957695
tt10629282,nm9957695
tt10629284,nm9957695
tt10629314,nm10599336
tt10629350,nm0575367
tt10629352,nm0575367
tt10629356,nm0575367
tt10629358,nm0575367
tt10629364,nm0575367
tt10629366,nm0575367
tt10629368,nm0575367
tt10629370,nm0575367
tt10629372,nm0575367
tt10629374,nm0575367
tt10629376,nm10833750
tt10629378,nm0575367
tt10629380,nm0575367
tt10629498,nm0617458
tt10629542,nm5460792
tt10629544,nm5460792
tt10629546,nm5460792
tt10629548,nm5460792
tt10629552,nm5460792
tt10629554,nm5460792
tt10629560,nm0575367
tt10629576,nm10833775
tt10629578,nm5460792
tt10629582,nm5460792
tt10629584,nm5460792
tt10629588,nm5460792
tt10629590,nm5460792
tt10629592,nm5460792
tt10629594,nm5460792
tt10629596,nm5460792
tt10629598,nm5460792
tt10629602,nm5460792
tt10629604,nm5460792
tt10629608,nm5460792
tt10629610,nm5460792
tt10629612,nm5460792
tt10629676,nm10812220
tt10629676,nm10812221
tt10629678,nm10812220
tt10629678,nm10812221
tt10629680,nm10812220
tt10629680,nm10812221
tt10629684,nm10812220
tt10629684,nm10812221
tt10629688,nm10812220
tt10629688,nm10812221
tt10629690,nm10812220
tt10629690,nm10812221
tt10629692,nm9629374
tt10629692,nm9629375
tt10629692,nm9629376
tt10629694,nm10812220
tt10629694,nm10812221
tt10629696,nm10812220
tt10629696,nm10812221
tt10629698,nm10812220
tt10629698,nm10812221
tt10629700,nm10812220
tt10629700,nm10812221
tt10629702,nm10812220
tt10629702,nm10812221
tt10629706,nm10812220
tt10629706,nm10812221
tt10629708,nm10812220
tt10629708,nm10812221
tt10629710,nm10812220
tt10629710,nm10812221
tt10629712,nm10812220
tt10629712,nm10812221
tt10629714,nm10812220
tt10629714,nm10812221
tt10629716,nm10812220
tt10629716,nm10812221
tt10629718,nm10812220
tt10629718,nm10812221
tt10629722,nm10812220
tt10629722,nm10812221
tt10629724,nm10812220
tt10629724,nm10812221
tt10629770,nm7786669
tt10629770,nm8196792
tt10629772,nm7786669
tt10629772,nm8196792
tt10629774,nm7786669
tt10629774,nm8196792
tt10629776,nm7786669
tt10629776,nm8196792
tt10629778,nm7786669
tt10629778,nm8196792
tt10629780,nm7786669
tt10629780,nm8196792
tt10629782,nm7786669
tt10629782,nm8196792
tt10629784,nm7786669
tt10629784,nm8196792
tt10629786,nm7786669
tt10629786,nm8196792
tt10629788,nm7786669
tt10629788,nm8196792
tt10629790,nm7786669
tt10629790,nm8196792
tt10629792,nm7786669
tt10629792,nm8196792
tt10629798,nm7786669
tt10629798,nm8196792
tt10629800,nm7786669
tt10629800,nm8196792
tt10629802,nm7786669
tt10629802,nm8196792
tt10629804,nm7786669
tt10629804,nm8196792
tt10629806,nm7786669
tt10629806,nm8196792
tt10629808,nm7786669
tt10629808,nm8196792
tt10629810,nm7786669
tt10629810,nm8196792
tt10629812,nm7786669
tt10629812,nm8196792
tt10629970,nm10812220
tt10629970,nm10812221
tt10629972,nm10812220
tt10629972,nm10812221
tt10629976,nm10812220
tt10629976,nm10812221
tt10629978,nm10812220
tt10629978,nm10812221
tt10629980,nm10812220
tt10629980,nm10812221
tt10629984,nm10812220
tt10629984,nm10812221
tt10629986,nm10812220
tt10629986,nm10812221
tt10629988,nm10812220
tt10629988,nm10812221
tt10629990,nm10812220
tt10629990,nm10812221
tt10629992,nm10812220
tt10629992,nm10812221
tt10629994,nm10812220
tt10629994,nm10812221
tt10629996,nm10812220
tt10629996,nm10812221
tt10629998,nm10812220
tt10629998,nm10812221
tt10630000,nm10812220
tt10630000,nm10812221
tt10630002,nm10812220
tt10630002,nm10812221
tt10630004,nm10812220
tt10630004,nm10812221
tt10630006,nm10812220
tt10630006,nm10812221
tt10630008,nm10812220
tt10630008,nm10812221
tt10630010,nm10812220
tt10630010,nm10812221
tt10630012,nm10812220
tt10630012,nm10812221
tt10630014,nm10812220
tt10630014,nm10812221
tt10630016,nm10812220
tt10630016,nm10812221
tt10630018,nm10812220
tt10630018,nm10812221
tt10630022,nm10812220
tt10630022,nm10812221
tt10630024,nm10812220
tt10630024,nm10812221
tt10630026,nm10812220
tt10630026,nm10812221
tt10630028,nm10812220
tt10630028,nm10812221
tt10630030,nm10812220
tt10630030,nm10812221
tt10630032,nm10812220
tt10630032,nm10812221
tt10630034,nm10812220
tt10630034,nm10812221
tt10630036,nm10812220
tt10630036,nm10812221
tt10630038,nm10812220
tt10630038,nm10812221
tt10630040,nm10812220
tt10630040,nm10812221
tt10630042,nm10812220
tt10630042,nm10812221
tt10630044,nm10812220
tt10630044,nm10812221
tt10630046,nm10812220
tt10630046,nm10812221
tt10630048,nm10812220
tt10630048,nm10812221
tt10630050,nm10812220
tt10630050,nm10812221
tt10630052,nm10812220
tt10630052,nm10812221
tt10630054,nm10812220
tt10630054,nm10812221
tt10630056,nm10812220
tt10630056,nm10812221
tt10630060,nm10812220
tt10630060,nm10812221
tt10630062,nm10812220
tt10630062,nm10812221
tt10630064,nm10812220
tt10630064,nm10812221
tt10630066,nm10812220
tt10630066,nm10812221
tt10630068,nm10812220
tt10630068,nm10812221
tt10630072,nm10812220
tt10630072,nm10812221
tt10630074,nm10812220
tt10630074,nm10812221
tt10630076,nm10812220
tt10630076,nm10812221
tt10630078,nm10812220
tt10630078,nm10812221
tt10630080,nm10812220
tt10630080,nm10812221
tt10630082,nm10812220
tt10630082,nm10812221
tt10630084,nm10812220
tt10630084,nm10812221
tt10630086,nm10812220
tt10630086,nm10812221
tt10630088,nm10812220
tt10630088,nm10812221
tt10630090,nm10812220
tt10630090,nm10812221
tt10630094,nm10812220
tt10630094,nm10812221
tt10630096,nm10812220
tt10630096,nm10812221
tt10630098,nm10812220
tt10630098,nm10812221
tt10630100,nm10812220
tt10630100,nm10812221
tt10630254,nm4087886
tt10630452,nm9891925
tt10630454,nm9891925
tt10630456,nm9891925
tt10630458,nm9891925
tt10630462,nm9891925
tt10630464,nm9891925
tt10630466,nm9891925
tt10630468,nm9891925
tt10630470,nm9891925
tt10630472,nm9891925
tt10630474,nm9891925
tt10630476,nm9891925
tt10630478,nm9891925
tt10630480,nm9891925
tt10630482,nm9891925
tt10630484,nm9891925
tt10630486,nm9891925
tt10630488,nm9891925
tt10630490,nm9891925
tt10630492,nm9891925
tt10630494,nm9891925
tt10630496,nm9891925
tt10630498,nm9891925
tt10630500,nm9891925
tt10630502,nm9891925
tt10630504,nm9891925
tt10630506,nm9891925
tt10630508,nm9891925
tt10630512,nm9891925
tt10630514,nm9891925
tt10630516,nm9891925
tt10630518,nm9891925
tt10630522,nm9891925
tt10630524,nm9891925
tt10630526,nm9891925
tt10630528,nm9891925
tt10630530,nm9891925
tt10630532,nm9891925
tt10630534,nm9891925
tt10630536,nm9891925
tt10630538,nm9891925
tt10630540,nm9891925
tt10630542,nm9891925
tt10630544,nm9891925
tt10630546,nm9891925
tt10630548,nm9891925
tt10630550,nm9891925
tt10630552,nm9891925
tt10630554,nm9891925
tt10630556,nm9891925
tt10630558,nm9891925
tt10630560,nm9891925
tt10630562,nm9891925
tt10630564,nm9891925
tt10630566,nm9891925
tt10630568,nm9891925
tt10630570,nm9891925
tt10630572,nm9891925
tt10630574,nm9891925
tt10630576,nm9891925
tt10630580,nm9891925
tt10630582,nm9891925
tt10630584,nm9891925
tt10630586,nm9891925
tt10630590,nm9891925
tt10630594,nm9891925
tt10630596,nm9891925
tt10630598,nm9891925
tt10630600,nm9891925
tt10630602,nm9891925
tt10630604,nm9891925
tt10630606,nm9891925
tt10630610,nm9891925
tt10630612,nm9891925
tt10630614,nm9891925
tt10630616,nm9891925
tt10630618,nm9891925
tt10630620,nm9891925
tt10630622,nm9891925
tt10631038,nm9629374
tt10631038,nm9629375
tt10631038,nm9629376
tt10631278,nm6221593
tt10631320,nm10834078
tt10631392,nm1662920
tt10631438,nm1013671
tt10631438,nm1091216
tt10631468,nm10815795
tt10631470,nm1978370
tt10631472,nm0575367
tt10631474,nm0575367
tt10631476,nm0575367
tt10631478,nm0575367
tt10631482,nm0575367
tt10631484,nm0575367
tt10631486,nm0575367
tt10631488,nm0575367
tt10631490,nm0575367
tt10631492,nm0575367
tt10631496,nm0575367
tt10631500,nm0575367
tt10631502,nm0575367
tt10631504,nm0575367
tt10631508,nm0575367
tt10631510,nm0575367
tt10631512,nm0575367
tt10631514,nm0575367
tt10631516,nm0575367
tt10631528,nm0575367
tt10631544,nm9629374
tt10631544,nm9629375
tt10631544,nm9629376
tt10631608,nm9629374
tt10631608,nm9629375
tt10631608,nm9629376
tt10631696,nm10834251
tt10631700,nm1422242
tt10631764,nm0617458
tt10631766,nm0617458
tt10631768,nm0617458
tt10631770,nm0617458
tt10631772,nm0617458
tt10631774,nm0617458
tt10631776,nm0617458
tt10631778,nm0617458
tt10631780,nm0617458
tt10631784,nm0617458
tt10631786,nm0617458
tt10631788,nm0617458
tt10631790,nm0617458
tt10631794,nm0617458
tt10631796,nm0617458
tt10631798,nm0617458
tt10631800,nm0617458
tt10631804,nm0617458
tt10631806,nm0617458
tt10631808,nm0617458
tt10631840,nm9857185
tt10632126,nm9891925
tt10632128,nm9891925
tt10632130,nm9891925
tt10632132,nm9891925
tt10632134,nm9891925
tt10632136,nm9891925
tt10632138,nm9891925
tt10632140,nm9891925
tt10632142,nm9891925
tt10632144,nm9891925
tt10632146,nm9891925
tt10632148,nm9891925
tt10632150,nm9891925
tt10632152,nm9891925
tt10632154,nm9891925
tt10632156,nm9891925
tt10632158,nm9891925
tt10632160,nm9891925
tt10632162,nm9891925
tt10632164,nm9891925
tt10632168,nm9891925
tt10632170,nm9891925
tt10632172,nm9891925
tt10632174,nm9891925
tt10632176,nm9891925
tt10632180,nm9891925
tt10632182,nm9891925
tt10632184,nm9891925
tt10632186,nm9891925
tt10632190,nm9891925
tt10632192,nm9891925
tt10632194,nm9891925
tt10632198,nm9891925
tt10632200,nm9891925
tt10632202,nm9891925
tt10632204,nm9891925
tt10632206,nm9891925
tt10632208,nm8059209
tt10632210,nm9891925
tt10632214,nm9891925
tt10632216,nm9891925
tt10632220,nm9891925
tt10632224,nm9891925
tt10632238,nm9891925
tt10632240,nm9891925
tt10632242,nm9891925
tt10632246,nm9891925
tt10632248,nm9891925
tt10632250,nm9891925
tt10632252,nm9891925
tt10632254,nm9891925
tt10632256,nm9891925
tt10632258,nm9891925
tt10632264,nm9891925
tt10632266,nm9891925
tt10632270,nm9891925
tt10632272,nm9891925
tt10632274,nm9891925
tt10632276,nm9891925
tt10632278,nm9891925
tt10632282,nm9891925
tt10632284,nm9891925
tt10632286,nm9891925
tt10632290,nm9891925
tt10632292,nm9891925
tt10632294,nm9891925
tt10632296,nm9891925
tt10632298,nm9891925
tt10632300,nm9891925
tt10632302,nm9891925
tt10632304,nm9891925
tt10632306,nm9891925
tt10632308,nm9891925
tt10632310,nm9891925
tt10632312,nm9891925
tt10632314,nm9891925
tt10632316,nm9891925
tt10632318,nm9891925
tt10632320,nm9891925
tt10632322,nm9891925
tt10632324,nm9891925
tt10632334,nm10197570
tt10632612,nm8101700
tt10632698,nm3790601
tt10632710,nm3790601
tt10632714,nm3790601
tt10632716,nm3790601
tt10632720,nm10812220
tt10632720,nm10812221
tt10632722,nm10812220
tt10632722,nm10812221
tt10632724,nm10812220
tt10632724,nm10812221
tt10632726,nm3790601
tt10632728,nm10812220
tt10632728,nm10812221
tt10632730,nm10812220
tt10632730,nm10812221
tt10632732,nm10812220
tt10632732,nm10812221
tt10632734,nm10812220
tt10632734,nm10812221
tt10632736,nm10812220
tt10632736,nm10812221
tt10632738,nm3790601
tt10632740,nm10812220
tt10632740,nm10812221
tt10632742,nm3790601
tt10632746,nm3790601
tt10632750,nm10812220
tt10632750,nm10812221
tt10632752,nm10812220
tt10632752,nm10812221
tt10632754,nm10812220
tt10632754,nm10812221
tt10632756,nm10812220
tt10632756,nm10812221
tt10632758,nm10812220
tt10632758,nm10812221
tt10632760,nm10812220
tt10632760,nm10812221
tt10632762,nm10812220
tt10632762,nm10812221
tt10632764,nm10812220
tt10632764,nm10812221
tt10632766,nm10812220
tt10632766,nm10812221
tt10632768,nm10812220
tt10632768,nm10812221
tt10632770,nm10812220
tt10632770,nm10812221
tt10632774,nm10812220
tt10632774,nm10812221
tt10632778,nm10812220
tt10632778,nm10812221
tt10632782,nm10812220
tt10632782,nm10812221
tt10632784,nm10812220
tt10632784,nm10812221
tt10632786,nm10812220
tt10632786,nm10812221
tt10632788,nm10812220
tt10632788,nm10812221
tt10632792,nm10812220
tt10632792,nm10812221
tt10632794,nm10812220
tt10632794,nm10812221
tt10632796,nm10812220
tt10632796,nm10812221
tt10632798,nm10812220
tt10632798,nm10812221
tt10632800,nm10812220
tt10632800,nm10812221
tt10632802,nm10812220
tt10632802,nm10812221
tt10632804,nm10812220
tt10632804,nm10812221
tt10632806,nm10812220
tt10632806,nm10812221
tt10632808,nm10812220
tt10632808,nm10812221
tt10632810,nm10812220
tt10632810,nm10812221
tt10632812,nm10812220
tt10632812,nm10812221
tt10632816,nm10812220
tt10632816,nm10812221
tt10632818,nm10812220
tt10632818,nm10812221
tt10632820,nm10812220
tt10632820,nm10812221
tt10632822,nm10812220
tt10632822,nm10812221
tt10632824,nm10812220
tt10632824,nm10812221
tt10632826,nm10812220
tt10632826,nm10812221
tt10632828,nm10812220
tt10632828,nm10812221
tt10632830,nm10812220
tt10632830,nm10812221
tt10632832,nm10812220
tt10632832,nm10812221
tt10632834,nm10812220
tt10632834,nm10812221
tt10632836,nm10812220
tt10632836,nm10812221
tt10632838,nm10812220
tt10632838,nm10812221
tt10632840,nm10812220
tt10632840,nm10812221
tt10632842,nm10812220
tt10632842,nm10812221
tt10632844,nm2498891
tt10632848,nm10812220
tt10632848,nm10812221
tt10632850,nm10812220
tt10632850,nm10812221
tt10632852,nm10812220
tt10632852,nm10812221
tt10632854,nm10812220
tt10632854,nm10812221
tt10632856,nm2498891
tt10632858,nm10812220
tt10632858,nm10812221
tt10632860,nm10812220
tt10632860,nm10812221
tt10632862,nm10812220
tt10632862,nm10812221
tt10632866,nm10812220
tt10632866,nm10812221
tt10632868,nm10812220
tt10632868,nm10812221
tt10632870,nm2498891
tt10632872,nm10020365
tt10632872,nm5609974
tt10632874,nm2498891
tt10632880,nm2498891
tt10632890,nm2498891
tt10632902,nm2498891
tt10632982,nm7786669
tt10632982,nm8196792
tt10632984,nm7786669
tt10632984,nm8196792
tt10632986,nm7786669
tt10632986,nm8196792
tt10632988,nm7786669
tt10632988,nm8196792
tt10632990,nm7786669
tt10632990,nm8196792
tt10632992,nm7786669
tt10632992,nm8196792
tt10632994,nm7786669
tt10632994,nm8196792
tt10632996,nm7786669
tt10632996,nm8196792
tt10632998,nm7786669
tt10632998,nm8196792
tt10633000,nm7786669
tt10633000,nm8196792
tt10633002,nm7786669
tt10633002,nm8196792
tt10633004,nm7786669
tt10633004,nm8196792
tt10633006,nm7786669
tt10633006,nm8196792
tt10633008,nm7786669
tt10633008,nm8196792
tt10633010,nm7786669
tt10633010,nm8196792
tt10633012,nm7786669
tt10633012,nm8196792
tt10633014,nm7786669
tt10633014,nm8196792
tt10633016,nm7786669
tt10633016,nm8196792
tt10633018,nm7786669
tt10633018,nm8196792
tt10633020,nm7786669
tt10633020,nm8196792
tt10633022,nm7786669
tt10633022,nm8196792
tt10633024,nm7786669
tt10633024,nm8196792
tt10633084,nm10834442
tt10633086,nm10812220
tt10633086,nm10812221
tt10633088,nm10812220
tt10633088,nm10812221
tt10633090,nm10812220
tt10633090,nm10812221
tt10633092,nm10812220
tt10633092,nm10812221
tt10633094,nm10812220
tt10633094,nm10812221
tt10633096,nm10812220
tt10633096,nm10812221
tt10633098,nm10812220
tt10633098,nm10812221
tt10633100,nm10812220
tt10633100,nm10812221
tt10633102,nm10812220
tt10633102,nm10812221
tt10633104,nm10812220
tt10633104,nm10812221
tt10633106,nm10812220
tt10633106,nm10812221
tt10633108,nm10812220
tt10633108,nm10812221
tt10633110,nm10812220
tt10633110,nm10812221
tt10633112,nm10812220
tt10633112,nm10812221
tt10633114,nm10812220
tt10633114,nm10812221
tt10633116,nm10812220
tt10633116,nm10812221
tt10633118,nm10812220
tt10633118,nm10812221
tt10633120,nm10812220
tt10633120,nm10812221
tt10633122,nm10812220
tt10633122,nm10812221
tt10633124,nm10812220
tt10633124,nm10812221
tt10633126,nm1322006
tt10633176,nm5460792
tt10633178,nm5460792
tt10633180,nm5460792
tt10633182,nm5460792
tt10633184,nm5460792
tt10633188,nm5460792
tt10633190,nm5460792
tt10633192,nm5460792
tt10633196,nm5460792
tt10633198,nm5460792
tt10633200,nm5460792
tt10633202,nm5460792
tt10633204,nm5460792
tt10633206,nm5460792
tt10633208,nm5460792
tt10633210,nm5460792
tt10633212,nm5460792
tt10633214,nm5460792
tt10633216,nm5460792
tt10633218,nm5460792
tt10633404,nm10834488
tt10633424,nm2892511
tt10633424,nm9012053
tt10633430,nm8059209
tt10633436,nm0068125
tt10633460,nm1614266
tt10633464,nm1936500
tt10633568,nm2858142
tt10633670,nm8772254
tt10633808,nm2892511
tt10634152,nm2858142
tt10634202,nm2813210
tt10634214,nm7656559
tt10634224,nm5753253
tt10634258,nm3471261
tt10634370,nm10834874
tt10634414,nm10834934
tt10634424,nm7656559
tt10634518,nm10834976
tt10634658,nm0550316
tt10634960,nm8304481
tt10635030,nm7069030
tt10635054,nm10835153
tt10635070,nm9957695
tt10635072,nm9957695
tt10635074,nm9957695
tt10635076,nm9957695
tt10635078,nm9957695
tt10635080,nm9957695
tt10635082,nm9957695
tt10635084,nm9957695
tt10635088,nm9957695
tt10635090,nm9957695
tt10635092,nm9957695
tt10635094,nm9957695
tt10635096,nm9957695
tt10635098,nm9957695
tt10635100,nm9957695
tt10635102,nm9957695
tt10635104,nm9957695
tt10635106,nm9957695
tt10635108,nm9957695
tt10635110,nm9957695
tt10635112,nm9957695
tt10635114,nm9957695
tt10635116,nm9957695
tt10635118,nm9957695
tt10635120,nm9957695
tt10635122,nm9957695
tt10635124,nm9957695
tt10635126,nm9957695
tt10635128,nm9957695
tt10635130,nm9957695
tt10635132,nm9957695
tt10635134,nm9957695
tt10635136,nm9957695
tt10635138,nm9957695
tt10635140,nm9957695
tt10635142,nm9957695
tt10635144,nm9957695
tt10635146,nm9957695
tt10635148,nm9957695
tt10635150,nm9957695
tt10635154,nm9957695
tt10635156,nm9957695
tt10635158,nm9957695
tt10635160,nm9957695
tt10635162,nm9957695
tt10635164,nm9957695
tt10635166,nm9957695
tt10635168,nm9957695
tt10635170,nm9957695
tt10635172,nm9957695
tt10635174,nm9957695
tt10635176,nm9957695
tt10635178,nm9957695
tt10635180,nm9957695
tt10635182,nm9957695
tt10635184,nm9957695
tt10635186,nm9957695
tt10635188,nm9957695
tt10635190,nm9957695
tt10635192,nm9957695
tt10635194,nm9957695
tt10635196,nm9957695
tt10635200,nm9957695
tt10635204,nm9957695
tt10635206,nm9957695
tt10635208,nm9957695
tt10635212,nm9957695
tt10635214,nm9957695
tt10635216,nm9957695
tt10635218,nm9957695
tt10635222,nm9957695
tt10635224,nm9957695
tt10635226,nm9957695
tt10635230,nm9957695
tt10635232,nm9957695
tt10635236,nm9957695
tt10635238,nm9957695
tt10635240,nm9957695
tt10635242,nm9957695
tt10635244,nm9957695
tt10635378,nm1422152
tt10635378,nm4441150
tt10635378,nm7512315
tt10635380,nm1422152
tt10635380,nm4441150
tt10635380,nm7512315
tt10635382,nm1422152
tt10635382,nm4441150
tt10635382,nm7512315
tt10635384,nm1422152
tt10635384,nm4441150
tt10635384,nm7512315
tt10635386,nm1422152
tt10635386,nm4441150
tt10635386,nm7512315
tt10635388,nm1422152
tt10635388,nm4441150
tt10635388,nm7512315
tt10635390,nm1422152
tt10635390,nm4441150
tt10635390,nm7512315
tt10635392,nm1422152
tt10635392,nm4441150
tt10635392,nm7512315
tt10635396,nm1422152
tt10635396,nm4441150
tt10635396,nm7512315
tt10635398,nm1422152
tt10635398,nm4441150
tt10635398,nm7512315
tt10635400,nm1422152
tt10635400,nm4441150
tt10635400,nm7512315
tt10635402,nm1422152
tt10635402,nm4441150
tt10635402,nm7512315
tt10635404,nm1422152
tt10635404,nm4441150
tt10635404,nm7512315
tt10635406,nm1422152
tt10635406,nm4441150
tt10635406,nm7512315
tt10635408,nm1422152
tt10635408,nm4441150
tt10635408,nm7512315
tt10635410,nm1422152
tt10635410,nm4441150
tt10635410,nm7512315
tt10635412,nm1422152
tt10635412,nm4441150
tt10635412,nm7512315
tt10635414,nm1422152
tt10635414,nm4441150
tt10635414,nm7512315
tt10635418,nm1422152
tt10635418,nm4441150
tt10635418,nm7512315
tt10635420,nm1422152
tt10635420,nm4441150
tt10635420,nm7512315
tt10635534,nm10835193
tt10635576,nm0475495
tt10635638,nm3016680
tt10635698,nm10822091
tt10635706,nm4087886
tt10635752,nm10835320
tt10635752,nm3856037
tt10635798,nm10835193
tt10635816,nm8858046
tt10635838,nm10020365
tt10635838,nm5609974
tt10635874,nm3016680
tt10635880,nm0729489
tt10635882,nm10835193
tt10635890,nm7021902
tt10636224,nm2977109
tt10636228,nm2566383
tt10636300,nm9939366
tt10636306,nm8374775
tt10636314,nm2033794
tt10636328,nm9939366
tt10636388,nm6270390
tt10636422,nm1422242
tt10636482,nm10835748
tt10636488,nm2033794
tt10636596,nm9088092
tt10636658,nm1422242
tt10636674,nm10835962
tt10636704,nm10822501
tt10636710,nm10565570
tt10636710,nm10637042
tt10636710,nm10835983
tt10636710,nm10835984
tt10636712,nm10637042
tt10636754,nm6001571
tt10636756,nm3423368
tt10636786,nm10836024
tt10636800,nm0760150
tt10636918,nm2970784
tt10637078,nm10822091
tt10637148,nm6250741
tt10637188,nm3423368
tt10637214,nm3423368
tt10637224,nm3423368
tt10637232,nm3423368
tt10637242,nm3423368
tt10637254,nm3423368
tt10637276,nm9764068
tt10637290,nm6536280
tt10637366,nm6536280
tt10637414,nm6536280
tt10637466,nm10824007
tt10637502,nm6536280
tt10637520,nm4925484
tt10637572,nm6536280
tt10637616,nm4041272
tt10637646,nm6536280
tt10637728,nm6536280
tt10637762,nm6536280
tt10637764,nm2967159
tt10637820,nm8727620
tt10637852,nm9087527
tt10637886,nm6575666
tt10637968,nm0306236
tt10638030,nm2837910
tt10638030,nm7947764
tt10638030,nm8154456
tt10638042,nm10836149
tt10638056,nm10836149
tt10638090,nm10836149
tt10638166,nm5294706
tt10638174,nm5294706
tt10638178,nm5294706
tt10638180,nm5294706
tt10638182,nm5294706
tt10638200,nm4918632
tt10638206,nm7279137
tt10638232,nm8799469
tt10638242,nm1465498
tt10638242,nm2062723
tt10638258,nm5479382
tt10638302,nm5479382
tt10638308,nm10757417
tt10638322,nm4295116
tt10638324,nm5479382
tt10638336,nm4295116
tt10638466,nm7943368
tt10638466,nm8345510
tt10638542,nm5479382
tt10638560,nm9449206
tt10638598,nm10837121
tt10638598,nm7813108
tt10638646,nm5479382
tt10638656,nm1465498
tt10638656,nm2062723
tt10638662,nm8513947
tt10638696,nm5479382
tt10638728,nm6012963
tt10638742,nm5479382
tt10638884,nm5479382
tt10638910,nm3480957
tt10638914,nm3480957
tt10638922,nm3451477
tt10638990,nm5479382
tt10639008,nm3451477
tt10639024,nm3480957
tt10639030,nm3480957
tt10639040,nm3451477
tt10639048,nm3451477
tt10639054,nm3480957
tt10639056,nm3451477
tt10639064,nm3480957
tt10639066,nm5479382
tt10639068,nm3451477
tt10639080,nm9462931
tt10639082,nm1465498
tt10639082,nm2062723
tt10639084,nm3451477
tt10639110,nm5479382
tt10639164,nm3784987
tt10639174,nm5479382
tt10639210,nm5479382
tt10639218,nm7876539
tt10639264,nm9629374
tt10639264,nm9629375
tt10639264,nm9629376
tt10639278,nm9629374
tt10639278,nm9629375
tt10639278,nm9629376
tt10639296,nm1465498
tt10639296,nm2062723
tt10639308,nm9629374
tt10639308,nm9629375
tt10639308,nm9629376
tt10639338,nm9629374
tt10639338,nm9629375
tt10639338,nm9629376
tt10639342,nm2770404
tt10639362,nm9629374
tt10639362,nm9629375
tt10639362,nm9629376
tt10639374,nm9629374
tt10639374,nm9629375
tt10639374,nm9629376
tt10639386,nm9629374
tt10639386,nm9629375
tt10639386,nm9629376
tt10639400,nm9629374
tt10639400,nm9629375
tt10639400,nm9629376
tt10639408,nm9629374
tt10639408,nm9629375
tt10639408,nm9629376
tt10639612,nm1422152
tt10639612,nm4441150
tt10639612,nm7512315
tt10639614,nm1422152
tt10639614,nm4441150
tt10639614,nm7512315
tt10639620,nm1422152
tt10639620,nm4441150
tt10639620,nm7512315
tt10639622,nm1422152
tt10639622,nm4441150
tt10639622,nm7512315
tt10639626,nm1422152
tt10639626,nm4441150
tt10639626,nm7512315
tt10639628,nm1422152
tt10639628,nm4441150
tt10639628,nm7512315
tt10639632,nm1422152
tt10639632,nm4441150
tt10639632,nm7512315
tt10639634,nm2253272
tt10639636,nm1422152
tt10639636,nm4441150
tt10639636,nm7512315
tt10639640,nm1422152
tt10639640,nm4441150
tt10639640,nm7512315
tt10639642,nm1422152
tt10639642,nm4441150
tt10639642,nm7512315
tt10639644,nm1422152
tt10639644,nm4441150
tt10639644,nm7512315
tt10639646,nm1422152
tt10639646,nm4441150
tt10639646,nm7512315
tt10639648,nm1422152
tt10639648,nm4441150
tt10639648,nm7512315
tt10639650,nm1422152
tt10639650,nm4441150
tt10639650,nm7512315
tt10639652,nm1422152
tt10639652,nm4441150
tt10639652,nm7512315
tt10639656,nm1422152
tt10639656,nm4441150
tt10639656,nm7512315
tt10639658,nm1422152
tt10639658,nm4441150
tt10639658,nm7512315
tt10639660,nm1422152
tt10639660,nm4441150
tt10639660,nm7512315
tt10639662,nm1422152
tt10639662,nm4441150
tt10639662,nm7512315
tt10639664,nm1422152
tt10639664,nm4441150
tt10639664,nm7512315
tt10639672,nm10837653
tt10639690,nm1465498
tt10639690,nm2062723
tt10639818,nm9957695
tt10639820,nm9957695
tt10639822,nm9957695
tt10639824,nm9957695
tt10639826,nm9957695
tt10639830,nm9957695
tt10639832,nm9957695
tt10639834,nm9957695
tt10639836,nm9957695
tt10639838,nm9957695
tt10639840,nm9957695
tt10639842,nm9957695
tt10639844,nm9957695
tt10639846,nm9957695
tt10639848,nm9957695
tt10639850,nm9957695
tt10639852,nm9957695
tt10639854,nm9957695
tt10639856,nm9957695
tt10639858,nm9957695
tt10639862,nm9957695
tt10639864,nm9957695
tt10639868,nm9957695
tt10639870,nm9957695
tt10639872,nm9957695
tt10639874,nm9957695
tt10639876,nm9957695
tt10639878,nm9957695
tt10639880,nm9957695
tt10639882,nm9957695
tt10639884,nm9957695
tt10639886,nm9957695
tt10639888,nm9957695
tt10639890,nm9957695
tt10639892,nm9957695
tt10639894,nm9957695
tt10639896,nm9957695
tt10639898,nm9957695
tt10639902,nm9957695
tt10639910,nm9957695
tt10639912,nm9957695
tt10639914,nm9957695
tt10639916,nm9957695
tt10639918,nm9957695
tt10639920,nm9957695
tt10639922,nm9957695
tt10639926,nm9957695
tt10639928,nm9957695
tt10639930,nm9957695
tt10639932,nm9957695
tt10639938,nm9957695
tt10639940,nm9957695
tt10639942,nm9957695
tt10639944,nm9957695
tt10639946,nm9957695
tt10639948,nm9957695
tt10639950,nm9957695
tt10639952,nm9957695
tt10639954,nm9957695
tt10639956,nm9957695
tt10640118,nm1465498
tt10640118,nm2062723
tt10640122,nm5460792
tt10640124,nm5460792
tt10640126,nm5460792
tt10640128,nm5460792
tt10640130,nm5460792
tt10640132,nm5460792
tt10640134,nm5460792
tt10640136,nm5460792
tt10640138,nm5460792
tt10640140,nm5460792
tt10640142,nm5460792
tt10640144,nm5460792
tt10640146,nm5460792
tt10640150,nm5460792
tt10640152,nm5460792
tt10640154,nm5460792
tt10640156,nm5460792
tt10640158,nm5460792
tt10640160,nm5460792
tt10640162,nm5460792
tt10640288,nm10812220
tt10640288,nm10812221
tt10640292,nm10812220
tt10640292,nm10812221
tt10640298,nm10812220
tt10640298,nm10812221
tt10640300,nm10812220
tt10640300,nm10812221
tt10640304,nm10812220
tt10640304,nm10812221
tt10640306,nm10812220
tt10640306,nm10812221
tt10640308,nm10812220
tt10640308,nm10812221
tt10640310,nm10812220
tt10640310,nm10812221
tt10640312,nm10812220
tt10640312,nm10812221
tt10640316,nm10812220
tt10640316,nm10812221
tt10640318,nm10812220
tt10640318,nm10812221
tt10640320,nm10812220
tt10640320,nm10812221
tt10640322,nm10812220
tt10640322,nm10812221
tt10640324,nm10812220
tt10640324,nm10812221
tt10640326,nm10812220
tt10640326,nm10812221
tt10640328,nm10812220
tt10640328,nm10812221
tt10640334,nm10812220
tt10640334,nm10812221
tt10640336,nm10812220
tt10640336,nm10812221
tt10640340,nm10812220
tt10640340,nm10812221
tt10640344,nm10812220
tt10640344,nm10812221
tt10640516,nm10812220
tt10640516,nm10812221
tt10640518,nm10812220
tt10640518,nm10812221
tt10640522,nm10812220
tt10640522,nm10812221
tt10640524,nm10812220
tt10640524,nm10812221
tt10640526,nm10812220
tt10640526,nm10812221
tt10640528,nm10812220
tt10640528,nm10812221
tt10640532,nm10812220
tt10640532,nm10812221
tt10640536,nm10812220
tt10640536,nm10812221
tt10640540,nm10812220
tt10640540,nm10812221
tt10640548,nm10812220
tt10640548,nm10812221
tt10640554,nm10812220
tt10640554,nm10812221
tt10640556,nm10812220
tt10640556,nm10812221
tt10640560,nm10812220
tt10640560,nm10812221
tt10640562,nm2530370
tt10640568,nm10812220
tt10640568,nm10812221
tt10640570,nm10812220
tt10640570,nm10812221
tt10640574,nm10812220
tt10640574,nm10812221
tt10640578,nm10812220
tt10640578,nm10812221
tt10640582,nm10812220
tt10640582,nm10812221
tt10640584,nm10812220
tt10640584,nm10812221
tt10640590,nm10812220
tt10640590,nm10812221
tt10640600,nm10812220
tt10640600,nm10812221
tt10640602,nm10812220
tt10640602,nm10812221
tt10640608,nm10812220
tt10640608,nm10812221
tt10640610,nm10812220
tt10640610,nm10812221
tt10640616,nm10812220
tt10640616,nm10812221
tt10640620,nm10812220
tt10640620,nm10812221
tt10640624,nm10812220
tt10640624,nm10812221
tt10640626,nm10812220
tt10640626,nm10812221
tt10640628,nm10812220
tt10640628,nm10812221
tt10640630,nm10812220
tt10640630,nm10812221
tt10640636,nm10812220
tt10640636,nm10812221
tt10640638,nm10812220
tt10640638,nm10812221
tt10640642,nm10812220
tt10640642,nm10812221
tt10640646,nm10812220
tt10640646,nm10812221
tt10640648,nm10812220
tt10640648,nm10812221
tt10640654,nm10812220
tt10640654,nm10812221
tt10640656,nm10812220
tt10640656,nm10812221
tt10640660,nm10812220
tt10640660,nm10812221
tt10640662,nm10812220
tt10640662,nm10812221
tt10640668,nm10812220
tt10640668,nm10812221
tt10640738,nm4418923
tt10640762,nm10812220
tt10640762,nm10812221
tt10640764,nm10812220
tt10640764,nm10812221
tt10640768,nm10812220
tt10640768,nm10812221
tt10640770,nm10812220
tt10640770,nm10812221
tt10640774,nm10812220
tt10640774,nm10812221
tt10640776,nm10812220
tt10640776,nm10812221
tt10640780,nm10812220
tt10640780,nm10812221
tt10640782,nm10812220
tt10640782,nm10812221
tt10640784,nm10812220
tt10640784,nm10812221
tt10640786,nm10812220
tt10640786,nm10812221
tt10640788,nm10812220
tt10640788,nm10812221
tt10640790,nm10434796
tt10640790,nm1747442
tt10640794,nm2033794
tt10640800,nm10812220
tt10640800,nm10812221
tt10640802,nm10812220
tt10640802,nm10812221
tt10640806,nm10812220
tt10640806,nm10812221
tt10640808,nm10812220
tt10640808,nm10812221
tt10640810,nm10812220
tt10640810,nm10812221
tt10640814,nm10812220
tt10640814,nm10812221
tt10640816,nm10812220
tt10640816,nm10812221
tt10640820,nm10812220
tt10640820,nm10812221
tt10640824,nm10812220
tt10640824,nm10812221
tt10640854,nm0538192
tt10641104,nm10837853
tt10641166,nm9891925
tt10641172,nm9891925
tt10641174,nm9891925
tt10641176,nm9891925
tt10641178,nm9891925
tt10641180,nm9891925
tt10641182,nm9891925
tt10641186,nm9891925
tt10641188,nm9891925
tt10641192,nm9891925
tt10641194,nm9891925
tt10641198,nm9891925
tt10641200,nm9891925
tt10641202,nm9891925
tt10641204,nm9891925
tt10641206,nm9891925
tt10641208,nm9891925
tt10641212,nm9891925
tt10641214,nm9891925
tt10641216,nm9891925
tt10641222,nm9891925
tt10641224,nm9891925
tt10641226,nm9891925
tt10641230,nm9891925
tt10641232,nm9891925
tt10641234,nm9891925
tt10641236,nm9891925
tt10641238,nm9891925
tt10641242,nm9891925
tt10641246,nm8158477
tt10641248,nm9891925
tt10641250,nm9891925
tt10641256,nm9891925
tt10641258,nm9891925
tt10641260,nm9891925
tt10641262,nm9891925
tt10641266,nm9891925
tt10641268,nm9891925
tt10641270,nm9891925
tt10641272,nm9891925
tt10641276,nm9891925
tt10641280,nm9891925
tt10641282,nm9891925
tt10641284,nm9891925
tt10641288,nm9891925
tt10641290,nm9891925
tt10641292,nm9891925
tt10641294,nm9891925
tt10641296,nm9891925
tt10641298,nm9891925
tt10641300,nm9891925
tt10641302,nm9891925
tt10641304,nm9891925
tt10641306,nm9891925
tt10641308,nm9891925
tt10641310,nm9891925
tt10641312,nm9891925
tt10641314,nm9891925
tt10641318,nm9891925
tt10641320,nm9891925
tt10641324,nm9891925
tt10641326,nm9891925
tt10641330,nm9891925
tt10641332,nm9891925
tt10641334,nm9891925
tt10641336,nm9891925
tt10641340,nm9891925
tt10641342,nm9891925
tt10641344,nm9891925
tt10641346,nm2833279
tt10641350,nm9891925
tt10641354,nm1310660
tt10641356,nm9891925
tt10641358,nm9891925
tt10641360,nm9891925
tt10641364,nm9891925
tt10641366,nm9891925
tt10641368,nm9891925
tt10641374,nm9891925
tt10641378,nm9891925
tt10641382,nm9891925
tt10641384,nm9891925
tt10641386,nm7224780
tt10641388,nm9891925
tt10641420,nm8158477
tt10641514,nm4762121
tt10641702,nm10837974
tt10641710,nm10837853
tt10641904,nm0475495
tt10641906,nm0475495
tt10641908,nm0475495
tt10641910,nm0475495
tt10641912,nm0475495
tt10641914,nm0475495
tt10641918,nm0475495
tt10641920,nm0475495
tt10641922,nm0475495
tt10641924,nm0475495
tt10641926,nm0475495
tt10641928,nm0475495
tt10641930,nm0475495
tt10641932,nm0475495
tt10641934,nm0475495
tt10641936,nm0475495
tt10641938,nm0475495
tt10641940,nm0475495
tt10641946,nm0475495
tt10641948,nm0475495
tt10641950,nm0475495
tt10641962,nm0475495
tt10641964,nm0475495
tt10641966,nm0475495
tt10641968,nm0475495
tt10641970,nm0475495
tt10641974,nm0475495
tt10641976,nm0475495
tt10641978,nm0475495
tt10641982,nm0475495
tt10641984,nm0475495
tt10641986,nm0475495
tt10641990,nm0475495
tt10641992,nm0475495
tt10641994,nm0475495
tt10641996,nm0475495
tt10642002,nm0475495
tt10642194,nm9000274
tt10642290,nm1900217
tt10642294,nm1900217
tt10642300,nm1900217
tt10642306,nm1900217
tt10642312,nm1900217
tt10642314,nm1900217
tt10642322,nm1900217
tt10642326,nm1900217
tt10642332,nm1900217
tt10642338,nm1900217
tt10642436,nm8145424
tt10642476,nm10606969
tt10642494,nm1422242
tt10642500,nm0306236
tt10642506,nm1422242
tt10642552,nm10838426
tt10642644,nm10838496
tt10642686,nm5911330
tt10642738,nm1065588
tt10642760,nm1065588
tt10642778,nm1576363
tt10642778,nm2397022
tt10642780,nm1065588
tt10642790,nm1065588
tt10642798,nm1065588
tt10642800,nm10813398
tt10642810,nm1065588
tt10642820,nm1065588
tt10642826,nm1065588
tt10642828,nm1977598
tt10642836,nm1065588
tt10642844,nm1065588
tt10642854,nm0608296
tt10642866,nm1977598
tt10642892,nm0608296
tt10642914,nm1065588
tt10642924,nm1065588
tt10642948,nm1065588
tt10642972,nm1065588
tt10642988,nm1065588
tt10642998,nm1065588
tt10643008,nm1065588
tt10643014,nm1065588
tt10643094,nm10838778
tt10643162,nm10838850
tt10643194,nm6214389
tt10643194,nm6214391
tt10643232,nm10838913
tt10643326,nm2057617
tt10643340,nm2057617
tt10643348,nm2057617
tt10643362,nm2057617
tt10643366,nm2057617
tt10643368,nm7043634
tt10643384,nm2057617
tt10643482,nm10833058
tt10643492,nm10651320
tt10643554,nm6328373
tt10643812,nm6536280
tt10643896,nm6536280
tt10643936,nm6536280
tt10644032,nm6536280
tt10644050,nm2256025
tt10644062,nm6536280
tt10644092,nm6536280
tt10644096,nm7265214
tt10644106,nm10049665
tt10644132,nm2750936
tt10644132,nm6536280
tt10644132,nm8735830
tt10644178,nm4245575
tt10644226,nm10020365
tt10644226,nm5609974
tt10644258,nm0756428
tt10644260,nm3965748
tt10644264,nm10689742
tt10644264,nm10689743
tt10644266,nm0479001
tt10644296,nm0348735
tt10644326,nm10813819
tt10644402,nm10813819
tt10644406,nm4295116
tt10644420,nm10813819
tt10644426,nm10813819
tt10644444,nm10813819
tt10644456,nm10813819
tt10644466,nm10839531
tt10644486,nm10839535
tt10644506,nm10839535
tt10644534,nm3507382
tt10644564,nm1459760
tt10644564,nm2103413
tt10644564,nm3507382
tt10644564,nm5286878
tt10644564,nm6755963
tt10644586,nm1459760
tt10644586,nm2103413
tt10644586,nm3507382
tt10644586,nm5286878
tt10644586,nm6755963
tt10644608,nm1459760
tt10644608,nm2103413
tt10644608,nm3507382
tt10644608,nm5286878
tt10644608,nm6755963
tt10644684,nm5254658
tt10644694,nm5337599
tt10644696,nm1459760
tt10644696,nm2103413
tt10644696,nm3507382
tt10644696,nm5286878
tt10644696,nm6755963
tt10644724,nm10839729
tt10644764,nm10839761
tt10644814,nm8716466
tt10644830,nm0239259
tt10644830,nm0343939
tt10644842,nm0239259
tt10644842,nm0343939
tt10644874,nm0291959
tt10644874,nm0717054
tt10644942,nm0603446
tt10645046,nm9483097
tt10645052,nm4429115
tt10645054,nm4754926
tt10645080,nm10770775
tt10645408,nm9629374
tt10645408,nm9629375
tt10645408,nm9629376
tt10645424,nm7181373
tt10645468,nm10645234
tt10645574,nm10840111
tt10645606,nm7336865
tt10645678,nm10218040
tt10645678,nm10819718
tt10645692,nm3747735
tt10645700,nm3074406
tt10645726,nm1008324
tt10645734,nm5198068
tt10645752,nm5198068
tt10645762,nm4754926
tt10645764,nm5198068
tt10645858,nm5198068
tt10645864,nm5198068
tt10645866,nm5417755
tt10645872,nm5198068
tt10645892,nm0475495
tt10645894,nm0475495
tt10645896,nm0475495
tt10645898,nm0475495
tt10645900,nm0475495
tt10645902,nm0475495
tt10645906,nm0475495
tt10645908,nm7986844
tt10645932,nm0475495
tt10645936,nm0475495
tt10645940,nm0475495
tt10645942,nm0475495
tt10645944,nm0475495
tt10645946,nm0475495
tt10645948,nm0475495
tt10645950,nm0475495
tt10645952,nm0475495
tt10645954,nm0475495
tt10645956,nm0475495
tt10645960,nm0475495
tt10645962,nm0475495
tt10645966,nm0475495
tt10645968,nm0475495
tt10645970,nm0475495
tt10645972,nm0475495
tt10645974,nm0475495
tt10645976,nm0475495
tt10645978,nm0475495
tt10645980,nm0475495
tt10645982,nm0475495
tt10645984,nm0475495
tt10645986,nm0475495
tt10645988,nm0475495
tt10645990,nm0475495
tt10645992,nm0475495
tt10645994,nm0475495
tt10645996,nm0475495
tt10645998,nm0475495
tt10646000,nm0475495
tt10646004,nm0475495
tt10646010,nm0475495
tt10646016,nm0475495
tt10646018,nm0475495
tt10646020,nm0475495
tt10646022,nm0475495
tt10646024,nm0475495
tt10646026,nm0475495
tt10646028,nm0475495
tt10646030,nm0475495
tt10646032,nm0475495
tt10646036,nm0475495
tt10646040,nm0475495
tt10646042,nm0475495
tt10646044,nm0475495
tt10646046,nm0475495
tt10646048,nm0475495
tt10646050,nm0475495
tt10646052,nm0475495
tt10646054,nm0475495
tt10646056,nm0475495
tt10646058,nm0475495
tt10646060,nm1555957
tt10646060,nm4295116
tt10646072,nm2753439
tt10646120,nm0563496
tt10646284,nm10840429
tt10646316,nm9629374
tt10646316,nm9629375
tt10646316,nm9629376
tt10646366,nm9891925
tt10646372,nm9891925
tt10646374,nm9891925
tt10646376,nm9891925
tt10646380,nm9891925
tt10646382,nm9891925
tt10646384,nm9891925
tt10646386,nm9891925
tt10646390,nm9891925
tt10646394,nm9891925
tt10646396,nm9891925
tt10646398,nm9891925
tt10646400,nm9891925
tt10646404,nm9891925
tt10646408,nm9891925
tt10646410,nm9629374
tt10646410,nm9629375
tt10646410,nm9629376
tt10646412,nm9891925
tt10646414,nm9891925
tt10646416,nm9891925
tt10646418,nm9891925
tt10646424,nm9891925
tt10646428,nm9891925
tt10646430,nm9891925
tt10646432,nm9891925
tt10646434,nm9891925
tt10646436,nm9891925
tt10646440,nm9891925
tt10646442,nm9891925
tt10646446,nm9891925
tt10646448,nm9891925
tt10646452,nm9891925
tt10646454,nm9891925
tt10646456,nm9891925
tt10646458,nm9891925
tt10646462,nm9891925
tt10646464,nm9891925
tt10646466,nm9891925
tt10646468,nm9891925
tt10646470,nm9891925
tt10646472,nm9891925
tt10646474,nm9891925
tt10646480,nm9139048
tt10646484,nm9891925
tt10646486,nm9891925
tt10646488,nm9891925
tt10646490,nm9891925
tt10646492,nm9891925
tt10646494,nm9891925
tt10646496,nm9891925
tt10646498,nm9891925
tt10646500,nm9891925
tt10646502,nm9891925
tt10646504,nm9891925
tt10646508,nm9891925
tt10646510,nm9891925
tt10646512,nm9891925
tt10646514,nm9891925
tt10646518,nm9891925
tt10646520,nm9891925
tt10646522,nm9891925
tt10646524,nm9891925
tt10646526,nm9891925
tt10646530,nm9891925
tt10646532,nm9891925
tt10646534,nm9891925
tt10646536,nm9891925
tt10646540,nm9891925
tt10646542,nm9891925
tt10646544,nm9891925
tt10646546,nm9891925
tt10646548,nm9891925
tt10646550,nm9891925
tt10646554,nm9891925
tt10646556,nm9891925
tt10646558,nm9891925
tt10646562,nm9891925
tt10646566,nm9891925
tt10646568,nm9891925
tt10646570,nm9891925
tt10646572,nm9891925
tt10646574,nm9891925
tt10646578,nm9891925
tt10646714,nm10840511
tt10646714,nm9096333
tt10646736,nm3810453
tt10646736,nm4539835
tt10646832,nm10812220
tt10646832,nm10812221
tt10646834,nm10812220
tt10646834,nm10812221
tt10646836,nm10812220
tt10646836,nm10812221
tt10646838,nm10812220
tt10646838,nm10812221
tt10646840,nm10812220
tt10646840,nm10812221
tt10646842,nm10812220
tt10646842,nm10812221
tt10646844,nm10812220
tt10646844,nm10812221
tt10646846,nm10812220
tt10646846,nm10812221
tt10646848,nm10812220
tt10646848,nm10812221
tt10646850,nm10812220
tt10646850,nm10812221
tt10646852,nm10812220
tt10646852,nm10812221
tt10646854,nm10812220
tt10646854,nm10812221
tt10646856,nm10812220
tt10646856,nm10812221
tt10646858,nm10812220
tt10646858,nm10812221
tt10646860,nm10812220
tt10646860,nm10812221
tt10646862,nm10812220
tt10646862,nm10812221
tt10646864,nm10812220
tt10646864,nm10812221
tt10646866,nm10812220
tt10646866,nm10812221
tt10646868,nm10812220
tt10646868,nm10812221
tt10646870,nm10812220
tt10646870,nm10812221
tt10646872,nm10812220
tt10646872,nm10812221
tt10646878,nm10812220
tt10646878,nm10812221
tt10646880,nm10812220
tt10646880,nm10812221
tt10646882,nm10812220
tt10646882,nm10812221
tt10646884,nm10812220
tt10646884,nm10812221
tt10646886,nm10812220
tt10646886,nm10812221
tt10646888,nm10812220
tt10646888,nm10812221
tt10646890,nm10812220
tt10646890,nm10812221
tt10646894,nm10812220
tt10646894,nm10812221
tt10646896,nm10812220
tt10646896,nm10812221
tt10646898,nm10812220
tt10646898,nm10812221
tt10646900,nm10812220
tt10646900,nm10812221
tt10646902,nm10812220
tt10646902,nm10812221
tt10646904,nm10812220
tt10646904,nm10812221
tt10646906,nm10812220
tt10646906,nm10812221
tt10646908,nm10812220
tt10646908,nm10812221
tt10646910,nm10812220
tt10646910,nm10812221
tt10646912,nm10812220
tt10646912,nm10812221
tt10646914,nm10812220
tt10646914,nm10812221
tt10646916,nm10812220
tt10646916,nm10812221
tt10646922,nm10812220
tt10646922,nm10812221
tt10646924,nm10812220
tt10646924,nm10812221
tt10646926,nm10812220
tt10646926,nm10812221
tt10646928,nm10812220
tt10646928,nm10812221
tt10646930,nm10812220
tt10646930,nm10812221
tt10646932,nm10812220
tt10646932,nm10812221
tt10646934,nm10812220
tt10646934,nm10812221
tt10646938,nm10812220
tt10646938,nm10812221
tt10646940,nm10812220
tt10646940,nm10812221
tt10646942,nm10812220
tt10646942,nm10812221
tt10646944,nm10812220
tt10646944,nm10812221
tt10646946,nm10812220
tt10646946,nm10812221
tt10646948,nm10812220
tt10646948,nm10812221
tt10646950,nm10812220
tt10646950,nm10812221
tt10646952,nm10812220
tt10646952,nm10812221
tt10646954,nm10812220
tt10646954,nm10812221
tt10646956,nm10812220
tt10646956,nm10812221
tt10646958,nm10812220
tt10646958,nm10812221
tt10646962,nm10812220
tt10646962,nm10812221
tt10646964,nm10812220
tt10646964,nm10812221
tt10646996,nm9629374
tt10646996,nm9629375
tt10646996,nm9629376
tt10647002,nm9629374
tt10647002,nm9629375
tt10647002,nm9629376
tt10647008,nm9629374
tt10647008,nm9629375
tt10647008,nm9629376
tt10647010,nm9629374
tt10647010,nm9629375
tt10647010,nm9629376
tt10647016,nm9629374
tt10647016,nm9629375
tt10647016,nm9629376
tt10647028,nm9629374
tt10647028,nm9629375
tt10647028,nm9629376
tt10647030,nm9629374
tt10647030,nm9629375
tt10647030,nm9629376
tt10647032,nm9629374
tt10647032,nm9629375
tt10647032,nm9629376
tt10647034,nm9629374
tt10647034,nm9629375
tt10647034,nm9629376
tt10647040,nm10812220
tt10647040,nm10812221
tt10647042,nm10812220
tt10647042,nm10812221
tt10647044,nm10812220
tt10647044,nm10812221
tt10647046,nm10812220
tt10647046,nm10812221
tt10647050,nm10812220
tt10647050,nm10812221
tt10647052,nm10812220
tt10647052,nm10812221
tt10647054,nm10812220
tt10647054,nm10812221
tt10647056,nm10812220
tt10647056,nm10812221
tt10647058,nm10812220
tt10647058,nm10812221
tt10647060,nm10812220
tt10647060,nm10812221
tt10647062,nm10812220
tt10647062,nm10812221
tt10647064,nm10812220
tt10647064,nm10812221
tt10647066,nm10812220
tt10647066,nm10812221
tt10647068,nm10812220
tt10647068,nm10812221
tt10647070,nm10812220
tt10647070,nm10812221
tt10647072,nm10812220
tt10647072,nm10812221
tt10647074,nm10812220
tt10647074,nm10812221
tt10647076,nm10812220
tt10647076,nm10812221
tt10647078,nm10812220
tt10647078,nm10812221
tt10647080,nm10812220
tt10647080,nm10812221
tt10647082,nm10812220
tt10647082,nm10812221
tt10647086,nm10812220
tt10647086,nm10812221
tt10647090,nm10812220
tt10647090,nm10812221
tt10647092,nm10812220
tt10647092,nm10812221
tt10647094,nm10327772
tt10647096,nm10812220
tt10647096,nm10812221
tt10647098,nm10812220
tt10647098,nm10812221
tt10647100,nm10812220
tt10647100,nm10812221
tt10647102,nm10812220
tt10647102,nm10812221
tt10647150,nm5460792
tt10647152,nm5460792
tt10647154,nm5460792
tt10647156,nm5460792
tt10647158,nm5460792
tt10647160,nm5460792
tt10647162,nm5460792
tt10647164,nm5460792
tt10647166,nm5460792
tt10647168,nm5460792
tt10647170,nm5460792
tt10647172,nm5460792
tt10647174,nm5460792
tt10647178,nm5460792
tt10647184,nm5460792
tt10647186,nm5460792
tt10647188,nm5460792
tt10647286,nm9957695
tt10647288,nm9957695
tt10647290,nm9957695
tt10647294,nm9957695
tt10647296,nm9957695
tt10647298,nm9957695
tt10647300,nm9957695
tt10647302,nm9957695
tt10647304,nm9957695
tt10647306,nm9957695
tt10647308,nm9957695
tt10647310,nm9957695
tt10647312,nm9957695
tt10647314,nm9957695
tt10647316,nm9957695
tt10647318,nm9957695
tt10647320,nm9957695
tt10647322,nm9957695
tt10647326,nm9957695
tt10647328,nm9957695
tt10647330,nm9957695
tt10647332,nm9957695
tt10647334,nm9957695
tt10647336,nm9957695
tt10647340,nm9957695
tt10647344,nm9957695
tt10647346,nm9957695
tt10647348,nm9957695
tt10647350,nm9957695
tt10647354,nm9957695
tt10647356,nm9957695
tt10647358,nm9957695
tt10647360,nm9957695
tt10647362,nm9957695
tt10647364,nm9957695
tt10647366,nm9957695
tt10647370,nm9957695
tt10647372,nm9957695
tt10647374,nm9957695
tt10647376,nm9957695
tt10647380,nm9957695
tt10647382,nm9957695
tt10647384,nm9957695
tt10647386,nm9957695
tt10647388,nm9957695
tt10647390,nm9957695
tt10647392,nm9957695
tt10647396,nm8673141
tt10647398,nm9957695
tt10647400,nm9957695
tt10647404,nm9957695
tt10647406,nm9957695
tt10647408,nm9957695
tt10647410,nm9957695
tt10647412,nm9957695
tt10647414,nm9957695
tt10647416,nm9957695
tt10647418,nm9957695
tt10647420,nm9957695
tt10647422,nm9957695
tt10647424,nm9957695
tt10647426,nm9957695
tt10647428,nm9957695
tt10647430,nm9957695
tt10647432,nm9957695
tt10647434,nm9957695
tt10647436,nm9957695
tt10647438,nm9957695
tt10647440,nm9957695
tt10647442,nm9957695
tt10647444,nm9957695
tt10647448,nm9957695
tt10647450,nm9957695
tt10647452,nm9957695
tt10647454,nm9957695
tt10647456,nm9957695
tt10647458,nm9957695
tt10647460,nm9957695
tt10647462,nm9957695
tt10647464,nm9957695
tt10647466,nm9957695
tt10647626,nm1422152
tt10647626,nm4441150
tt10647626,nm7512315
tt10647628,nm1422152
tt10647628,nm4441150
tt10647628,nm7512315
tt10647630,nm1422152
tt10647630,nm4441150
tt10647630,nm7512315
tt10647632,nm1422152
tt10647632,nm4441150
tt10647632,nm7512315
tt10647634,nm1422152
tt10647634,nm4441150
tt10647634,nm7512315
tt10647636,nm1422152
tt10647636,nm4441150
tt10647636,nm7512315
tt10647638,nm1422152
tt10647638,nm4441150
tt10647638,nm7512315
tt10647640,nm1422152
tt10647640,nm4441150
tt10647640,nm7512315
tt10647642,nm1422152
tt10647642,nm4441150
tt10647642,nm7512315
tt10647644,nm1422152
tt10647644,nm4441150
tt10647644,nm7512315
tt10647646,nm1422152
tt10647646,nm4441150
tt10647646,nm7512315
tt10647650,nm1422152
tt10647650,nm4441150
tt10647650,nm7512315
tt10647652,nm1422152
tt10647652,nm4441150
tt10647652,nm7512315
tt10647656,nm1422152
tt10647656,nm4441150
tt10647656,nm7512315
tt10647658,nm1422152
tt10647658,nm4441150
tt10647658,nm7512315
tt10647660,nm1422152
tt10647660,nm4441150
tt10647660,nm7512315
tt10647662,nm1422152
tt10647662,nm4441150
tt10647662,nm7512315
tt10647664,nm1422152
tt10647664,nm4441150
tt10647664,nm7512315
tt10647666,nm1422152
tt10647666,nm4441150
tt10647666,nm7512315
tt10647668,nm1422152
tt10647668,nm4441150
tt10647668,nm7512315
tt10647670,nm10840599
tt10647758,nm0042745
tt10647874,nm4517304
tt10647942,nm0201927
tt10647942,nm10831796
tt10647944,nm0201927
tt10647944,nm10831796
tt10647946,nm0201927
tt10647946,nm10831796
tt10647948,nm0201927
tt10647948,nm10831796
tt10647950,nm0201927
tt10647950,nm10831796
tt10647952,nm0201927
tt10647952,nm10831796
tt10647954,nm0201927
tt10647954,nm10831796
tt10647956,nm0201927
tt10647956,nm10831796
tt10647958,nm0201927
tt10647958,nm10831796
tt10647960,nm0201927
tt10647960,nm10831796
tt10647962,nm0201927
tt10647962,nm10831796
tt10647964,nm0201927
tt10647964,nm10831796
tt10647966,nm0201927
tt10647966,nm10831796
tt10647968,nm0201927
tt10647968,nm10831796
tt10647970,nm0201927
tt10647970,nm10831796
tt10647972,nm0201927
tt10647972,nm10831796
tt10647974,nm0201927
tt10647974,nm10831796
tt10647976,nm0201927
tt10647976,nm10831796
tt10647978,nm0201927
tt10647978,nm10831796
tt10647982,nm0201927
tt10647982,nm10831796
tt10647984,nm0201927
tt10647984,nm10831796
tt10647986,nm0201927
tt10647986,nm10831796
tt10647988,nm0201927
tt10647988,nm10831796
tt10647990,nm7265214
tt10647992,nm0201927
tt10647992,nm10831796
tt10647994,nm0201927
tt10647994,nm10831796
tt10647996,nm0201927
tt10647996,nm10831796
tt10647998,nm0201927
tt10647998,nm10831796
tt10648000,nm0201927
tt10648000,nm10831796
tt10648002,nm0201927
tt10648002,nm10831796
tt10648004,nm0201927
tt10648004,nm10831796
tt10648006,nm0201927
tt10648006,nm10831796
tt10648008,nm0201927
tt10648008,nm10831796
tt10648010,nm0201927
tt10648010,nm10831796
tt10648012,nm0201927
tt10648012,nm10831796
tt10648018,nm7265214
tt10648124,nm10791634
tt10648124,nm8571426
tt10648200,nm8650665
tt10648268,nm6086529
tt10648410,nm8519140
tt10648480,nm8698188
tt10648596,nm10779033
tt10648610,nm7083651
tt10648638,nm8698188
tt10648654,nm1900217
tt10648668,nm8698188
tt10648674,nm1900217
tt10648684,nm1900217
tt10648690,nm1900217
tt10648694,nm1900217
tt10648700,nm1900217
tt10648726,nm0857685
tt10648792,nm10653742
tt10648966,nm10653742
tt1064899,nm0003398
tt1064899,nm0004554
tt1064899,nm0009729
tt1064899,nm0069513
tt1064899,nm0101741
tt1064899,nm0178944
tt1064899,nm0297489
tt1064899,nm0327064
tt1064899,nm0335337
tt1064899,nm0343622
tt1064899,nm0400486
tt1064899,nm0406687
tt1064899,nm0538744
tt1064899,nm0542642
tt1064899,nm0571739
tt1064899,nm0668350
tt1064899,nm0671992
tt1064899,nm0676671
tt1064899,nm0686853
tt1064899,nm0735276
tt1064899,nm0735484
tt1064899,nm0779830
tt1064899,nm0797136
tt1064899,nm0798517
tt1064899,nm0844896
tt1064899,nm0994553
tt1064899,nm2064480
tt1064899,nm2585671
tt1064899,nm3271757
tt1064899,nm3652021
tt10649070,nm3766090
tt10649072,nm3766090
tt10649098,nm3597657
tt10649098,nm3766090
tt10649110,nm6420070
tt10649124,nm3766090
tt10649126,nm3766090
tt10649128,nm3344354
tt10649162,nm5032319
tt10649170,nm3615153
tt10649178,nm0201927
tt10649178,nm10831796
tt10649180,nm0201927
tt10649180,nm10831796
tt10649182,nm0201927
tt10649182,nm10831796
tt10649184,nm0201927
tt10649184,nm10831796
tt10649186,nm0201927
tt10649186,nm10831796
tt10649188,nm0201927
tt10649188,nm10831796
tt10649190,nm0201927
tt10649190,nm10831796
tt10649192,nm0201927
tt10649192,nm10831796
tt10649194,nm0201927
tt10649194,nm10831796
tt10649196,nm0201927
tt10649196,nm10831796
tt10649198,nm0201927
tt10649198,nm10831796
tt10649200,nm0201927
tt10649200,nm10831796
tt10649202,nm0201927
tt10649202,nm10831796
tt10649204,nm0201927
tt10649204,nm10831796
tt10649206,nm0201927
tt10649206,nm10831796
tt10649208,nm0201927
tt10649208,nm10831796
tt10649210,nm0201927
tt10649210,nm10831796
tt10649212,nm0201927
tt10649212,nm10831796
tt10649214,nm10841422
tt10649216,nm0201927
tt10649216,nm10831796
tt10649218,nm0201927
tt10649218,nm10831796
tt10649222,nm10841424
tt10649224,nm0201927
tt10649224,nm10831796
tt10649228,nm0201927
tt10649228,nm10831796
tt10649230,nm0201927
tt10649230,nm10831796
tt10649232,nm0201927
tt10649232,nm10831796
tt10649234,nm10841423
tt10649236,nm0201927
tt10649236,nm10831796
tt10649238,nm0201927
tt10649238,nm10831796
tt10649240,nm0201927
tt10649240,nm10831796
tt10649242,nm0201927
tt10649242,nm10831796
tt10649244,nm0201927
tt10649244,nm10831796
tt10649246,nm0201927
tt10649246,nm10831796
tt10649248,nm0201927
tt10649248,nm10831796
tt10649250,nm0201927
tt10649250,nm10831796
tt10649252,nm0201927
tt10649252,nm10831796
tt10649254,nm0201927
tt10649254,nm10831796
tt10649256,nm0201927
tt10649256,nm10831796
tt10649258,nm0201927
tt10649258,nm10831796
tt10649262,nm0201927
tt10649262,nm10831796
tt10649264,nm0201927
tt10649264,nm10831796
tt10649266,nm0201927
tt10649266,nm10831796
tt10649268,nm0201927
tt10649268,nm10831796
tt10649270,nm0201927
tt10649270,nm10831796
tt10649272,nm0201927
tt10649272,nm10831796
tt10649274,nm0201927
tt10649274,nm10831796
tt10649276,nm0201927
tt10649276,nm10831796
tt10649278,nm0201927
tt10649278,nm10831796
tt10649280,nm0201927
tt10649280,nm10831796
tt10649282,nm0201927
tt10649282,nm10831796
tt10649286,nm0201927
tt10649286,nm10831796
tt10649288,nm0201927
tt10649288,nm10831796
tt10649290,nm0201927
tt10649290,nm10831796
tt10649292,nm0201927
tt10649292,nm10831796
tt10649294,nm0201927
tt10649294,nm10831796
tt10649296,nm0201927
tt10649296,nm10831796
tt10649298,nm0201927
tt10649298,nm10831796
tt10649300,nm0201927
tt10649300,nm10831796
tt10649302,nm0201927
tt10649302,nm10831796
tt10649304,nm0201927
tt10649304,nm10831796
tt10649306,nm0201927
tt10649306,nm10831796
tt10649406,nm10841451
tt10649456,nm10841467
tt10649476,nm10843257
tt10649552,nm1422152
tt10649552,nm4441150
tt10649552,nm7512315
tt10649554,nm1422152
tt10649554,nm4441150
tt10649554,nm7512315
tt10649556,nm1422152
tt10649556,nm4441150
tt10649556,nm7512315
tt10649558,nm1422152
tt10649558,nm4441150
tt10649558,nm7512315
tt10649560,nm1422152
tt10649560,nm4441150
tt10649560,nm7512315
tt10649562,nm1422152
tt10649562,nm4441150
tt10649562,nm7512315
tt10649564,nm1422152
tt10649564,nm4441150
tt10649564,nm7512315
tt10649566,nm1422152
tt10649566,nm4441150
tt10649566,nm7512315
tt10649568,nm1422152
tt10649568,nm4441150
tt10649568,nm7512315
tt10649570,nm1422152
tt10649570,nm4441150
tt10649570,nm7512315
tt10649572,nm1422152
tt10649572,nm4441150
tt10649572,nm7512315
tt10649574,nm1422152
tt10649574,nm4441150
tt10649574,nm7512315
tt10649576,nm1422152
tt10649576,nm4441150
tt10649576,nm7512315
tt10649578,nm1422152
tt10649578,nm4441150
tt10649578,nm7512315
tt10649580,nm1422152
tt10649580,nm4441150
tt10649580,nm7512315
tt10649584,nm1422152
tt10649584,nm4441150
tt10649584,nm7512315
tt10649586,nm1422152
tt10649586,nm4441150
tt10649586,nm7512315
tt10649588,nm1422152
tt10649588,nm4441150
tt10649588,nm7512315
tt10649590,nm1422152
tt10649590,nm4441150
tt10649590,nm7512315
tt10649592,nm1422152
tt10649592,nm4441150
tt10649592,nm7512315
tt10649646,nm3344354
tt10649692,nm9957695
tt10649694,nm9957695
tt10649696,nm9957695
tt10649698,nm9957695
tt10649700,nm9957695
tt10649702,nm9957695
tt10649704,nm9957695
tt10649708,nm9957695
tt10649710,nm3344354
tt10649712,nm9957695
tt10649714,nm9957695
tt10649716,nm9957695
tt10649718,nm9957695
tt10649720,nm9957695
tt10649722,nm9957695
tt10649724,nm9957695
tt10649726,nm9957695
tt10649728,nm9957695
tt10649730,nm9957695
tt10649732,nm9957695
tt10649734,nm9957695
tt10649740,nm9957695
tt10649742,nm9957695
tt10649744,nm3615153
tt10649746,nm9957695
tt10649748,nm9957695
tt10649750,nm9957695
tt10649752,nm9957695
tt10649756,nm9957695
tt10649758,nm9957695
tt10649760,nm9957695
tt10649764,nm9957695
tt10649766,nm9957695
tt10649768,nm9957695
tt10649770,nm9957695
tt10649772,nm9957695
tt10649776,nm9957695
tt10649778,nm9957695
tt10649780,nm10841423
tt10649782,nm9957695
tt10649784,nm9957695
tt10649786,nm9957695
tt10649788,nm9957695
tt10649792,nm9957695
tt10649794,nm9957695
tt10649796,nm9957695
tt10649798,nm9957695
tt10649800,nm9957695
tt10649802,nm9957695
tt10649804,nm9957695
tt10649806,nm9957695
tt10649808,nm9957695
tt10649810,nm9957695
tt10649812,nm9957695
tt10649814,nm9957695
tt10649816,nm9957695
tt10649818,nm9957695
tt10649820,nm9957695
tt10649822,nm9957695
tt10649824,nm9957695
tt10649826,nm9957695
tt10649828,nm9957695
tt10649832,nm9957695
tt10649834,nm9957695
tt10649836,nm9957695
tt10649838,nm9957695
tt10649840,nm9957695
tt10649842,nm9957695
tt10649844,nm9957695
tt10649846,nm9957695
tt10649848,nm9957695
tt10649850,nm9957695
tt10649852,nm9957695
tt10649854,nm9957695
tt10649860,nm9957695
tt10649864,nm9957695
tt10649866,nm9957695
tt10649868,nm9957695
tt10649870,nm9957695
tt10649872,nm9957695
tt10649874,nm9957695
tt10649876,nm9957695
tt10649878,nm9957695
tt10649880,nm9368398
tt10649934,nm0525491
tt10649980,nm10812220
tt10649980,nm10812221
tt10649982,nm10812220
tt10649982,nm10812221
tt10649986,nm10812220
tt10649986,nm10812221
tt10649988,nm10812220
tt10649988,nm10812221
tt10649990,nm10812220
tt10649990,nm10812221
tt10649992,nm10812220
tt10649992,nm10812221
tt10649994,nm10812220
tt10649994,nm10812221
tt10649996,nm10812220
tt10649996,nm10812221
tt10649998,nm10812220
tt10649998,nm10812221
tt10650000,nm10812220
tt10650000,nm10812221
tt10650002,nm10812220
tt10650002,nm10812221
tt10650004,nm10812220
tt10650004,nm10812221
tt10650048,nm10812220
tt10650048,nm10812221
tt10650050,nm10812220
tt10650050,nm10812221
tt10650052,nm10812220
tt10650052,nm10812221
tt10650054,nm10812220
tt10650054,nm10812221
tt10650056,nm10812220
tt10650056,nm10812221
tt10650058,nm10812220
tt10650058,nm10812221
tt10650060,nm10812220
tt10650060,nm10812221
tt10650062,nm10812220
tt10650062,nm10812221
tt10650064,nm10812220
tt10650064,nm10812221
tt10650066,nm10812220
tt10650066,nm10812221
tt10650068,nm10812220
tt10650068,nm10812221
tt10650070,nm10812220
tt10650070,nm10812221
tt10650072,nm10812220
tt10650072,nm10812221
tt10650074,nm10812220
tt10650074,nm10812221
tt10650076,nm10812220
tt10650076,nm10812221
tt10650078,nm10812220
tt10650078,nm10812221
tt10650080,nm10812220
tt10650080,nm10812221
tt10650082,nm10812220
tt10650082,nm10812221
tt10650084,nm10812220
tt10650084,nm10812221
tt10650086,nm10812220
tt10650086,nm10812221
tt10650088,nm3615153
tt10650090,nm10812220
tt10650090,nm10812221
tt10650092,nm10841251
tt10650094,nm10812220
tt10650094,nm10812221
tt10650096,nm10812220
tt10650096,nm10812221
tt10650100,nm10812220
tt10650100,nm10812221
tt10650102,nm10812220
tt10650102,nm10812221
tt10650104,nm10812220
tt10650104,nm10812221
tt10650106,nm10812220
tt10650106,nm10812221
tt10650108,nm10812220
tt10650108,nm10812221
tt10650110,nm10812220
tt10650110,nm10812221
tt10650112,nm10812220
tt10650112,nm10812221
tt10650114,nm10812220
tt10650114,nm10812221
tt10650116,nm5032319
tt10650118,nm10812220
tt10650118,nm10812221
tt10650120,nm10812220
tt10650120,nm10812221
tt10650122,nm10812220
tt10650122,nm10812221
tt10650124,nm10812220
tt10650124,nm10812221
tt10650126,nm10812220
tt10650126,nm10812221
tt10650128,nm10812220
tt10650128,nm10812221
tt10650130,nm10812220
tt10650130,nm10812221
tt10650132,nm10812220
tt10650132,nm10812221
tt10650134,nm10812220
tt10650134,nm10812221
tt10650138,nm10812220
tt10650138,nm10812221
tt10650140,nm10812220
tt10650140,nm10812221
tt10650142,nm10812220
tt10650142,nm10812221
tt10650144,nm10812220
tt10650144,nm10812221
tt10650146,nm10812220
tt10650146,nm10812221
tt10650148,nm10812220
tt10650148,nm10812221
tt10650150,nm10812220
tt10650150,nm10812221
tt10650152,nm10812220
tt10650152,nm10812221
tt10650154,nm10812220
tt10650154,nm10812221
tt10650156,nm10812220
tt10650156,nm10812221
tt10650158,nm10812220
tt10650158,nm10812221
tt10650160,nm10812220
tt10650160,nm10812221
tt10650162,nm10812220
tt10650162,nm10812221
tt10650164,nm10812220
tt10650164,nm10812221
tt10650166,nm10812220
tt10650166,nm10812221
tt10650170,nm10812220
tt10650170,nm10812221
tt10650172,nm10812220
tt10650172,nm10812221
tt10650174,nm10812220
tt10650174,nm10812221
tt10650176,nm10812220
tt10650176,nm10812221
tt10650178,nm10812220
tt10650178,nm10812221
tt10650216,nm10841423
tt10650234,nm10841530
tt10650296,nm10841539
tt10650300,nm3766090
tt10650330,nm3597657
tt10650330,nm3766090
tt10650334,nm10841592
tt10650342,nm10841467
tt10650342,nm3615153
tt10650352,nm0756428
tt10650356,nm3615153
tt10650390,nm10841647
tt10650392,nm10841608
tt10650396,nm10841423
tt10650404,nm10841650
tt10650408,nm10841592
tt10650412,nm10841664
tt10650500,nm5276651
tt10650524,nm7099756
tt10650530,nm9932375
tt10650572,nm0855843
tt10650582,nm10057556
tt10650604,nm0105680
tt10650606,nm0105680
tt10650620,nm10841873
tt10650626,nm0005062
tt10650648,nm0756428
tt10650674,nm0878233
tt10650690,nm0526063
tt10650692,nm9223670
tt10650718,nm5198068
tt10650730,nm7823600
tt10650732,nm2415967
tt10650750,nm6755443
tt10650752,nm5198068
tt10650756,nm0695621
tt10650756,nm10396613
tt10650756,nm10673879
tt10650774,nm5198068
tt10650788,nm10842123
tt10650810,nm5198068
tt10650816,nm10842185
tt10650818,nm5198068
tt10650844,nm1355731
tt10650846,nm5198068
tt10650848,nm10540950
tt10650864,nm5198068
tt10650866,nm0038208
tt10650866,nm2417199
tt10650868,nm10540950
tt10650904,nm10540950
tt10650936,nm7943263
tt10650942,nm10540950
tt10651100,nm10842363
tt10651110,nm5253573
tt10651118,nm5253573
tt10651146,nm10839535
tt10651184,nm5570613
tt10651220,nm8563656
tt10651226,nm8127222
tt10651250,nm2431809
tt10651276,nm5198068
tt10651324,nm5198068
tt10651354,nm5198068
tt10651370,nm5198068
tt10651402,nm5198068
tt10651416,nm2050348
tt10651416,nm2833230
tt10651452,nm4295116
tt10651512,nm4295116
tt10651526,nm4295116
tt10651532,nm2050348
tt10651532,nm2833230
tt10651538,nm2035480
tt10651538,nm3197388
tt10651576,nm10531837
tt10651584,nm0677838
tt10651610,nm0677838
tt10651610,nm10843129
tt10651620,nm9622942
tt10651622,nm9622942
tt10651886,nm0677838
tt10651974,nm10841251
tt10651984,nm9891925
tt10651986,nm9891925
tt10651988,nm9891925
tt10651990,nm9891925
tt10651992,nm9891925
tt10651994,nm9891925
tt10651998,nm9891925
tt10652000,nm9891925
tt10652002,nm9891925
tt10652010,nm9891925
tt10652012,nm9891925
tt10652014,nm9891925
tt10652016,nm9891925
tt10652020,nm9891925
tt10652024,nm9891925
tt10652026,nm9891925
tt10652034,nm9891925
tt10652038,nm9891925
tt10652040,nm9891925
tt10652044,nm9891925
tt10652054,nm9891925
tt10652060,nm9891925
tt10652068,nm9891925
tt10652070,nm9891925
tt10652076,nm9891925
tt10652080,nm9891925
tt10652084,nm9891925
tt10652086,nm9891925
tt10652090,nm9891925
tt10652094,nm9891925
tt10652104,nm9891925
tt10652110,nm9891925
tt10652112,nm9891925
tt10652114,nm9891925
tt10652120,nm9891925
tt10652122,nm9891925
tt10652124,nm10841251
tt10652128,nm9891925
tt10652130,nm9891925
tt10652132,nm9891925
tt10652138,nm9891925
tt10652154,nm9891925
tt10652156,nm9891925
tt10652158,nm9891925
tt10652160,nm9891925
tt10652162,nm9891925
tt10652166,nm9891925
tt10652168,nm9891925
tt10652170,nm9891925
tt10652172,nm9891925
tt10652174,nm9891925
tt10652176,nm9891925
tt10652178,nm9891925
tt10652182,nm9891925
tt10652184,nm9891925
tt10652186,nm9891925
tt10652188,nm9891925
tt10652190,nm9891925
tt10652192,nm9891925
tt10652194,nm9891925
tt10652198,nm9891925
tt10652204,nm9891925
tt10652206,nm9891925
tt10652208,nm9891925
tt10652210,nm9891925
tt10652212,nm9891925
tt10652214,nm9891925
tt10652218,nm9891925
tt10652220,nm9891925
tt10652222,nm9891925
tt10652226,nm9891925
tt10652228,nm9891925
tt10652230,nm9891925
tt10652234,nm9891925
tt10652236,nm9891925
tt10652238,nm9891925
tt10652240,nm9891925
tt10652242,nm9891925
tt10652244,nm9891925
tt10652246,nm9891925
tt10652250,nm9891925
tt10652256,nm1555957
tt10652306,nm0677838
tt10652328,nm1555957
tt10652394,nm1555957
tt10652440,nm1555957
tt10652480,nm1555957
tt10652528,nm1555957
tt10652554,nm1555957
tt10652560,nm1355731
tt10652560,nm2050348
tt10652560,nm2833230
tt10652596,nm1555957
tt10652614,nm1555957
tt10652624,nm0475495
tt10652626,nm0475495
tt10652630,nm0475495
tt10652632,nm0475495
tt10652634,nm0475495
tt10652636,nm0475495
tt10652638,nm0475495
tt10652640,nm0475495
tt10652642,nm0475495
tt10652644,nm0475495
tt10652646,nm0475495
tt10652648,nm0475495
tt10652650,nm0475495
tt10652652,nm0475495
tt10652654,nm0475495
tt10652656,nm0475495
tt10652658,nm0475495
tt10652660,nm0475495
tt10652662,nm0475495
tt10652664,nm0475495
tt10652680,nm0475495
tt10652682,nm0475495
tt10652686,nm0475495
tt10652688,nm0475495
tt10652690,nm0475495
tt10652692,nm0475495
tt10652694,nm0475495
tt10652696,nm0475495
tt10652698,nm0475495
tt10652702,nm0475495
tt10652704,nm0475495
tt10652706,nm0475495
tt10652708,nm0475495
tt10652710,nm0475495
tt10652712,nm0475495
tt10652714,nm0475495
tt10652716,nm0475495
tt10652718,nm0475495
tt10652720,nm0475495
tt10652722,nm0475495
tt10652728,nm0475495
tt10652730,nm0475495
tt10652732,nm0475495
tt10652736,nm0475495
tt10652738,nm0475495
tt10652742,nm0475495
tt10652744,nm0475495
tt10652746,nm0475495
tt10652748,nm0475495
tt10652750,nm0475495
tt10652754,nm0475495
tt10652756,nm0475495
tt10652758,nm0475495
tt10652760,nm0475495
tt10652762,nm0475495
tt10652764,nm0475495
tt10652766,nm0475495
tt10652770,nm0475495
tt10652772,nm0475495
tt10652774,nm0475495
tt10652876,nm1757239
tt10652920,nm8154535
tt10652940,nm12261753
tt10652952,nm0677838
tt10652952,nm10843129
tt10653012,nm5277601
tt10653052,nm10675045
tt10653202,nm5408027
tt10653260,nm6478833
tt10653268,nm7831426
tt10653274,nm9755520
tt10653324,nm3853860
tt10653342,nm10843420
tt10653342,nm10843421
tt10653342,nm10843422
tt10653342,nm10843423
tt10653342,nm10843424
tt10653342,nm10843425
tt10653348,nm10841251
tt10653394,nm10841251
tt10653404,nm9755520
tt10653482,nm10791634
tt10653482,nm8571426
tt10653488,nm7990408
tt10653514,nm10791634
tt10653514,nm8571426
tt10653544,nm10843275
tt10653592,nm10843523
tt10653642,nm8238081
tt10653646,nm8238081
tt10653648,nm8238081
tt10653650,nm8238081
tt10653652,nm8238081
tt10653654,nm8238081
tt10653658,nm8238081
tt10653660,nm8238081
tt10653664,nm8238081
tt10653666,nm8238081
tt10653670,nm8238081
tt10653672,nm8238081
tt10653674,nm8238081
tt10653682,nm8238081
tt10653686,nm8238081
tt10653690,nm8238081
tt10653692,nm8238081
tt10653696,nm8238081
tt10653700,nm8238081
tt10653704,nm8238081
tt10653706,nm8238081
tt10653708,nm2033794
tt10653710,nm8238081
tt10653712,nm8238081
tt10653714,nm8238081
tt10653716,nm8238081
tt10653718,nm8238081
tt10653722,nm8238081
tt10653724,nm8238081
tt10653726,nm8238081
tt10653728,nm8238081
tt10653734,nm8238081
tt10653738,nm8238081
tt10653740,nm8238081
tt10653742,nm8238081
tt10653744,nm8238081
tt10653766,nm10843583
tt10653778,nm10150698
tt10653908,nm7837648
tt10653912,nm0201927
tt10653912,nm10831796
tt10653918,nm0201927
tt10653918,nm10831796
tt10653920,nm0201927
tt10653920,nm10831796
tt10653922,nm0201927
tt10653922,nm10831796
tt10653924,nm0201927
tt10653924,nm10831796
tt10653928,nm0201927
tt10653928,nm10831796
tt10653930,nm0201927
tt10653930,nm10831796
tt10653932,nm0201927
tt10653932,nm10831796
tt10653934,nm0201927
tt10653934,nm10831796
tt10653936,nm0201927
tt10653936,nm10831796
tt10653938,nm0201927
tt10653938,nm10831796
tt10653940,nm0201927
tt10653940,nm10831796
tt10653944,nm0201927
tt10653944,nm10831796
tt10653946,nm0201927
tt10653946,nm10831796
tt10653948,nm0201927
tt10653948,nm10831796
tt10653950,nm0201927
tt10653950,nm10831796
tt10653954,nm0201927
tt10653954,nm10831796
tt10653956,nm0201927
tt10653956,nm10831796
tt10653958,nm0201927
tt10653958,nm10831796
tt10653960,nm0201927
tt10653960,nm10831796
tt10654010,nm9629374
tt10654010,nm9629375
tt10654010,nm9629376
tt10654012,nm9629374
tt10654012,nm9629375
tt10654012,nm9629376
tt10654014,nm9629374
tt10654014,nm9629375
tt10654014,nm9629376
tt10654016,nm9629374
tt10654016,nm9629375
tt10654016,nm9629376
tt10654022,nm9629374
tt10654022,nm9629375
tt10654022,nm9629376
tt10654024,nm9629374
tt10654024,nm9629375
tt10654024,nm9629376
tt10654026,nm9629374
tt10654026,nm9629375
tt10654026,nm9629376
tt10654030,nm9629374
tt10654030,nm9629375
tt10654030,nm9629376
tt10654032,nm9629374
tt10654032,nm9629375
tt10654032,nm9629376
tt10654034,nm9629374
tt10654034,nm9629375
tt10654034,nm9629376
tt10654040,nm9629374
tt10654040,nm9629375
tt10654040,nm9629376
tt10654042,nm9629374
tt10654042,nm9629375
tt10654042,nm9629376
tt10654044,nm9629374
tt10654044,nm9629375
tt10654044,nm9629376
tt10654046,nm7837648
tt10654052,nm9629374
tt10654052,nm9629375
tt10654052,nm9629376
tt10654054,nm9629374
tt10654054,nm9629375
tt10654054,nm9629376
tt10654056,nm9629374
tt10654056,nm9629375
tt10654056,nm9629376
tt10654058,nm9629374
tt10654058,nm9629375
tt10654058,nm9629376
tt10654060,nm9629374
tt10654060,nm9629375
tt10654060,nm9629376
tt10654076,nm8551850
tt10654084,nm9629374
tt10654084,nm9629375
tt10654084,nm9629376
tt10654090,nm10677120
tt10654098,nm9629374
tt10654098,nm9629375
tt10654098,nm9629376
tt10654112,nm9629374
tt10654112,nm9629375
tt10654112,nm9629376
tt10654124,nm10035944
tt10654164,nm10035944
tt10654208,nm7083651
tt10654224,nm7083651
tt10654386,nm2428146
tt10654408,nm10843996
tt10654452,nm7837648
tt10654604,nm8240596
tt10654620,nm10789767
tt10654660,nm8240596
tt10654794,nm5092609
tt10654808,nm10844202
tt10654820,nm10840107
tt10654844,nm9300967
tt10654924,nm10834018
tt10654944,nm10846196
tt10654966,nm0919297
tt10655010,nm10844253
tt10655038,nm10168077
tt10655046,nm5665787
tt10655062,nm10085342
tt10655076,nm10035944
tt10655090,nm10844467
tt10655118,nm7133478
tt10655212,nm10844549
tt10655258,nm3993768
tt10655396,nm4941668
tt10655408,nm4941668
tt10655414,nm10020365
tt10655414,nm5609974
tt10655420,nm4941668
tt10655458,nm10844716
tt10655488,nm2854005
tt10655546,nm10540950
tt10655566,nm10839511
tt10655582,nm10540950
tt10655588,nm10540950
tt10655592,nm10844896
tt10655594,nm2050348
tt10655594,nm2833230
tt10655594,nm9464230
tt10655596,nm2753439
tt10655606,nm10844926
tt10655606,nm10844927
tt10655610,nm10540950
tt10655616,nm2753439
tt10655620,nm1004080
tt10655624,nm2753439
tt10655630,nm2753439
tt10655640,nm10540950
tt10655642,nm2753439
tt10655654,nm2753439
tt10655656,nm2753439
tt10655660,nm10540950
tt10655668,nm10844966
tt10655670,nm5548460
tt10655672,nm2753439
tt10655674,nm4109560
tt10655674,nm5253573
tt10655700,nm10540950
tt10655706,nm1355731
tt10655706,nm1957599
tt10655706,nm2843533
tt10655716,nm10540950
tt10655730,nm1355731
tt10655774,nm9577721
tt10655842,nm1355731
tt10655842,nm1957599
tt10655842,nm2050348
tt10655842,nm2833230
tt10655842,nm4746837
tt10655842,nm4909444
tt10655894,nm3390914
tt10655894,nm6085942
tt10655900,nm2442678
tt10656000,nm9307116
tt10656064,nm7642342
tt10656066,nm0530979
tt10656076,nm0530979
tt10656080,nm0530979
tt10656082,nm10821100
tt10656084,nm0530979
tt10656088,nm0530979
tt10656092,nm0530979
tt10656094,nm0530979
tt10656098,nm0530979
tt10656104,nm0530979
tt10656106,nm0530979
tt10656116,nm0530979
tt10656118,nm0530979
tt10656122,nm0530979
tt10656134,nm0530979
tt10656140,nm0530979
tt10656144,nm0530979
tt10656150,nm0530979
tt10656152,nm0530979
tt10656154,nm10188640
tt10656156,nm0665027
tt10656156,nm10845385
tt10656158,nm0530979
tt10656166,nm0530979
tt10656168,nm3390914
tt10656172,nm0530979
tt10656174,nm0530979
tt10656176,nm0530979
tt10656184,nm0530979
tt10656186,nm0530979
tt10656190,nm0530979
tt10656194,nm0530979
tt10656196,nm0530979
tt10656200,nm0530979
tt10656206,nm0530979
tt10656234,nm10791092
tt10656278,nm0530979
tt10656286,nm0530979
tt10656290,nm0530979
tt10656298,nm0530979
tt10656306,nm0530979
tt10656308,nm0530979
tt10656314,nm0530979
tt10656330,nm0530979
tt10656338,nm0530979
tt10656344,nm0530979
tt10656352,nm1355731
tt10656352,nm2050348
tt10656352,nm2833230
tt10656352,nm5975638
tt10656406,nm5818954
tt10656444,nm10821100
tt10656446,nm1355731
tt10656446,nm2050348
tt10656472,nm10845734
tt10656492,nm10845747
tt10656496,nm1407496
tt10656496,nm5323457
tt10656582,nm0201927
tt10656582,nm10831796
tt10656584,nm0201927
tt10656584,nm10831796
tt10656586,nm0201927
tt10656586,nm10831796
tt10656588,nm0201927
tt10656588,nm10831796
tt10656590,nm0201927
tt10656590,nm10831796
tt10656594,nm0201927
tt10656594,nm10831796
tt10656596,nm0201927
tt10656596,nm10831796
tt10656598,nm0201927
tt10656598,nm10831796
tt10656600,nm0201927
tt10656600,nm10831796
tt10656602,nm0201927
tt10656602,nm10831796
tt10656604,nm0201927
tt10656604,nm10831796
tt10656606,nm0201927
tt10656606,nm10831796
tt10656608,nm0201927
tt10656608,nm10831796
tt10656610,nm0201927
tt10656610,nm10831796
tt10656614,nm0201927
tt10656614,nm10831796
tt10656616,nm0201927
tt10656616,nm10831796
tt10656618,nm0201927
tt10656618,nm10831796
tt10656622,nm0201927
tt10656622,nm10831796
tt10656624,nm0201927
tt10656624,nm10831796
tt10656626,nm0201927
tt10656626,nm10831796
tt10656670,nm10606410
tt10656676,nm9829784
tt10656684,nm1355731
tt10656684,nm2050348
tt10656700,nm9829784
tt10656852,nm0475495
tt10656854,nm0475495
tt10656856,nm0475495
tt10656858,nm0475495
tt10656860,nm0475495
tt10656862,nm0475495
tt10656864,nm0475495
tt10656866,nm0475495
tt10656868,nm0475495
tt10656870,nm0475495
tt10656872,nm0475495
tt10656874,nm0475495
tt10656876,nm0475495
tt10656878,nm0475495
tt10656880,nm0475495
tt10656882,nm0475495
tt10656884,nm0475495
tt10656886,nm0475495
tt10656890,nm0475495
tt10656892,nm0475495
tt10656894,nm0475495
tt10656896,nm0475495
tt10656898,nm0475495
tt10656900,nm0475495
tt10656904,nm0475495
tt10656906,nm0475495
tt10656908,nm0475495
tt10656912,nm0475495
tt10656914,nm0475495
tt10656916,nm0475495
tt10656918,nm0475495
tt10656920,nm0475495
tt10656922,nm0475495
tt10656924,nm0475495
tt10656926,nm0475495
tt10656930,nm0475495
tt10656932,nm0475495
tt10656934,nm0475495
tt10656936,nm10718138
tt10656938,nm0475495
tt10656940,nm0475495
tt10656944,nm2279297
tt10656944,nm3869964
tt10656946,nm0475495
tt10656948,nm0475495
tt10656950,nm0475495
tt10656952,nm0475495
tt10656954,nm0475495
tt10656956,nm0475495
tt10656958,nm0475495
tt10656960,nm0475495
tt10656962,nm0475495
tt10656964,nm0475495
tt10656966,nm0475495
tt10656968,nm0475495
tt10656970,nm0475495
tt10656972,nm0475495
tt10656974,nm0475495
tt10656976,nm0475495
tt10656978,nm0475495
tt10656980,nm0475495
tt10656982,nm0475495
tt10656986,nm0475495
tt10657034,nm10606410
tt10657342,nm9891925
tt10657344,nm9891925
tt10657348,nm9891925
tt10657350,nm9891925
tt10657354,nm9891925
tt10657356,nm9891925
tt10657358,nm9891925
tt10657362,nm9891925
tt10657364,nm9891925
tt10657366,nm9891925
tt10657370,nm9891925
tt10657372,nm9891925
tt10657374,nm9891925
tt10657376,nm9891925
tt10657378,nm9891925
tt10657382,nm9891925
tt10657388,nm9891925
tt10657390,nm9891925
tt10657392,nm9891925
tt10657394,nm9891925
tt10657400,nm9891925
tt10657402,nm9891925
tt10657404,nm9891925
tt10657406,nm9891925
tt10657410,nm9891925
tt10657412,nm9891925
tt10657414,nm9891925
tt10657416,nm9891925
tt10657422,nm9891925
tt10657430,nm9891925
tt10657432,nm9891925
tt10657434,nm9891925
tt10657436,nm9891925
tt10657438,nm9891925
tt10657440,nm9891925
tt10657442,nm9891925
tt10657446,nm9891925
tt10657452,nm9891925
tt10657454,nm9891925
tt10657458,nm9891925
tt10657468,nm9891925
tt10657470,nm9891925
tt10657472,nm9891925
tt10657474,nm9891925
tt10657476,nm9891925
tt10657480,nm9891925
tt10657482,nm9891925
tt10657484,nm9891925
tt10657490,nm9891925
tt10657492,nm9891925
tt10657494,nm9891925
tt10657496,nm9891925
tt10657498,nm9891925
tt10657500,nm9891925
tt10657504,nm9891925
tt10657506,nm9891925
tt10657508,nm9891925
tt10657512,nm9891925
tt10657514,nm6064505
tt10657516,nm9891925
tt10657518,nm9891925
tt10657520,nm9891925
tt10657522,nm9891925
tt10657524,nm9891925
tt10657526,nm9891925
tt10657528,nm9891925
tt10657530,nm9891925
tt10657532,nm9891925
tt10657534,nm9891925
tt10657536,nm9891925
tt10657538,nm9891925
tt10657542,nm9891925
tt10657546,nm9891925
tt10657548,nm9891925
tt10657550,nm9891925
tt10657552,nm9891925
tt10657554,nm9891925
tt10657558,nm9891925
tt10657560,nm9891925
tt10657562,nm9891925
tt10657564,nm9891925
tt10657636,nm9135712
tt10657642,nm9135712
tt10657650,nm9135712
tt10657652,nm9135712
tt10657658,nm9135712
tt10657662,nm9135712
tt10657666,nm9135712
tt10657672,nm9135712
tt10657678,nm9135712
tt10657686,nm9135712
tt10657688,nm9135712
tt10657692,nm9135712
tt10657694,nm9135712
tt10657700,nm10848900
tt10657700,nm9135712
tt10657702,nm10812220
tt10657702,nm10812221
tt10657704,nm10848900
tt10657704,nm9135712
tt10657706,nm10848900
tt10657706,nm9135712
tt10657708,nm10812220
tt10657708,nm10812221
tt10657710,nm10848900
tt10657710,nm9135712
tt10657712,nm10848900
tt10657712,nm9135712
tt10657714,nm10812220
tt10657714,nm10812221
tt10657718,nm10812220
tt10657718,nm10812221
tt10657720,nm10848900
tt10657720,nm9135712
tt10657722,nm10812220
tt10657722,nm10812221
tt10657724,nm10812220
tt10657724,nm10812221
tt10657726,nm10812220
tt10657726,nm10812221
tt10657728,nm10812220
tt10657728,nm10812221
tt10657730,nm10848900
tt10657730,nm9135712
tt10657734,nm10812220
tt10657734,nm10812221
tt10657736,nm10848900
tt10657736,nm9135712
tt10657738,nm10812220
tt10657738,nm10812221
tt10657740,nm10848900
tt10657740,nm9135712
tt10657742,nm10848900
tt10657742,nm9135712
tt10657744,nm10812220
tt10657744,nm10812221
tt10657746,nm10812220
tt10657746,nm10812221
tt10657748,nm10812220
tt10657748,nm10812221
tt10657750,nm10848900
tt10657750,nm9135712
tt10657752,nm10848900
tt10657752,nm9135712
tt10657754,nm10812220
tt10657754,nm10812221
tt10657756,nm10848900
tt10657756,nm9135712
tt10657760,nm10812220
tt10657760,nm10812221
tt10657762,nm10848900
tt10657762,nm9135712
tt10657764,nm10812220
tt10657764,nm10812221
tt10657768,nm10848900
tt10657768,nm9135712
tt10657772,nm10812220
tt10657772,nm10812221
tt10657774,nm10812220
tt10657774,nm10812221
tt10657776,nm10812220
tt10657776,nm10812221
tt10657778,nm10812220
tt10657778,nm10812221
tt10657780,nm10812220
tt10657780,nm10812221
tt10657782,nm10812220
tt10657782,nm10812221
tt10657784,nm10812220
tt10657784,nm10812221
tt10657786,nm10812220
tt10657786,nm10812221
tt10657788,nm10812220
tt10657788,nm10812221
tt10657790,nm10812220
tt10657790,nm10812221
tt10657792,nm10812220
tt10657792,nm10812221
tt10657794,nm10812220
tt10657794,nm10812221
tt10657796,nm10812220
tt10657796,nm10812221
tt10657798,nm10812220
tt10657798,nm10812221
tt10657800,nm10812220
tt10657800,nm10812221
tt10657802,nm10812220
tt10657802,nm10812221
tt10657804,nm10812220
tt10657804,nm10812221
tt10657806,nm10812220
tt10657806,nm10812221
tt10657808,nm10812220
tt10657808,nm10812221
tt10657818,nm10851585
tt10657818,nm9135712
tt10657820,nm10851585
tt10657820,nm9135712
tt10657822,nm10812220
tt10657822,nm10812221
tt10657824,nm10851585
tt10657824,nm9135712
tt10657826,nm10812220
tt10657826,nm10812221
tt10657828,nm10812220
tt10657828,nm10812221
tt10657830,nm10851585
tt10657830,nm9135712
tt10657832,nm10851585
tt10657832,nm9135712
tt10657834,nm10812220
tt10657834,nm10812221
tt10657836,nm10851585
tt10657836,nm9135712
tt10657838,nm10812220
tt10657838,nm10812221
tt10657840,nm10812220
tt10657840,nm10812221
tt10657842,nm10812220
tt10657842,nm10812221
tt10657844,nm10851585
tt10657844,nm9135712
tt10657846,nm10812220
tt10657846,nm10812221
tt10657848,nm10851585
tt10657848,nm9135712
tt10657850,nm10812220
tt10657850,nm10812221
tt10657852,nm10851585
tt10657852,nm9135712
tt10657856,nm10812220
tt10657856,nm10812221
tt10657858,nm10812220
tt10657858,nm10812221
tt10657860,nm10812220
tt10657860,nm10812221
tt10657862,nm10851585
tt10657862,nm9135712
tt10657864,nm10812220
tt10657864,nm10812221
tt10657866,nm10851585
tt10657866,nm9135712
tt10657868,nm10812220
tt10657868,nm10812221
tt10657870,nm10812220
tt10657870,nm10812221
tt10657872,nm10851585
tt10657872,nm9135712
tt10657874,nm10812220
tt10657874,nm10812221
tt10657876,nm10851585
tt10657876,nm9135712
tt10657878,nm10812220
tt10657878,nm10812221
tt10657880,nm10812220
tt10657880,nm10812221
tt10657882,nm10851585
tt10657882,nm9135712
tt10657884,nm10812220
tt10657884,nm10812221
tt10657886,nm10851585
tt10657886,nm9135712
tt10657888,nm10812220
tt10657888,nm10812221
tt10657890,nm10812220
tt10657890,nm10812221
tt10657892,nm10812220
tt10657892,nm10812221
tt10657894,nm10812220
tt10657894,nm10812221
tt10657896,nm10812220
tt10657896,nm10812221
tt10657898,nm8873214
tt10657900,nm10812220
tt10657900,nm10812221
tt10657902,nm10812220
tt10657902,nm10812221
tt10657904,nm10812220
tt10657904,nm10812221
tt10657906,nm10812220
tt10657906,nm10812221
tt10657910,nm10812220
tt10657910,nm10812221
tt10657914,nm10812220
tt10657914,nm10812221
tt10657916,nm10812220
tt10657916,nm10812221
tt10657918,nm10812220
tt10657918,nm10812221
tt10657920,nm10812220
tt10657920,nm10812221
tt10657922,nm10812220
tt10657922,nm10812221
tt10657924,nm10812220
tt10657924,nm10812221
tt10657926,nm10812220
tt10657926,nm10812221
tt10657928,nm10812220
tt10657928,nm10812221
tt10657930,nm10812220
tt10657930,nm10812221
tt10657932,nm10812220
tt10657932,nm10812221
tt10657934,nm10812220
tt10657934,nm10812221
tt10657936,nm10812220
tt10657936,nm10812221
tt10657940,nm10812220
tt10657940,nm10812221
tt10657942,nm10812220
tt10657942,nm10812221
tt10657944,nm10812220
tt10657944,nm10812221
tt10657946,nm10812220
tt10657946,nm10812221
tt10657948,nm10812220
tt10657948,nm10812221
tt10657950,nm10812220
tt10657950,nm10812221
tt10657952,nm10812220
tt10657952,nm10812221
tt10657954,nm10812220
tt10657954,nm10812221
tt10657956,nm10812220
tt10657956,nm10812221
tt10657958,nm10812220
tt10657958,nm10812221
tt10657960,nm10812220
tt10657960,nm10812221
tt10658010,nm10812220
tt10658010,nm10812221
tt10658014,nm10812220
tt10658014,nm10812221
tt10658016,nm10812220
tt10658016,nm10812221
tt10658018,nm10812220
tt10658018,nm10812221
tt10658020,nm10812220
tt10658020,nm10812221
tt10658022,nm10812220
tt10658022,nm10812221
tt10658024,nm10812220
tt10658024,nm10812221
tt10658026,nm10812220
tt10658026,nm10812221
tt10658028,nm10812220
tt10658028,nm10812221
tt10658030,nm10812220
tt10658030,nm10812221
tt10658032,nm10812220
tt10658032,nm10812221
tt10658034,nm10812220
tt10658034,nm10812221
tt10658036,nm10812220
tt10658036,nm10812221
tt10658038,nm10812220
tt10658038,nm10812221
tt10658040,nm10812220
tt10658040,nm10812221
tt10658044,nm10812220
tt10658044,nm10812221
tt10658046,nm10812220
tt10658046,nm10812221
tt10658050,nm10812220
tt10658050,nm10812221
tt10658052,nm10812220
tt10658052,nm10812221
tt10658054,nm10812220
tt10658054,nm10812221
tt10658104,nm4909438
tt10658164,nm9957695
tt10658166,nm9957695
tt10658168,nm9957695
tt10658170,nm9957695
tt10658172,nm9957695
tt10658174,nm9957695
tt10658176,nm9957695
tt10658178,nm9957695
tt10658180,nm9957695
tt10658182,nm9957695
tt10658184,nm9957695
tt10658186,nm9957695
tt10658188,nm9957695
tt10658190,nm9957695
tt10658192,nm9957695
tt10658194,nm9957695
tt10658196,nm9957695
tt10658200,nm9957695
tt10658202,nm9957695
tt10658204,nm9957695
tt10658206,nm9957695
tt10658208,nm9957695
tt10658210,nm9957695
tt10658212,nm9957695
tt10658214,nm9957695
tt10658216,nm9957695
tt10658218,nm9957695
tt10658220,nm9957695
tt10658222,nm9957695
tt10658224,nm9957695
tt10658226,nm9957695
tt10658228,nm9957695
tt10658230,nm9957695
tt10658232,nm9957695
tt10658234,nm9957695
tt10658236,nm9957695
tt10658238,nm9957695
tt10658242,nm9957695
tt10658244,nm9957695
tt10658246,nm9957695
tt10658250,nm9957695
tt10658252,nm9957695
tt10658254,nm9957695
tt10658256,nm9957695
tt10658258,nm9957695
tt10658260,nm9957695
tt10658262,nm9957695
tt10658264,nm9957695
tt10658266,nm9957695
tt10658268,nm9957695
tt10658270,nm9957695
tt10658272,nm9957695
tt10658274,nm9957695
tt10658276,nm9957695
tt10658278,nm9957695
tt10658280,nm9957695
tt10658282,nm9957695
tt10658284,nm9957695
tt10658286,nm9957695
tt10658288,nm9957695
tt10658290,nm9957695
tt10658292,nm9957695
tt10658294,nm9957695
tt10658296,nm9957695
tt10658298,nm9957695
tt10658300,nm9957695
tt10658302,nm9957695
tt10658304,nm9957695
tt10658306,nm9957695
tt10658308,nm9957695
tt10658310,nm9957695
tt10658312,nm9957695
tt10658314,nm9957695
tt10658316,nm9957695
tt10658318,nm9957695
tt10658320,nm9957695
tt10658322,nm9957695
tt10658326,nm9957695
tt10658330,nm9957695
tt10658332,nm9957695
tt10658340,nm6848837
tt10658468,nm10718138
tt10658470,nm1422152
tt10658470,nm4441150
tt10658470,nm7512315
tt10658472,nm1422152
tt10658472,nm4441150
tt10658472,nm7512315
tt10658474,nm1422152
tt10658474,nm4441150
tt10658474,nm7512315
tt10658476,nm1422152
tt10658476,nm4441150
tt10658476,nm7512315
tt10658478,nm1422152
tt10658478,nm4441150
tt10658478,nm7512315
tt10658480,nm1422152
tt10658480,nm4441150
tt10658480,nm7512315
tt10658484,nm1422152
tt10658484,nm4441150
tt10658484,nm7512315
tt10658486,nm1422152
tt10658486,nm4441150
tt10658486,nm7512315
tt10658488,nm1422152
tt10658488,nm4441150
tt10658488,nm7512315
tt10658490,nm1422152
tt10658490,nm4441150
tt10658490,nm7512315
tt10658492,nm1422152
tt10658492,nm4441150
tt10658492,nm7512315
tt10658494,nm1422152
tt10658494,nm4441150
tt10658494,nm7512315
tt10658496,nm1422152
tt10658496,nm4441150
tt10658496,nm7512315
tt10658498,nm1422152
tt10658498,nm4441150
tt10658498,nm7512315
tt10658500,nm1422152
tt10658500,nm4441150
tt10658500,nm7512315
tt10658502,nm1422152
tt10658502,nm4441150
tt10658502,nm7512315
tt10658504,nm1422152
tt10658504,nm4441150
tt10658504,nm7512315
tt10658506,nm1422152
tt10658506,nm4441150
tt10658506,nm7512315
tt10658508,nm1422152
tt10658508,nm4441150
tt10658508,nm7512315
tt10658512,nm1422152
tt10658512,nm4441150
tt10658512,nm7512315
tt10658532,nm10718138
tt10658618,nm10718138
tt10658672,nm10718138
tt10658738,nm10718138
tt10658798,nm10718138
tt10658828,nm0201927
tt10658828,nm10831796
tt10658832,nm0201927
tt10658832,nm10831796
tt10658834,nm0201927
tt10658834,nm10831796
tt10658836,nm0201927
tt10658836,nm10831796
tt10658840,nm0201927
tt10658840,nm10831796
tt10658842,nm0201927
tt10658842,nm10831796
tt10658844,nm0201927
tt10658844,nm10831796
tt10658848,nm0201927
tt10658848,nm10831796
tt10658850,nm0201927
tt10658850,nm10831796
tt10658852,nm0201927
tt10658852,nm10831796
tt10658854,nm0201927
tt10658854,nm10831796
tt10658856,nm0201927
tt10658856,nm10831796
tt10658858,nm0201927
tt10658858,nm10831796
tt10658860,nm0201927
tt10658860,nm10831796
tt10658862,nm0201927
tt10658862,nm10831796
tt10658866,nm0201927
tt10658866,nm10831796
tt10658868,nm0201927
tt10658868,nm10831796
tt10658870,nm0201927
tt10658870,nm10831796
tt10658872,nm0201927
tt10658872,nm10831796
tt10658874,nm0201927
tt10658874,nm10831796
tt10658876,nm0201927
tt10658876,nm10831796
tt10658878,nm10718138
tt10658880,nm0201927
tt10658880,nm10831796
tt10658882,nm0201927
tt10658882,nm10831796
tt10658886,nm0201927
tt10658886,nm10831796
tt10658888,nm0201927
tt10658888,nm10831796
tt10658890,nm0201927
tt10658890,nm10831796
tt10658892,nm0201927
tt10658892,nm10831796
tt10658896,nm0201927
tt10658896,nm10831796
tt10658898,nm0201927
tt10658898,nm10831796
tt10658900,nm0201927
tt10658900,nm10831796
tt10658902,nm0201927
tt10658902,nm10831796
tt10658904,nm0201927
tt10658904,nm10831796
tt10658906,nm0201927
tt10658906,nm10831796
tt10658908,nm0201927
tt10658908,nm10831796
tt10658910,nm0201927
tt10658910,nm10831796
tt10658912,nm0201927
tt10658912,nm10831796
tt10658914,nm0201927
tt10658914,nm10831796
tt10658918,nm0201927
tt10658918,nm10831796
tt10658920,nm0201927
tt10658920,nm10831796
tt10658926,nm0201927
tt10658926,nm10831796
tt10658934,nm0201927
tt10658934,nm10831796
tt10658936,nm0201927
tt10658936,nm10831796
tt10658938,nm0201927
tt10658938,nm10831796
tt10658940,nm0201927
tt10658940,nm10831796
tt10658948,nm0201927
tt10658948,nm10831796
tt10658950,nm0201927
tt10658950,nm10831796
tt10658952,nm0201927
tt10658952,nm10831796
tt10658954,nm0201927
tt10658954,nm10831796
tt10658956,nm0201927
tt10658956,nm10831796
tt10658962,nm0201927
tt10658962,nm10831796
tt10658964,nm0201927
tt10658964,nm10831796
tt10658966,nm0201927
tt10658966,nm10831796
tt10658968,nm0201927
tt10658968,nm10831796
tt10658970,nm0201927
tt10658970,nm10831796
tt10658972,nm0201927
tt10658972,nm10831796
tt10658976,nm0201927
tt10658976,nm10831796
tt10658978,nm0201927
tt10658978,nm10831796
tt10658980,nm0201927
tt10658980,nm10831796
tt10658982,nm0201927
tt10658982,nm10831796
tt10658986,nm0201927
tt10658986,nm10831796
tt10659016,nm10708369
tt10659038,nm10097913
tt10659054,nm10846343
tt10659156,nm1310660
tt10659242,nm9135712
tt10659252,nm10708369
tt10659308,nm10708369
tt10659320,nm2555036
tt10659352,nm10708369
tt10659434,nm2348678
tt10659438,nm2348678
tt10659442,nm2348678
tt10659454,nm2348678
tt10659462,nm10846516
tt10659462,nm7007879
tt10659466,nm1350706
tt10659466,nm9139424
tt10659470,nm0177248
tt10659480,nm2348678
tt10659490,nm0177248
tt10659494,nm0177248
tt10659504,nm0177248
tt10659504,nm2348678
tt10659508,nm0177248
tt10659520,nm2487628
tt10659528,nm0177248
tt10659528,nm7518944
tt10659536,nm2348678
tt10659586,nm2348678
tt10659626,nm7518944
tt10659640,nm0177248
tt10659640,nm2348678
tt10659878,nm2348678
tt10659888,nm10150698
tt10659892,nm10150698
tt10659894,nm0177248
tt10659894,nm7518944
tt10659896,nm10150698
tt10659900,nm10150698
tt10659902,nm10150698
tt10659908,nm10150698
tt10659910,nm10150698
tt10659918,nm10150698
tt10659920,nm7518944
tt10659924,nm10150698
tt10659942,nm7067676
tt10659960,nm0177248
tt10659960,nm2348678
tt10659998,nm7518944
tt10660074,nm7067676
tt10660084,nm10842185
tt10660130,nm3443746
tt10660184,nm7067676
tt10660202,nm7067676
tt10660206,nm8656639
tt10660302,nm3443746
tt10660306,nm10846546
tt10660348,nm10762218
tt10660388,nm8810489
tt10660394,nm2592792
tt10660398,nm3950539
tt10660422,nm10035944
tt10660450,nm10035944
tt10660476,nm1953619
tt10660548,nm10846979
tt10660606,nm10150698
tt10660632,nm10847010
tt10660738,nm6056038
tt10660772,nm9629374
tt10660772,nm9629375
tt10660772,nm9629376
tt10660886,nm5237643
tt10660912,nm9469638
tt10660928,nm2955255
tt10661086,nm3443746
tt10661098,nm3443746
tt10661112,nm3443746
tt10661118,nm3443746
tt10661120,nm8660925
tt10661140,nm8660925
tt10661154,nm8660925
tt10661160,nm3443746
tt10661162,nm1531993
tt10661200,nm1531993
tt10661228,nm6023647
tt10661242,nm1531993
tt10661266,nm1531993
tt10661286,nm0526063
tt10661290,nm1531993
tt10661306,nm5386459
tt10661324,nm3443746
tt10661332,nm3443746
tt10661334,nm3443746
tt10661344,nm1531993
tt10661350,nm3443746
tt10661352,nm3962081
tt10661354,nm3443746
tt10661356,nm7851676
tt10661370,nm0526063
tt10661372,nm3443746
tt10661384,nm3443746
tt10661392,nm3950939
tt10661404,nm3443746
tt10661486,nm9676262
tt10661496,nm0463715
tt10661562,nm9657854
tt10661620,nm10847690
tt10661692,nm3133367
tt10661726,nm0756428
tt10661728,nm10848900
tt10661728,nm9135712
tt10661746,nm1631763
tt10661750,nm3133367
tt10661750,nm4478910
tt10661764,nm3133367
tt10661774,nm3133367
tt10661778,nm3133367
tt10661782,nm3133367
tt10661784,nm3133367
tt10661806,nm2279297
tt10661806,nm3869964
tt10661808,nm2279297
tt10661808,nm3869964
tt10661810,nm2279297
tt10661810,nm3869964
tt10661812,nm2279297
tt10661812,nm3869964
tt10661816,nm0695621
tt10661826,nm10673879
tt10661834,nm4258993
tt10661840,nm4258993
tt10661842,nm5294706
tt10661858,nm4258993
tt10661862,nm5294706
tt10661872,nm5294706
tt10661874,nm5294706
tt10661878,nm5294706
tt10661880,nm10844966
tt10661882,nm5294706
tt10661884,nm5294706
tt10661888,nm5294706
tt10661902,nm10847905
tt10661904,nm1355731
tt10661904,nm1957599
tt10661904,nm2050348
tt10661904,nm2833230
tt10661904,nm3235461
tt10661904,nm3812187
tt10661904,nm4746837
tt10661914,nm9676262
tt10661938,nm1355731
tt10661938,nm1957599
tt10661938,nm2050348
tt10661938,nm2833230
tt10661938,nm3235461
tt10661938,nm3812187
tt10661938,nm4746837
tt10662018,nm10684852
tt10662020,nm10676439
tt10662030,nm10606410
tt10662030,nm6213981
tt10662054,nm10606410
tt10662054,nm6213981
tt10662066,nm2279942
tt10662066,nm4295116
tt10662132,nm3074406
tt10662138,nm10606410
tt10662138,nm6213981
tt10662150,nm10606410
tt10662150,nm6213981
tt10662166,nm9676262
tt10662176,nm3112628
tt10662240,nm10394452
tt10662330,nm10848403
tt10662330,nm10848409
tt10662330,nm7309385
tt10662396,nm10848439
tt10662420,nm3747735
tt10662464,nm6768412
tt10662504,nm0766272
tt10662526,nm3443746
tt10662526,nm6768412
tt10662526,nm6768420
tt10662526,nm7041661
tt10662736,nm6164520
tt10662738,nm0201927
tt10662738,nm10831796
tt10662740,nm0201927
tt10662740,nm10831796
tt10662742,nm0201927
tt10662742,nm10831796
tt10662744,nm0201927
tt10662744,nm10831796
tt10662746,nm0201927
tt10662746,nm10831796
tt10662748,nm0201927
tt10662748,nm10831796
tt10662750,nm0201927
tt10662750,nm10831796
tt10662752,nm0201927
tt10662752,nm10831796
tt10662754,nm0201927
tt10662754,nm10831796
tt10662756,nm0201927
tt10662756,nm10831796
tt10662758,nm0201927
tt10662758,nm10831796
tt10662760,nm0201927
tt10662760,nm10831796
tt10662762,nm0201927
tt10662762,nm10831796
tt10662764,nm1319719
tt10662766,nm0201927
tt10662766,nm10831796
tt10662770,nm0201927
tt10662770,nm10831796
tt10662772,nm0201927
tt10662772,nm10831796
tt10662774,nm0201927
tt10662774,nm10831796
tt10662778,nm0201927
tt10662778,nm10831796
tt10662780,nm0201927
tt10662780,nm10831796
tt10662784,nm0201927
tt10662784,nm10831796
tt10662786,nm0201927
tt10662786,nm10831796
tt10662788,nm0201927
tt10662788,nm10831796
tt10662790,nm0201927
tt10662790,nm10831796
tt10662792,nm0201927
tt10662792,nm10831796
tt10662796,nm0201927
tt10662796,nm10831796
tt10662798,nm0201927
tt10662798,nm10831796
tt10662800,nm0201927
tt10662800,nm10831796
tt10662802,nm0201927
tt10662802,nm10831796
tt10662806,nm0201927
tt10662806,nm10831796
tt10662808,nm0201927
tt10662808,nm10831796
tt10662810,nm0201927
tt10662810,nm10831796
tt10662812,nm0201927
tt10662812,nm10831796
tt10662814,nm0201927
tt10662814,nm10831796
tt10662816,nm0201927
tt10662816,nm10831796
tt10662818,nm0201927
tt10662818,nm10831796
tt10662822,nm0201927
tt10662822,nm10831796
tt10662824,nm0201927
tt10662824,nm10831796
tt10662826,nm0201927
tt10662826,nm10831796
tt10662828,nm0201927
tt10662828,nm10831796
tt10662830,nm0201927
tt10662830,nm10831796
tt10662832,nm0201927
tt10662832,nm10831796
tt10662834,nm0201927
tt10662834,nm10831796
tt10662836,nm0201927
tt10662836,nm10831796
tt10662840,nm0201927
tt10662840,nm10831796
tt10662842,nm0201927
tt10662842,nm10831796
tt10662844,nm0201927
tt10662844,nm10831796
tt10662846,nm0201927
tt10662846,nm10831796
tt10662848,nm0201927
tt10662848,nm10831796
tt10662850,nm0201927
tt10662850,nm10831796
tt10662852,nm0201927
tt10662852,nm10831796
tt10662854,nm0201927
tt10662854,nm10831796
tt10662856,nm0201927
tt10662856,nm10831796
tt10662858,nm0201927
tt10662858,nm10831796
tt10662860,nm0201927
tt10662860,nm10831796
tt10662862,nm0201927
tt10662862,nm10831796
tt10662866,nm0201927
tt10662866,nm10831796
tt10662868,nm0201927
tt10662868,nm10831796
tt10662870,nm0201927
tt10662870,nm10831796
tt10662872,nm0201927
tt10662872,nm10831796
tt10662874,nm0201927
tt10662874,nm10831796
tt10662986,nm2033794
tt10663070,nm1422152
tt10663070,nm4441150
tt10663070,nm7512315
tt10663072,nm1422152
tt10663072,nm4441150
tt10663072,nm7512315
tt10663074,nm1422152
tt10663074,nm4441150
tt10663074,nm7512315
tt10663076,nm1422152
tt10663076,nm4441150
tt10663076,nm7512315
tt10663078,nm1422152
tt10663078,nm4441150
tt10663078,nm7512315
tt10663080,nm1422152
tt10663080,nm4441150
tt10663080,nm7512315
tt10663082,nm1422152
tt10663082,nm4441150
tt10663082,nm7512315
tt10663084,nm1422152
tt10663084,nm4441150
tt10663084,nm7512315
tt10663086,nm1422152
tt10663086,nm4441150
tt10663086,nm7512315
tt10663088,nm1422152
tt10663088,nm4441150
tt10663088,nm7512315
tt10663090,nm1422152
tt10663090,nm4441150
tt10663090,nm7512315
tt10663092,nm1422152
tt10663092,nm4441150
tt10663092,nm7512315
tt10663094,nm1422152
tt10663094,nm4441150
tt10663094,nm7512315
tt10663096,nm1422152
tt10663096,nm4441150
tt10663096,nm7512315
tt10663098,nm1422152
tt10663098,nm4441150
tt10663098,nm7512315
tt10663100,nm2033794
tt10663150,nm9957695
tt10663152,nm9957695
tt10663154,nm9957695
tt10663156,nm9957695
tt10663158,nm9957695
tt10663160,nm9957695
tt10663162,nm9957695
tt10663164,nm9957695
tt10663168,nm9957695
tt10663170,nm9957695
tt10663174,nm9957695
tt10663176,nm9957695
tt10663178,nm9957695
tt10663180,nm9957695
tt10663182,nm9957695
tt10663184,nm9957695
tt10663186,nm9957695
tt10663188,nm9957695
tt10663190,nm9957695
tt10663192,nm9957695
tt10663194,nm9957695
tt10663196,nm9957695
tt10663198,nm9957695
tt10663200,nm9957695
tt10663202,nm9957695
tt10663204,nm9957695
tt10663206,nm9957695
tt10663208,nm9957695
tt10663210,nm9957695
tt10663214,nm9957695
tt10663216,nm9957695
tt10663218,nm9957695
tt10663220,nm9957695
tt10663222,nm9957695
tt10663224,nm9957695
tt10663226,nm9957695
tt10663228,nm9957695
tt10663230,nm9957695
tt10663232,nm9957695
tt10663234,nm9957695
tt10663238,nm9957695
tt10663240,nm9957695
tt10663242,nm9957695
tt10663244,nm9957695
tt10663246,nm9957695
tt10663248,nm9957695
tt10663250,nm9957695
tt10663252,nm9957695
tt10663254,nm9957695
tt10663256,nm9957695
tt10663258,nm9957695
tt10663260,nm9957695
tt10663264,nm9957695
tt10663266,nm9957695
tt10663268,nm9957695
tt10663270,nm9957695
tt10663272,nm9957695
tt10663274,nm9957695
tt10663278,nm9957695
tt10663280,nm9957695
tt10663282,nm9957695
tt10663284,nm9957695
tt10663286,nm9957695
tt10663288,nm9957695
tt10663290,nm9957695
tt10663292,nm9957695
tt10663294,nm2033794
tt10663296,nm9957695
tt10663298,nm9957695
tt10663300,nm9957695
tt10663302,nm9957695
tt10663304,nm9957695
tt10663306,nm9957695
tt10663308,nm9957695
tt10663310,nm9957695
tt10663312,nm9957695
tt10663314,nm9957695
tt10663318,nm9957695
tt10663320,nm9957695
tt10663324,nm9957695
tt10663326,nm9957695
tt10663374,nm10812220
tt10663374,nm10812221
tt10663376,nm10812220
tt10663376,nm10812221
tt10663378,nm10812220
tt10663378,nm10812221
tt10663380,nm10812220
tt10663380,nm10812221
tt10663382,nm6768420
tt10663384,nm10812220
tt10663384,nm10812221
tt10663386,nm10812220
tt10663386,nm10812221
tt10663388,nm10812220
tt10663388,nm10812221
tt10663390,nm10812220
tt10663390,nm10812221
tt10663392,nm10812220
tt10663392,nm10812221
tt10663394,nm10812220
tt10663394,nm10812221
tt10663396,nm10812220
tt10663396,nm10812221
tt10663398,nm10812220
tt10663398,nm10812221
tt10663400,nm10812220
tt10663400,nm10812221
tt10663402,nm10812220
tt10663402,nm10812221
tt10663404,nm10812220
tt10663404,nm10812221
tt10663406,nm10812220
tt10663406,nm10812221
tt10663408,nm10812220
tt10663408,nm10812221
tt10663410,nm10812220
tt10663410,nm10812221
tt10663412,nm10812220
tt10663412,nm10812221
tt10663474,nm9829784
tt10663512,nm10812220
tt10663512,nm10812221
tt10663516,nm10812220
tt10663516,nm10812221
tt10663520,nm10812220
tt10663520,nm10812221
tt10663522,nm10812220
tt10663522,nm10812221
tt10663526,nm9829784
tt10663528,nm10812220
tt10663528,nm10812221
tt10663530,nm10812220
tt10663530,nm10812221
tt10663532,nm10812220
tt10663532,nm10812221
tt10663534,nm2033794
tt10663536,nm10812220
tt10663536,nm10812221
tt10663538,nm10812220
tt10663538,nm10812221
tt10663540,nm10812220
tt10663540,nm10812221
tt10663542,nm10812220
tt10663542,nm10812221
tt10663544,nm10812220
tt10663544,nm10812221
tt10663546,nm10812220
tt10663546,nm10812221
tt10663548,nm10812220
tt10663548,nm10812221
tt10663554,nm10812220
tt10663554,nm10812221
tt10663558,nm10812220
tt10663558,nm10812221
tt10663560,nm10812220
tt10663560,nm10812221
tt10663564,nm10812220
tt10663564,nm10812221
tt10663566,nm6768412
tt10663568,nm10812220
tt10663568,nm10812221
tt10663574,nm10812220
tt10663574,nm10812221
tt10663578,nm10812220
tt10663578,nm10812221
tt10663580,nm10812220
tt10663580,nm10812221
tt10663582,nm10812220
tt10663582,nm10812221
tt10663586,nm10812220
tt10663586,nm10812221
tt10663590,nm10812220
tt10663590,nm10812221
tt10663592,nm10812220
tt10663592,nm10812221
tt10663596,nm10812220
tt10663596,nm10812221
tt10663598,nm10812220
tt10663598,nm10812221
tt10663618,nm5374880
tt10663638,nm8449047
tt10663682,nm3443746
tt10663692,nm1319719
tt10663754,nm9891925
tt10663756,nm9891925
tt10663758,nm9891925
tt10663760,nm9891925
tt10663762,nm9891925
tt10663766,nm9891925
tt10663770,nm9891925
tt10663772,nm9891925
tt10663774,nm9891925
tt10663782,nm9891925
tt10663786,nm9891925
tt10663790,nm9891925
tt10663792,nm9891925
tt10663796,nm9891925
tt10663798,nm9891925
tt10663802,nm9891925
tt10663806,nm9891925
tt10663808,nm9891925
tt10663810,nm7041661
tt10663812,nm9891925
tt10663814,nm9891925
tt10663822,nm9891925
tt10663824,nm9891925
tt10663826,nm9891925
tt10663832,nm9891925
tt10663834,nm9891925
tt10663838,nm9891925
tt10663840,nm9891925
tt10663842,nm9891925
tt10663844,nm9891925
tt10663846,nm9891925
tt10663848,nm9891925
tt10663850,nm9891925
tt10663856,nm9891925
tt10663858,nm9891925
tt10663860,nm9891925
tt10663862,nm9891925
tt10663864,nm9891925
tt10663866,nm9891925
tt10663872,nm9891925
tt10663876,nm9891925
tt10663886,nm9891925
tt10663888,nm3443746
tt10663892,nm9891925
tt10663896,nm9891925
tt10663898,nm9891925
tt10663900,nm9891925
tt10663902,nm9891925
tt10663904,nm9891925
tt10663906,nm9891925
tt10663910,nm9891925
tt10663912,nm9891925
tt10663914,nm9891925
tt10663918,nm9891925
tt10663920,nm9891925
tt10663922,nm9891925
tt10663924,nm9891925
tt10663926,nm9891925
tt10663928,nm9891925
tt10663930,nm9891925
tt10663932,nm9891925
tt10663934,nm9891925
tt10663938,nm9891925
tt10663940,nm9891925
tt10663944,nm9891925
tt10663946,nm9891925
tt10663948,nm9891925
tt10663950,nm9891925
tt10663952,nm9891925
tt10663956,nm9891925
tt10663958,nm9891925
tt10663962,nm9891925
tt10663964,nm9891925
tt10663966,nm9891925
tt10663970,nm9891925
tt10663972,nm9891925
tt10663974,nm9891925
tt10663976,nm9891925
tt10663978,nm3443746
tt10663980,nm9891925
tt10663982,nm9891925
tt10663984,nm9891925
tt10663986,nm9891925
tt10664038,nm3443746
tt10664094,nm6995584
tt10664214,nm10848723
tt10664248,nm9857185
tt10664298,nm0475495
tt10664300,nm0475495
tt10664302,nm0475495
tt10664306,nm0475495
tt10664308,nm0475495
tt10664310,nm0475495
tt10664312,nm0475495
tt10664316,nm0475495
tt10664324,nm0475495
tt10664328,nm0475495
tt10664334,nm0475495
tt10664336,nm0475495
tt10664338,nm0475495
tt10664340,nm0475495
tt10664342,nm0475495
tt10664344,nm0475495
tt10664346,nm0475495
tt10664348,nm0475495
tt10664352,nm0475495
tt10664354,nm0475495
tt10664360,nm0475495
tt10664362,nm0475495
tt10664364,nm0475495
tt10664366,nm0475495
tt10664370,nm0475495
tt10664372,nm0475495
tt10664374,nm0475495
tt10664376,nm0475495
tt10664378,nm0475495
tt10664380,nm0475495
tt10664384,nm0475495
tt10664386,nm0475495
tt10664388,nm0475495
tt10664390,nm3443746
tt10664392,nm0475495
tt10664394,nm0475495
tt10664398,nm0475495
tt10664404,nm0475495
tt10664406,nm0475495
tt10664410,nm0475495
tt10664416,nm0475495
tt10664422,nm0475495
tt10664426,nm0475495
tt10664430,nm0475495
tt10664432,nm0475495
tt10664434,nm0475495
tt10664436,nm0475495
tt10664438,nm0475495
tt10664440,nm0475495
tt10664442,nm0475495
tt10664444,nm0475495
tt10664446,nm0475495
tt10664448,nm0475495
tt10664450,nm0475495
tt10664452,nm0475495
tt10664454,nm0475495
tt10664456,nm0475495
tt10664458,nm0475495
tt10664462,nm0475495
tt10664464,nm0475495
tt10664466,nm0475495
tt10664476,nm3443746
tt10664526,nm10848800
tt10664558,nm5814958
tt10664562,nm3443746
tt10664652,nm0201927
tt10664652,nm10831796
tt10664654,nm0201927
tt10664654,nm10831796
tt10664656,nm0201927
tt10664656,nm10831796
tt10664658,nm0201927
tt10664658,nm10831796
tt10664660,nm0201927
tt10664660,nm10831796
tt10664662,nm0201927
tt10664662,nm10831796
tt10664664,nm0201927
tt10664664,nm10831796
tt10664666,nm0201927
tt10664666,nm10831796
tt10664668,nm0201927
tt10664668,nm10831796
tt10664670,nm0201927
tt10664670,nm10831796
tt10664672,nm0201927
tt10664672,nm10831796
tt10664674,nm0201927
tt10664674,nm10831796
tt10664676,nm0201927
tt10664676,nm10831796
tt10664680,nm0201927
tt10664680,nm10831796
tt10664684,nm0201927
tt10664684,nm10831796
tt10664686,nm0201927
tt10664686,nm10831796
tt10664688,nm0201927
tt10664688,nm10831796
tt10664692,nm0201927
tt10664692,nm10831796
tt10664694,nm0201927
tt10664694,nm10831796
tt10664696,nm0201927
tt10664696,nm10831796
tt10664754,nm9119160
tt10664824,nm0177248
tt10664906,nm0177248
tt10664974,nm0177248
tt10665026,nm2348678
tt10665032,nm2823875
tt10665032,nm9409590
tt10665032,nm9409594
tt10665038,nm2348678
tt10665048,nm0177248
tt10665056,nm2348678
tt10665068,nm2348678
tt10665080,nm2348678
tt10665088,nm2348678
tt10665112,nm2190680
tt10665114,nm5445129
tt10665114,nm5719659
tt10665118,nm0177248
tt10665118,nm7518944
tt10665136,nm8208093
tt10665142,nm7518944
tt10665148,nm7518944
tt10665166,nm6253805
tt10665172,nm0177248
tt10665172,nm7518944
tt10665176,nm10650729
tt10665178,nm2348678
tt10665178,nm7518944
tt10665188,nm7518944
tt10665200,nm2348678
tt10665200,nm7518944
tt10665204,nm2348678
tt10665216,nm0177248
tt10665216,nm7518944
tt10665244,nm7518944
tt10665368,nm8613665
tt10665374,nm2158670
tt10665390,nm7654246
tt10665412,nm2763322
tt10665434,nm9657854
tt10665480,nm4676213
tt10665482,nm9894652
tt10665514,nm8660925
tt10665524,nm8660925
tt10665538,nm2158670
tt10665540,nm2158670
tt10665542,nm2158670
tt10665546,nm2158670
tt10665550,nm2158670
tt10665552,nm2158670
tt10665556,nm2158670
tt10665558,nm2158670
tt10665562,nm8660925
tt10665564,nm2158670
tt10665568,nm2158670
tt10665570,nm2158670
tt10665572,nm2158670
tt10665576,nm8660925
tt10665588,nm0261852
tt10665594,nm8660925
tt10665604,nm8660925
tt10665614,nm8660925
tt10665694,nm8660925
tt10665712,nm9894652
tt10665730,nm1935782
tt10665730,nm9894652
tt10665738,nm10844966
tt10665740,nm9894652
tt10665746,nm8722641
tt10665748,nm2562982
tt10665750,nm9894652
tt10665758,nm9894652
tt10665764,nm9894652
tt10665774,nm9894652
tt10665780,nm3244378
tt10665788,nm6949399
tt10665810,nm10441288
tt10665948,nm10849415
tt10666026,nm10849447
tt10666026,nm10849448
tt10666030,nm8660925
tt10666106,nm2348678
tt10666110,nm0177248
tt10666122,nm2348678
tt10666134,nm2348678
tt10666140,nm0177248
tt10666140,nm2348678
tt10666150,nm0177248
tt10666150,nm2348678
tt10666156,nm2348678
tt10666166,nm2348678
tt10666168,nm2348678
tt10666176,nm0177248
tt10666176,nm2348678
tt10666188,nm11449121
tt10666188,nm2348678
tt10666192,nm0177248
tt10666192,nm7518944
tt10666196,nm0177248
tt10666200,nm7518944
tt10666206,nm0177248
tt10666206,nm2348678
tt10666208,nm2348678
tt10666212,nm8867738
tt10666216,nm0177248
tt10666216,nm7518944
tt10666238,nm0177248
tt10666238,nm2348678
tt10666246,nm2348678
tt10666248,nm2348678
tt10666254,nm8786523
tt10666272,nm9882090
tt10666340,nm1038162
tt10666352,nm10827616
tt10666370,nm8656639
tt10666406,nm1538187
tt10666438,nm0055437
tt10666438,nm1954831
tt10666450,nm10849978
tt10666464,nm2088529
tt10666470,nm7530631
tt10666496,nm6108603
tt10666534,nm10968716
tt10666542,nm7481798
tt10666546,nm3513725
tt10666574,nm10859949
tt10666574,nm9451187
tt10666574,nm9451188
tt10666600,nm2618365
tt10666606,nm6536280
tt10666610,nm6536280
tt10666628,nm6536280
tt10666634,nm10796522
tt10666640,nm4909417
tt10666650,nm10493129
tt10666652,nm4909417
tt10666654,nm10020365
tt10666654,nm5609974
tt10666668,nm4909417
tt10666692,nm10493129
tt10666710,nm9039986
tt10666768,nm9194734
tt10666774,nm0132108
tt10666776,nm6949399
tt10666778,nm6949399
tt10666780,nm6949399
tt10666782,nm6949399
tt10666784,nm6949399
tt10666786,nm6949399
tt10666788,nm6949399
tt10666840,nm10970203
tt10666840,nm1341562
tt10666840,nm1628279
tt10666840,nm1836988
tt10666840,nm2433964
tt10666840,nm2473172
tt10666882,nm14509239
tt10666884,nm14509239
tt10666886,nm14509239
tt10666888,nm14509239
tt10666890,nm14509239
tt10666930,nm9834066
tt10666936,nm4798038
tt10666990,nm6970908
tt10666992,nm10850522
tt10667000,nm9834066
tt10667140,nm6970908
tt10667274,nm6288123
tt10667310,nm3708830
tt10667338,nm4798038
tt10667572,nm1836988
tt10667632,nm0201927
tt10667632,nm10831796
tt10667634,nm0201927
tt10667634,nm10831796
tt10667636,nm0201927
tt10667636,nm10831796
tt10667638,nm0201927
tt10667638,nm10831796
tt10667640,nm0201927
tt10667640,nm10831796
tt10667642,nm0201927
tt10667642,nm10831796
tt10667644,nm0201927
tt10667644,nm10831796
tt10667646,nm0201927
tt10667646,nm10831796
tt10667648,nm0201927
tt10667648,nm10831796
tt10667650,nm0201927
tt10667650,nm10831796
tt10667652,nm0201927
tt10667652,nm10831796
tt10667654,nm0201927
tt10667654,nm10831796
tt10667656,nm0201927
tt10667656,nm10831796
tt10667658,nm0201927
tt10667658,nm10831796
tt10667660,nm0201927
tt10667660,nm10831796
tt10667662,nm0201927
tt10667662,nm10831796
tt10667664,nm0201927
tt10667664,nm10831796
tt10667666,nm0201927
tt10667666,nm10831796
tt10667668,nm0201927
tt10667668,nm10831796
tt10667670,nm0201927
tt10667670,nm10831796
tt10667726,nm10970203
tt10667770,nm10850837
tt10667806,nm0475495
tt10667808,nm0475495
tt10667810,nm0475495
tt10667812,nm0475495
tt10667814,nm0475495
tt10667816,nm0475495
tt10667818,nm0475495
tt10667820,nm0475495
tt10667822,nm1836988
tt10667824,nm0475495
tt10667826,nm0475495
tt10667828,nm0475495
tt10667830,nm0475495
tt10667832,nm0475495
tt10667834,nm0475495
tt10667836,nm0475495
tt10667838,nm0475495
tt10667840,nm0475495
tt10667842,nm0475495
tt10667844,nm0475495
tt10667846,nm0475495
tt10667848,nm0475495
tt10667850,nm0475495
tt10667852,nm0475495
tt10667854,nm0475495
tt10667856,nm0475495
tt10667858,nm0475495
tt10667860,nm0475495
tt10667862,nm0475495
tt10667864,nm0475495
tt10667866,nm0475495
tt10667868,nm0475495
tt10667870,nm0475495
tt10667872,nm0475495
tt10667874,nm0475495
tt10667876,nm0475495
tt10667878,nm0475495
tt10667880,nm0475495
tt10667882,nm0475495
tt10667884,nm0475495
tt10667888,nm0475495
tt10667890,nm0475495
tt10667894,nm0475495
tt10667896,nm0475495
tt10667898,nm0475495
tt10667900,nm0475495
tt10667902,nm0475495
tt10667904,nm0475495
tt10667906,nm0475495
tt10667908,nm0475495
tt10667910,nm0475495
tt10667912,nm0475495
tt10667914,nm0475495
tt10667916,nm0475495
tt10667918,nm0475495
tt10667920,nm0475495
tt10667922,nm0475495
tt10667924,nm0475495
tt10667926,nm0475495
tt10667928,nm0475495
tt10667932,nm0475495
tt10668182,nm9891925
tt10668184,nm9891925
tt10668186,nm9891925
tt10668188,nm9891925
tt10668190,nm9891925
tt10668192,nm9891925
tt10668194,nm9891925
tt10668196,nm9891925
tt10668198,nm9891925
tt10668200,nm9891925
tt10668202,nm9891925
tt10668204,nm9891925
tt10668206,nm9891925
tt10668208,nm9891925
tt10668210,nm9891925
tt10668212,nm9891925
tt10668214,nm9891925
tt10668216,nm9891925
tt10668218,nm9891925
tt10668220,nm9891925
tt10668222,nm9891925
tt10668224,nm9891925
tt10668226,nm9891925
tt10668230,nm9891925
tt10668232,nm9891925
tt10668234,nm9891925
tt10668236,nm9891925
tt10668238,nm9891925
tt10668240,nm9891925
tt10668242,nm9891925
tt10668244,nm9891925
tt10668246,nm9891925
tt10668248,nm9891925
tt10668250,nm9891925
tt10668252,nm9891925
tt10668256,nm9891925
tt10668260,nm9891925
tt10668262,nm9891925
tt10668264,nm9891925
tt10668266,nm9891925
tt10668268,nm9891925
tt10668270,nm9891925
tt10668272,nm9891925
tt10668274,nm10850898
tt10668276,nm9891925
tt10668278,nm9891925
tt10668280,nm9891925
tt10668282,nm9891925
tt10668284,nm9891925
tt10668286,nm9891925
tt10668288,nm9891925
tt10668290,nm9891925
tt10668292,nm9891925
tt10668294,nm9891925
tt10668296,nm9891925
tt10668298,nm9891925
tt10668300,nm9891925
tt10668304,nm9891925
tt10668306,nm9891925
tt10668308,nm9891925
tt10668310,nm9891925
tt10668314,nm9891925
tt10668316,nm9891925
tt10668318,nm9891925
tt10668320,nm9891925
tt10668322,nm9891925
tt10668324,nm9891925
tt10668326,nm9891925
tt10668328,nm9891925
tt10668330,nm9891925
tt10668332,nm9891925
tt10668334,nm9891925
tt10668336,nm9891925
tt10668338,nm9891925
tt10668340,nm9891925
tt10668342,nm9891925
tt10668344,nm9891925
tt10668346,nm9891925
tt10668348,nm9891925
tt10668350,nm9891925
tt10668352,nm9891925
tt10668354,nm9891925
tt10668360,nm9891925
tt10668362,nm9891925
tt10668514,nm9957695
tt10668520,nm9957695
tt10668522,nm9957695
tt10668524,nm9957695
tt10668526,nm9957695
tt10668530,nm9957695
tt10668532,nm9957695
tt10668534,nm9957695
tt10668536,nm9957695
tt10668538,nm9957695
tt10668542,nm9957695
tt10668544,nm9957695
tt10668546,nm9957695
tt10668548,nm9957695
tt10668550,nm9957695
tt10668552,nm9957695
tt10668554,nm9957695
tt10668556,nm9957695
tt10668558,nm9957695
tt10668560,nm9957695
tt10668568,nm9957695
tt10668570,nm9957695
tt10668572,nm9957695
tt10668574,nm9957695
tt10668576,nm9957695
tt10668578,nm9957695
tt10668584,nm9957695
tt10668586,nm9957695
tt10668588,nm9957695
tt10668590,nm9957695
tt10668592,nm9957695
tt10668594,nm9957695
tt10668596,nm9957695
tt10668598,nm9957695
tt10668600,nm9957695
tt10668602,nm9957695
tt10668604,nm9957695
tt10668608,nm9957695
tt10668610,nm9957695
tt10668612,nm9957695
tt10668616,nm9957695
tt10668618,nm9957695
tt10668620,nm9957695
tt10668622,nm9957695
tt10668624,nm9957695
tt10668626,nm9957695
tt10668628,nm9957695
tt10668632,nm9957695
tt10668634,nm9957695
tt10668636,nm9957695
tt10668638,nm9957695
tt10668640,nm9957695
tt10668642,nm9957695
tt10668644,nm9957695
tt10668646,nm9957695
tt10668648,nm9957695
tt10668652,nm9957695
tt10668654,nm9957695
tt10668656,nm9957695
tt10668658,nm9957695
tt10668690,nm9957695
tt10668694,nm9957695
tt10668696,nm9957695
tt10668700,nm9957695
tt10668702,nm9957695
tt10668706,nm9957695
tt10668708,nm9957695
tt10668710,nm9957695
tt10668712,nm9957695
tt10668714,nm9957695
tt10668716,nm9957695
tt10668720,nm9957695
tt10668722,nm9957695
tt10668724,nm9957695
tt10668726,nm9957695
tt10668728,nm9957695
tt10668730,nm9957695
tt10668732,nm9957695
tt10668734,nm9957695
tt10668738,nm9957695
tt10668766,nm1863527
tt10668834,nm5082788
tt10668836,nm5082788
tt10668838,nm5082788
tt10668840,nm5082788
tt10668842,nm5082788
tt10668844,nm5082788
tt10668846,nm5082788
tt10668848,nm5082788
tt10668850,nm5082788
tt10668852,nm5082788
tt10668998,nm0201927
tt10668998,nm10831796
tt10669000,nm0201927
tt10669000,nm10831796
tt10669002,nm0201927
tt10669002,nm10831796
tt10669004,nm0201927
tt10669004,nm10831796
tt10669006,nm2535570
tt10669008,nm0201927
tt10669008,nm10831796
tt10669010,nm0201927
tt10669010,nm10831796
tt10669012,nm0201927
tt10669012,nm10831796
tt10669014,nm0201927
tt10669014,nm10831796
tt10669016,nm0201927
tt10669016,nm10831796
tt10669018,nm0201927
tt10669018,nm10831796
tt10669020,nm0201927
tt10669020,nm10831796
tt10669024,nm0201927
tt10669024,nm10831796
tt10669026,nm0201927
tt10669026,nm10831796
tt10669028,nm0201927
tt10669028,nm10831796
tt10669030,nm0201927
tt10669030,nm10831796
tt10669032,nm0201927
tt10669032,nm10831796
tt10669034,nm0201927
tt10669034,nm10831796
tt10669036,nm0201927
tt10669036,nm10831796
tt10669038,nm0201927
tt10669038,nm10831796
tt10669040,nm0201927
tt10669040,nm10831796
tt10669042,nm2421666
tt10669048,nm9882090
tt10669078,nm0201927
tt10669078,nm10831796
tt10669080,nm0201927
tt10669080,nm10831796
tt10669088,nm0201927
tt10669088,nm10831796
tt10669090,nm0201927
tt10669090,nm10831796
tt10669092,nm0201927
tt10669092,nm10831796
tt10669094,nm0201927
tt10669094,nm10831796
tt10669100,nm0201927
tt10669100,nm10831796
tt10669102,nm0201927
tt10669102,nm10831796
tt10669104,nm0201927
tt10669104,nm10831796
tt10669106,nm0201927
tt10669106,nm10831796
tt10669108,nm0201927
tt10669108,nm10831796
tt10669110,nm0201927
tt10669110,nm10831796
tt10669112,nm0201927
tt10669112,nm10831796
tt10669114,nm0201927
tt10669114,nm10831796
tt10669120,nm0201927
tt10669120,nm10831796
tt10669122,nm0201927
tt10669122,nm10831796
tt10669124,nm0201927
tt10669124,nm10831796
tt10669126,nm0201927
tt10669126,nm10831796
tt10669128,nm0201927
tt10669128,nm10831796
tt10669130,nm0201927
tt10669130,nm10831796
tt10669142,nm0201927
tt10669142,nm10831796
tt10669144,nm0201927
tt10669144,nm10831796
tt10669146,nm0201927
tt10669146,nm10831796
tt10669150,nm0201927
tt10669150,nm10831796
tt10669156,nm0201927
tt10669156,nm10831796
tt10669158,nm0201927
tt10669158,nm10831796
tt10669160,nm0201927
tt10669160,nm10831796
tt10669162,nm0201927
tt10669162,nm10831796
tt10669164,nm0201927
tt10669164,nm10831796
tt10669166,nm0201927
tt10669166,nm10831796
tt10669168,nm0201927
tt10669168,nm10831796
tt10669170,nm0201927
tt10669170,nm10831796
tt10669172,nm0201927
tt10669172,nm10831796
tt10669174,nm0201927
tt10669174,nm10831796
tt10669176,nm0201927
tt10669176,nm10831796
tt10669178,nm0201927
tt10669178,nm10831796
tt10669182,nm0201927
tt10669182,nm10831796
tt10669184,nm0201927
tt10669184,nm10831796
tt10669186,nm0201927
tt10669186,nm10831796
tt10669188,nm0201927
tt10669188,nm10831796
tt10669200,nm9882090
tt10669472,nm1735334
tt10669472,nm2318171
tt10669474,nm1735334
tt10669474,nm2318171
tt10669476,nm1735334
tt10669476,nm2318171
tt10669478,nm1735334
tt10669478,nm2318171
tt10669480,nm1735334
tt10669480,nm2318171
tt10669482,nm1735334
tt10669482,nm2318171
tt10669484,nm1735334
tt10669484,nm2318171
tt10669486,nm1735334
tt10669486,nm2318171
tt10669488,nm1735334
tt10669488,nm2318171
tt10669586,nm2348678
tt10669600,nm4798038
tt10669612,nm2348678
tt10669618,nm10851152
tt10669624,nm2348678
tt10669632,nm0177248
tt10669632,nm2348678
tt10669638,nm2348678
tt10669640,nm7518944
tt10669648,nm2348678
tt10669650,nm2348678
tt10669666,nm2348678
tt10669680,nm7518944
tt10669686,nm2348678
tt10669690,nm2348678
tt10669690,nm7518944
tt10669706,nm0177248
tt10669706,nm2348678
tt10669708,nm0177248
tt10669708,nm2348678
tt10669716,nm2348678
tt10669718,nm7518944
tt10669724,nm2348678
tt10669732,nm0177248
tt10669736,nm7518944
tt10669740,nm2348678
tt10669782,nm2535570
tt10669798,nm2535570
tt10669800,nm0608296
tt10669800,nm0892452
tt10669816,nm6654699
tt10669826,nm1491419
tt10669830,nm8786523
tt10669840,nm8786523
tt10669846,nm8786523
tt10669848,nm0284659
tt10669848,nm1856834
tt10669852,nm8786523
tt10669858,nm8786523
tt10669862,nm8786523
tt10669864,nm8491328
tt10669866,nm8786523
tt10669886,nm8786523
tt10669890,nm9451187
tt10669892,nm8786523
tt10669896,nm8786523
tt10669898,nm10851435
tt10669924,nm1491419
tt10669954,nm4841919
tt10669954,nm5364888
tt10669970,nm1375928
tt10669986,nm1375928
tt10669996,nm7518944
tt10670012,nm0284659
tt10670012,nm1856834
tt10670016,nm0284659
tt10670016,nm1856834
tt10670020,nm0284659
tt10670020,nm1856834
tt10670026,nm0284659
tt10670026,nm1856834
tt10670034,nm0177248
tt10670034,nm7518944
tt10670036,nm0284659
tt10670036,nm1856834
tt10670040,nm0284659
tt10670040,nm1856834
tt10670042,nm0284659
tt10670042,nm1856834
tt10670044,nm0284659
tt10670044,nm1856834
tt10670046,nm0284659
tt10670046,nm1856834
tt10670048,nm0284659
tt10670048,nm1856834
tt10670050,nm0284659
tt10670050,nm1856834
tt10670052,nm0177248
tt10670052,nm7518944
tt10670054,nm0284659
tt10670054,nm1856834
tt10670056,nm0284659
tt10670056,nm1856834
tt10670060,nm0284659
tt10670060,nm1856834
tt10670062,nm0284659
tt10670062,nm1856834
tt10670064,nm0284659
tt10670064,nm1856834
tt10670066,nm0284659
tt10670066,nm1856834
tt10670068,nm0284659
tt10670068,nm1856834
tt10670070,nm0284659
tt10670070,nm1856834
tt10670078,nm0177248
tt10670078,nm7518944
tt10670082,nm7518944
tt10670100,nm0177248
tt10670104,nm0177248
tt10670104,nm2348678
tt10670108,nm2348678
tt10670108,nm7518944
tt10670122,nm7518944
tt10670130,nm0177248
tt10670144,nm2348678
tt10670150,nm2348678
tt10670158,nm2348678
tt10670162,nm2348678
tt10670170,nm0177248
tt10670170,nm2348678
tt10670172,nm2348678
tt10670176,nm0177248
tt10670176,nm2348678
tt10670186,nm2535570
tt10670196,nm2348678
tt10670202,nm0177248
tt10670202,nm2348678
tt10670210,nm2348678
tt10670222,nm2535570
tt10670258,nm2535570
tt10670272,nm8786523
tt10670280,nm2535570
tt10670284,nm8786523
tt10670294,nm8786523
tt10670298,nm8786523
tt10670300,nm2535570
tt10670312,nm7823600
tt10670358,nm3150437
tt10670458,nm8116813
tt10670468,nm5019916
tt10670478,nm10774409
tt10670478,nm10774410
tt10670572,nm1823723
tt10670592,nm0248444
tt10670598,nm10851985
tt10670660,nm6088196
tt10670662,nm10849475
tt10670684,nm10849475
tt10670700,nm10374390
tt10670700,nm6168641
tt10670700,nm6168642
tt10670702,nm10852061
tt10670704,nm1659799
tt10670732,nm9591792
tt10670890,nm0478418
tt10670956,nm4668541
tt10670956,nm8649136
tt10671130,nm10852308
tt10671130,nm10852310
tt10671166,nm9041512
tt10671188,nm7719167
tt10671194,nm9451187
tt10671326,nm0079489
tt10671326,nm0087552
tt10671490,nm5723004
tt10671500,nm3119906
tt10671548,nm10821259
tt10671674,nm1109650
tt10671698,nm2967962
tt10671704,nm2690942
tt10671772,nm4355027
tt10671806,nm4285301
tt10671818,nm10590895
tt10672016,nm7872193
tt10672036,nm0201927
tt10672036,nm10831796
tt10672038,nm0201927
tt10672038,nm10831796
tt10672040,nm0201927
tt10672040,nm10831796
tt10672042,nm0201927
tt10672042,nm10831796
tt10672046,nm0201927
tt10672046,nm10831796
tt10672048,nm0201927
tt10672048,nm10831796
tt10672050,nm0201927
tt10672050,nm10831796
tt10672052,nm0201927
tt10672052,nm10831796
tt10672054,nm0201927
tt10672054,nm10831796
tt10672056,nm0201927
tt10672056,nm10831796
tt10672058,nm0201927
tt10672058,nm10831796
tt10672060,nm0201927
tt10672060,nm10831796
tt10672062,nm0201927
tt10672062,nm10831796
tt10672064,nm0201927
tt10672064,nm10831796
tt10672066,nm0201927
tt10672066,nm10831796
tt10672068,nm0201927
tt10672068,nm10831796
tt10672070,nm0201927
tt10672070,nm10831796
tt10672072,nm0201927
tt10672072,nm10831796
tt10672074,nm0201927
tt10672074,nm10831796
tt10672076,nm0201927
tt10672076,nm10831796
tt10672078,nm0201927
tt10672078,nm10831796
tt10672080,nm0201927
tt10672080,nm10831796
tt10672082,nm0201927
tt10672082,nm10831796
tt10672084,nm0201927
tt10672084,nm10831796
tt10672086,nm0201927
tt10672086,nm10831796
tt10672088,nm0201927
tt10672088,nm10831796
tt10672090,nm0201927
tt10672090,nm10831796
tt10672092,nm0201927
tt10672092,nm10831796
tt10672096,nm0201927
tt10672096,nm10831796
tt10672098,nm0201927
tt10672098,nm10831796
tt10672100,nm0201927
tt10672100,nm10831796
tt10672102,nm0201927
tt10672102,nm10831796
tt10672104,nm0201927
tt10672104,nm10831796
tt10672106,nm0201927
tt10672106,nm10831796
tt10672108,nm0201927
tt10672108,nm10831796
tt10672112,nm0201927
tt10672112,nm10831796
tt10672114,nm0201927
tt10672114,nm10831796
tt10672116,nm0201927
tt10672116,nm10831796
tt10672118,nm0201927
tt10672118,nm10831796
tt10672122,nm0201927
tt10672122,nm10831796
tt10672124,nm0201927
tt10672124,nm10831796
tt10672126,nm0201927
tt10672126,nm10831796
tt10672128,nm0201927
tt10672128,nm10831796
tt10672130,nm0201927
tt10672130,nm10831796
tt10672132,nm0201927
tt10672132,nm10831796
tt10672134,nm0201927
tt10672134,nm10831796
tt10672136,nm0201927
tt10672136,nm10831796
tt10672138,nm0201927
tt10672138,nm10831796
tt10672140,nm0201927
tt10672140,nm10831796
tt10672142,nm0201927
tt10672142,nm10831796
tt10672148,nm0201927
tt10672148,nm10831796
tt10672150,nm0201927
tt10672150,nm10831796
tt10672152,nm0201927
tt10672152,nm10831796
tt10672154,nm0201927
tt10672154,nm10831796
tt10672156,nm0201927
tt10672156,nm10831796
tt10672158,nm0201927
tt10672158,nm10831796
tt10672162,nm0201927
tt10672162,nm10831796
tt10672164,nm0201927
tt10672164,nm10831796
tt10672166,nm0201927
tt10672166,nm10831796
tt10672168,nm0201927
tt10672168,nm10831796
tt10672300,nm5082788
tt10672302,nm5082788
tt10672304,nm5082788
tt10672306,nm5082788
tt10672308,nm5082788
tt10672312,nm5082788
tt10672314,nm5082788
tt10672316,nm5082788
tt10672320,nm5082788
tt10672322,nm5082788
tt10672324,nm5082788
tt10672326,nm5082788
tt10672328,nm5082788
tt10672330,nm5082788
tt10672332,nm5082788
tt10672336,nm5082788
tt10672338,nm5082788
tt10672340,nm5082788
tt10672342,nm5082788
tt10672346,nm5082788
tt10672348,nm5082788
tt10672350,nm5082788
tt10672378,nm4285301
tt10672394,nm9957695
tt10672396,nm9957695
tt10672398,nm9957695
tt10672400,nm9957695
tt10672402,nm9957695
tt10672404,nm9957695
tt10672406,nm9957695
tt10672408,nm9957695
tt10672410,nm9957695
tt10672412,nm9957695
tt10672414,nm9957695
tt10672416,nm9957695
tt10672418,nm9957695
tt10672420,nm9957695
tt10672422,nm9957695
tt10672426,nm9957695
tt10672428,nm9957695
tt10672430,nm9957695
tt10672432,nm9957695
tt10672434,nm9957695
tt10672438,nm4285301
tt10672440,nm9957695
tt10672442,nm9957695
tt10672444,nm9957695
tt10672446,nm9957695
tt10672448,nm9957695
tt10672450,nm9957695
tt10672452,nm9957695
tt10672454,nm9957695
tt10672456,nm9957695
tt10672458,nm9957695
tt10672460,nm9957695
tt10672462,nm9957695
tt10672464,nm9957695
tt10672466,nm9957695
tt10672468,nm9957695
tt10672470,nm9957695
tt10672472,nm9957695
tt10672474,nm9957695
tt10672476,nm9957695
tt10672478,nm9957695
tt10672484,nm9957695
tt10672486,nm9957695
tt10672488,nm9957695
tt10672490,nm9957695
tt10672492,nm9957695
tt10672494,nm9957695
tt10672496,nm9957695
tt10672498,nm9957695
tt10672502,nm9957695
tt10672504,nm9957695
tt10672506,nm9957695
tt10672508,nm9957695
tt10672510,nm9957695
tt10672514,nm9957695
tt10672516,nm9957695
tt10672518,nm9957695
tt10672520,nm9957695
tt10672522,nm9957695
tt10672524,nm9957695
tt10672528,nm9957695
tt10672530,nm9957695
tt10672532,nm9957695
tt10672534,nm9957695
tt10672538,nm9957695
tt10672540,nm9957695
tt10672542,nm9957695
tt10672546,nm9957695
tt10672548,nm9957695
tt10672550,nm9957695
tt10672554,nm9957695
tt10672556,nm9957695
tt10672558,nm9957695
tt10672560,nm9957695
tt10672562,nm9957695
tt10672564,nm9957695
tt10672566,nm9957695
tt10672568,nm9957695
tt10672570,nm9957695
tt10672572,nm9957695
tt10672574,nm9957695
tt10672576,nm9957695
tt10672584,nm9957695
tt10672586,nm9957695
tt10672588,nm9957695
tt10672590,nm9957695
tt10672592,nm9957695
tt10672594,nm9957695
tt10672596,nm9957695
tt10672600,nm9957695
tt10672602,nm9957695
tt10672604,nm9957695
tt10672606,nm9957695
tt10672610,nm9957695
tt10672612,nm9957695
tt10672614,nm9957695
tt10672616,nm9957695
tt10672618,nm4285301
tt10672620,nm9957695
tt10672622,nm9957695
tt10672624,nm9957695
tt10672626,nm9957695
tt10672684,nm9891925
tt10672688,nm9891925
tt10672690,nm9891925
tt10672692,nm9891925
tt10672694,nm9891925
tt10672696,nm9891925
tt10672698,nm9891925
tt10672700,nm9891925
tt10672702,nm9891925
tt10672704,nm9891925
tt10672706,nm9891925
tt10672708,nm9891925
tt10672710,nm9891925
tt10672712,nm9891925
tt10672714,nm9891925
tt10672716,nm9891925
tt10672720,nm9891925
tt10672722,nm9891925
tt10672724,nm9891925
tt10672726,nm9891925
tt10672730,nm9891925
tt10672732,nm9891925
tt10672734,nm9891925
tt10672740,nm9891925
tt10672742,nm9891925
tt10672744,nm9891925
tt10672746,nm9891925
tt10672748,nm9891925
tt10672750,nm9891925
tt10672752,nm9891925
tt10672756,nm9891925
tt10672758,nm9891925
tt10672762,nm9891925
tt10672764,nm9891925
tt10672766,nm9891925
tt10672768,nm9891925
tt10672772,nm9891925
tt10672776,nm9891925
tt10672778,nm9891925
tt10672780,nm9891925
tt10672798,nm9891925
tt10672800,nm9891925
tt10672802,nm9891925
tt10672804,nm9891925
tt10672806,nm9891925
tt10672808,nm9891925
tt10672810,nm9891925
tt10672812,nm9891925
tt10672814,nm9891925
tt10672820,nm9891925
tt10672822,nm9891925
tt10672824,nm9891925
tt10672826,nm9891925
tt10672828,nm9891925
tt10672830,nm9891925
tt10672832,nm9891925
tt10672834,nm9891925
tt10672836,nm9891925
tt10672838,nm9891925
tt10672840,nm9891925
tt10672850,nm9891925
tt10672852,nm9891925
tt10672854,nm10050761
tt10672856,nm9891925
tt10672858,nm9891925
tt10672860,nm9891925
tt10672862,nm9891925
tt10672864,nm9891925
tt10672866,nm9891925
tt10672868,nm9891925
tt10672870,nm9891925
tt10672872,nm9891925
tt10672874,nm9891925
tt10672876,nm9891925
tt10672878,nm9891925
tt10672880,nm9891925
tt10672882,nm9891925
tt10672884,nm9891925
tt10673180,nm0475495
tt10673182,nm0475495
tt10673184,nm0475495
tt10673186,nm0475495
tt10673188,nm0475495
tt10673190,nm0475495
tt10673192,nm0475495
tt10673194,nm0475495
tt10673198,nm0475495
tt10673200,nm0475495
tt10673202,nm0475495
tt10673206,nm0475495
tt10673210,nm0475495
tt10673214,nm0475495
tt10673216,nm0475495
tt10673218,nm0475495
tt10673220,nm0475495
tt10673222,nm0475495
tt10673224,nm0475495
tt10673226,nm0475495
tt10673228,nm0475495
tt10673232,nm0475495
tt10673234,nm0475495
tt10673236,nm0475495
tt10673238,nm0475495
tt10673240,nm0475495
tt10673242,nm0475495
tt10673244,nm0475495
tt10673246,nm0475495
tt10673248,nm0475495
tt10673250,nm0475495
tt10673252,nm0475495
tt10673254,nm0475495
tt10673256,nm0475495
tt10673258,nm0475495
tt10673260,nm0475495
tt10673262,nm0475495
tt10673264,nm0475495
tt10673266,nm0475495
tt10673268,nm0475495
tt10673270,nm0475495
tt10673272,nm0475495
tt10673274,nm0475495
tt10673276,nm0475495
tt10673278,nm0475495
tt10673280,nm10852851
tt10673282,nm0475495
tt10673284,nm0475495
tt10673286,nm0475495
tt10673288,nm0475495
tt10673290,nm0475495
tt10673292,nm0475495
tt10673296,nm0475495
tt10673300,nm0475495
tt10673302,nm0475495
tt10673306,nm0475495
tt10673380,nm10828194
tt10673438,nm0201927
tt10673438,nm10831796
tt10673440,nm0201927
tt10673440,nm10831796
tt10673442,nm0201927
tt10673442,nm10831796
tt10673444,nm0201927
tt10673444,nm10831796
tt10673446,nm0201927
tt10673446,nm10831796
tt10673448,nm0201927
tt10673448,nm10831796
tt10673450,nm0201927
tt10673450,nm10831796
tt10673452,nm0201927
tt10673452,nm10831796
tt10673454,nm0201927
tt10673454,nm10831796
tt10673458,nm0201927
tt10673458,nm10831796
tt10673460,nm0201927
tt10673460,nm10831796
tt10673462,nm0201927
tt10673462,nm10831796
tt10673464,nm0201927
tt10673464,nm10831796
tt10673466,nm0201927
tt10673466,nm10831796
tt10673468,nm0201927
tt10673468,nm10831796
tt10673470,nm0211603
tt10673474,nm0201927
tt10673474,nm10831796
tt10673476,nm0201927
tt10673476,nm10831796
tt10673478,nm0201927
tt10673478,nm10831796
tt10673480,nm0201927
tt10673480,nm10831796
tt10673482,nm0201927
tt10673482,nm10831796
tt10673758,nm3662284
tt10673760,nm6174353
tt10673890,nm6058775
tt10673974,nm1491419
tt10673986,nm10849448
tt10674020,nm1491419
tt10674032,nm0155637
tt10674076,nm1491419
tt10674258,nm7518944
tt10674266,nm2348678
tt10674266,nm7518944
tt10674282,nm2348678
tt10674312,nm11449121
tt10674312,nm2348678
tt10674330,nm2348678
tt10674346,nm2348678
tt10674364,nm10123034
tt10674376,nm2348678
tt10674376,nm7518944
tt10674400,nm2348678
tt10674412,nm7518944
tt10674422,nm0177248
tt10674422,nm7518944
tt10674428,nm1694392
tt10674430,nm2348678
tt10674448,nm1694392
tt10674458,nm2348678
tt10674462,nm1694392
tt10674478,nm1694392
tt10674482,nm1694392
tt10674486,nm0177248
tt10674486,nm2348678
tt10674494,nm1694392
tt10674498,nm2348678
tt10674506,nm1694392
tt10674512,nm2348678
tt10674518,nm1694392
tt10674524,nm1694392
tt10674530,nm1694392
tt10674534,nm11449121
tt10674534,nm2348678
tt10674552,nm11449121
tt10674552,nm2348678
tt10674566,nm1694392
tt10674570,nm0177248
tt10674586,nm2854130
tt10674660,nm3350480
tt10674660,nm9303850
tt10674698,nm10853489
tt10674704,nm9451188
tt10674708,nm9954453
tt10674716,nm9378612
tt10674744,nm10853565
tt10674774,nm10853587
tt10674792,nm10145638
tt10674798,nm10145638
tt10674898,nm10774408
tt10674898,nm10774410
tt10674958,nm2283682
tt10674958,nm4606060
tt10675024,nm0000647
tt10675056,nm6460090
tt10675284,nm10853865
tt10675388,nm7949168
tt10675508,nm8707194
tt10675706,nm5149265
tt10675708,nm0107366
tt10675714,nm5149265
tt10675756,nm0575685
tt10675894,nm7651233
tt10675912,nm10844549
tt10675920,nm10854353
tt10675980,nm10854380
tt10675984,nm3773200
tt10675992,nm10854410
tt10675992,nm12102891
tt10676002,nm0478418
tt10676016,nm1004080
tt10676060,nm1004080
tt10676068,nm1004080
tt10676080,nm0703265
tt10676082,nm0478418
tt10676086,nm9451187
tt10676100,nm1004080
tt10676106,nm0639293
tt10676122,nm1004080
tt10676138,nm1004080
tt10676146,nm1004080
tt10676164,nm1004080
tt10676176,nm1004080
tt10676194,nm4355027
tt10676196,nm10854642
tt10676198,nm1004080
tt10676206,nm1459760
tt10676212,nm1004080
tt10676224,nm1004080
tt10676240,nm10949374
tt10676240,nm11030980
tt10676240,nm6970360
tt10676252,nm1459760
tt10676280,nm2885244
tt10676332,nm8517067
tt10676352,nm1459760
tt10676380,nm10949374
tt10676380,nm11030980
tt10676380,nm6970360
tt10676388,nm1459760
tt10676390,nm1004080
tt10676394,nm4295116
tt10676400,nm9834066
tt10676408,nm4295116
tt10676418,nm4295116
tt10676420,nm10949374
tt10676420,nm11030980
tt10676420,nm6970360
tt10676422,nm4295116
tt10676424,nm1004080
tt10676428,nm1459760
tt10676430,nm4295116
tt10676452,nm10949374
tt10676452,nm11030980
tt10676452,nm6970360
tt10676454,nm4295116
tt10676462,nm0132108
tt10676464,nm1459760
tt10676472,nm2355533
tt10676496,nm1459760
tt10676500,nm10949374
tt10676500,nm11030980
tt10676500,nm6970360
tt10676528,nm10949374
tt10676528,nm11030980
tt10676528,nm6970360
tt10676532,nm1459760
tt10676534,nm10288229
tt10676534,nm4441829
tt10676540,nm10949374
tt10676540,nm11030980
tt10676540,nm6970360
tt10676572,nm1004080
tt10676584,nm1459760
tt10676596,nm10949374
tt10676596,nm11030980
tt10676596,nm6970360
tt10676604,nm1004080
tt10676614,nm10949374
tt10676614,nm11030980
tt10676614,nm6970360
tt10676620,nm1459760
tt10676638,nm10949374
tt10676638,nm11030980
tt10676638,nm6970360
tt10676662,nm0639293
tt10676746,nm10855200
tt10676770,nm1004080
tt10676790,nm3843475
tt10676800,nm3843475
tt10676836,nm2378346
tt10676840,nm6869452
tt10676858,nm1459760
tt10676858,nm2103413
tt10676870,nm1459760
tt10676870,nm2103413
tt10676874,nm0639293
tt10676876,nm1004080
tt10676888,nm1459760
tt10676888,nm2103413
tt10676900,nm1459760
tt10676900,nm2103413
tt10676924,nm1459760
tt10676924,nm2103413
tt10676926,nm0639293
tt10676938,nm1459760
tt10676938,nm2103413
tt10676950,nm1459760
tt10676950,nm2103413
tt10676968,nm1459760
tt10676968,nm2103413
tt10676978,nm10854329
tt10677000,nm0639293
tt10677100,nm3095110
tt10677102,nm9783832
tt10677218,nm10849448
tt10677426,nm3095110
tt10677506,nm4976990
tt10677506,nm4977509
tt10677540,nm0201927
tt10677540,nm10831796
tt10677542,nm0201927
tt10677542,nm10831796
tt10677544,nm0201927
tt10677544,nm10831796
tt10677548,nm0201927
tt10677548,nm10831796
tt10677550,nm0201927
tt10677550,nm10831796
tt10677552,nm0201927
tt10677552,nm10831796
tt10677554,nm0201927
tt10677554,nm10831796
tt10677556,nm0201927
tt10677556,nm10831796
tt10677558,nm0201927
tt10677558,nm10831796
tt10677560,nm0201927
tt10677560,nm10831796
tt10677562,nm0201927
tt10677562,nm10831796
tt10677564,nm0201927
tt10677564,nm10831796
tt10677566,nm0201927
tt10677566,nm10831796
tt10677568,nm0201927
tt10677568,nm10831796
tt10677574,nm0201927
tt10677574,nm10831796
tt10677576,nm0201927
tt10677576,nm10831796
tt10677578,nm0201927
tt10677578,nm10831796
tt10677580,nm0201927
tt10677580,nm10831796
tt10677582,nm0201927
tt10677582,nm10831796
tt10677584,nm0201927
tt10677584,nm10831796
tt10677768,nm0475495
tt10677770,nm0475495
tt10677772,nm0475495
tt10677774,nm0475495
tt10677776,nm0475495
tt10677778,nm0475495
tt10677780,nm0475495
tt10677782,nm0475495
tt10677784,nm0475495
tt10677788,nm0475495
tt10677790,nm0475495
tt10677792,nm0475495
tt10677794,nm0475495
tt10677796,nm0475495
tt10677802,nm0475495
tt10677804,nm0475495
tt10677806,nm0475495
tt10677808,nm0475495
tt10677810,nm0475495
tt10677812,nm0475495
tt10677996,nm1243029
tt10678076,nm9891925
tt10678080,nm9891925
tt10678082,nm9891925
tt10678084,nm9891925
tt10678086,nm9891925
tt10678088,nm9891925
tt10678090,nm9891925
tt10678094,nm9891925
tt10678098,nm9891925
tt10678100,nm9891925
tt10678102,nm9891925
tt10678104,nm9891925
tt10678106,nm9891925
tt10678108,nm9891925
tt10678110,nm9891925
tt10678112,nm9891925
tt10678118,nm9891925
tt10678120,nm9891925
tt10678122,nm9891925
tt10678124,nm9891925
tt10678132,nm9891925
tt10678134,nm9891925
tt10678136,nm9891925
tt10678138,nm9891925
tt10678142,nm9891925
tt10678146,nm9891925
tt10678148,nm9891925
tt10678150,nm9891925
tt10678152,nm9891925
tt10678156,nm9891925
tt10678158,nm9891925
tt10678162,nm9891925
tt10678164,nm9891925
tt10678166,nm9891925
tt10678168,nm9891925
tt10678170,nm9891925
tt10678172,nm9891925
tt10678174,nm9891925
tt10678176,nm9891925
tt10678178,nm9891925
tt10678180,nm9149230
tt10678188,nm9891925
tt10678190,nm9891925
tt10678192,nm9891925
tt10678194,nm9891925
tt10678198,nm9891925
tt10678200,nm9891925
tt10678204,nm9891925
tt10678206,nm9891925
tt10678208,nm9149230
tt10678210,nm9891925
tt10678212,nm9891925
tt10678216,nm9891925
tt10678218,nm9891925
tt10678222,nm9891925
tt10678224,nm9891925
tt10678226,nm9891925
tt10678228,nm9891925
tt10678230,nm9891925
tt10678232,nm9891925
tt10678234,nm9891925
tt10678236,nm9891925
tt10678246,nm9149230
tt10678250,nm9891925
tt10678252,nm9891925
tt10678254,nm9891925
tt10678256,nm9891925
tt10678260,nm9891925
tt10678262,nm9891925
tt10678264,nm9891925
tt10678266,nm9891925
tt10678268,nm9891925
tt10678270,nm9891925
tt10678272,nm9891925
tt10678274,nm9891925
tt10678276,nm9891925
tt10678278,nm9891925
tt10678280,nm9891925
tt10678282,nm9891925
tt10678284,nm9891925
tt10678286,nm9891925
tt10678288,nm9891925
tt10678290,nm9891925
tt10678348,nm9957695
tt10678350,nm9957695
tt10678354,nm9957695
tt10678356,nm9957695
tt10678360,nm9957695
tt10678362,nm9957695
tt10678364,nm9957695
tt10678366,nm9957695
tt10678370,nm9957695
tt10678372,nm9957695
tt10678374,nm9957695
tt10678376,nm9957695
tt10678378,nm9957695
tt10678382,nm9957695
tt10678384,nm9957695
tt10678386,nm9957695
tt10678390,nm9957695
tt10678394,nm9957695
tt10678396,nm9957695
tt10678398,nm9957695
tt10678402,nm9957695
tt10678404,nm9957695
tt10678406,nm9957695
tt10678408,nm9957695
tt10678410,nm9957695
tt10678412,nm9957695
tt10678414,nm9957695
tt10678416,nm9957695
tt10678418,nm9957695
tt10678420,nm9957695
tt10678426,nm9957695
tt10678428,nm9957695
tt10678430,nm9957695
tt10678432,nm9957695
tt10678434,nm9957695
tt10678436,nm9957695
tt10678438,nm9957695
tt10678440,nm9957695
tt10678442,nm9957695
tt10678446,nm9957695
tt10678450,nm9957695
tt10678452,nm9957695
tt10678454,nm9957695
tt10678456,nm9957695
tt10678458,nm9957695
tt10678462,nm9957695
tt10678464,nm9957695
tt10678466,nm9957695
tt10678468,nm9957695
tt10678470,nm9957695
tt10678472,nm9957695
tt10678476,nm9957695
tt10678478,nm9957695
tt10678480,nm9957695
tt10678482,nm9957695
tt10678484,nm9957695
tt10678486,nm9957695
tt10678488,nm9957695
tt10678490,nm9957695
tt10678492,nm9957695
tt10678498,nm9957695
tt10678500,nm9957695
tt10678502,nm9957695
tt10678504,nm9957695
tt10678506,nm9957695
tt10678508,nm9957695
tt10678510,nm9957695
tt10678512,nm9957695
tt10678514,nm9957695
tt10678518,nm9957695
tt10678522,nm9957695
tt10678524,nm9957695
tt10678526,nm9957695
tt10678528,nm9957695
tt10678530,nm9957695
tt10678532,nm9957695
tt10678534,nm9957695
tt10678536,nm9957695
tt10678540,nm9957695
tt10678542,nm9957695
tt10678548,nm9957695
tt10678552,nm9957695
tt10678554,nm9957695
tt10678558,nm9957695
tt10678560,nm9957695
tt10678562,nm9957695
tt10678564,nm9957695
tt10678566,nm9957695
tt10678568,nm9957695
tt10678570,nm9957695
tt10678572,nm9957695
tt10678574,nm9957695
tt10678576,nm9957695
tt10678578,nm9957695
tt10678580,nm9957695
tt10678582,nm9957695
tt10678586,nm9957695
tt10678588,nm9957695
tt10678590,nm9957695
tt10678592,nm9957695
tt10678864,nm0201927
tt10678864,nm10831796
tt10678868,nm0201927
tt10678868,nm10831796
tt10678872,nm0201927
tt10678872,nm10831796
tt10678874,nm0201927
tt10678874,nm10831796
tt10678876,nm0201927
tt10678876,nm10831796
tt10678880,nm0201927
tt10678880,nm10831796
tt10678882,nm0201927
tt10678882,nm10831796
tt10678884,nm0201927
tt10678884,nm10831796
tt10678890,nm0201927
tt10678890,nm10831796
tt10678892,nm0201927
tt10678892,nm10831796
tt10678896,nm0201927
tt10678896,nm10831796
tt10678898,nm0201927
tt10678898,nm10831796
tt10678900,nm0201927
tt10678900,nm10831796
tt10678902,nm0201927
tt10678902,nm10831796
tt10678904,nm0201927
tt10678904,nm10831796
tt10678908,nm0201927
tt10678908,nm10831796
tt10678912,nm0201927
tt10678912,nm10831796
tt10678914,nm0201927
tt10678914,nm10831796
tt10678918,nm0201927
tt10678918,nm10831796
tt10678936,nm0201927
tt10678936,nm10831796
tt10678938,nm0201927
tt10678938,nm10831796
tt10678940,nm0201927
tt10678940,nm10831796
tt10678942,nm0201927
tt10678942,nm10831796
tt10678948,nm0201927
tt10678948,nm10831796
tt10678950,nm0201927
tt10678950,nm10831796
tt10678954,nm0201927
tt10678954,nm10831796
tt10678956,nm0201927
tt10678956,nm10831796
tt10678960,nm0201927
tt10678960,nm10831796
tt10678962,nm0201927
tt10678962,nm10831796
tt10678964,nm0201927
tt10678964,nm10831796
tt10678966,nm0201927
tt10678966,nm10831796
tt10678968,nm0201927
tt10678968,nm10831796
tt10678970,nm0201927
tt10678970,nm10831796
tt10678974,nm0201927
tt10678974,nm10831796
tt10678976,nm0201927
tt10678976,nm10831796
tt10678978,nm0201927
tt10678978,nm10831796
tt10678980,nm0201927
tt10678980,nm10831796
tt10678984,nm0201927
tt10678984,nm10831796
tt10678986,nm0201927
tt10678986,nm10831796
tt10678992,nm0201927
tt10678992,nm10831796
tt10678996,nm0201927
tt10678996,nm10831796
tt10679000,nm0201927
tt10679000,nm10831796
tt10679002,nm0201927
tt10679002,nm10831796
tt10679006,nm0201927
tt10679006,nm10831796
tt10679008,nm0201927
tt10679008,nm10831796
tt10679010,nm0201927
tt10679010,nm10831796
tt10679012,nm0201927
tt10679012,nm10831796
tt10679016,nm0201927
tt10679016,nm10831796
tt10679020,nm0201927
tt10679020,nm10831796
tt10679022,nm0201927
tt10679022,nm10831796
tt10679024,nm0201927
tt10679024,nm10831796
tt10679026,nm0201927
tt10679026,nm10831796
tt10679030,nm0201927
tt10679030,nm10831796
tt10679032,nm0201927
tt10679032,nm10831796
tt10679034,nm0201927
tt10679034,nm10831796
tt10679042,nm0201927
tt10679042,nm10831796
tt10679044,nm0201927
tt10679044,nm10831796
tt10679046,nm0201927
tt10679046,nm10831796
tt10679048,nm0201927
tt10679048,nm10831796
tt10679178,nm1917437
tt10679318,nm3860375
tt10679616,nm5798576
tt10679616,nm9710526
tt10679620,nm5798576
tt10679620,nm9710526
tt10679622,nm5798576
tt10679622,nm9710526
tt10679624,nm5798576
tt10679624,nm9710526
tt10679628,nm5798576
tt10679628,nm9710526
tt10679630,nm5798576
tt10679630,nm9710526
tt10679634,nm5798576
tt10679634,nm9710526
tt10679698,nm1986665
tt10679704,nm6894748
tt10679710,nm5519768
tt10679722,nm0867393
tt10679728,nm0782877
tt10679728,nm1178668
tt10679732,nm0867393
tt10679738,nm10531911
tt10679740,nm10734979
tt10679742,nm10531327
tt10679744,nm10531327
tt10679748,nm5519768
tt10679750,nm6894748
tt10679780,nm10855827
tt10679890,nm2348678
tt10679896,nm2348678
tt10679918,nm0177248
tt10679918,nm11449121
tt10679918,nm2348678
tt10679928,nm2348678
tt10679936,nm2348678
tt10679936,nm7518944
tt10679958,nm0177248
tt10679958,nm2348678
tt10679970,nm2348678
tt10679984,nm2348678
tt10680002,nm10855935
tt10680002,nm10855936
tt10680002,nm2947788
tt10680002,nm4594915
tt10680008,nm7518944
tt10680012,nm3576068
tt10680016,nm2348678
tt10680036,nm6276134
tt10680038,nm1804420
tt10680062,nm9378612
tt10680092,nm4541258
tt10680108,nm2421666
tt10680114,nm2039761
tt10680116,nm2770404
tt10680120,nm7823600
tt10680292,nm10423830
tt10680310,nm7945761
tt10680314,nm7945761
tt10680322,nm7945761
tt10680324,nm7945761
tt10680330,nm7945761
tt10680338,nm7945761
tt10680342,nm7945761
tt10680346,nm7945761
tt10680350,nm7945761
tt10680354,nm7945761
tt10680358,nm7945761
tt10680364,nm7945761
tt10680370,nm7945761
tt10680386,nm7945761
tt10680388,nm8282804
tt10680394,nm7945761
tt10680402,nm0306236
tt10680428,nm5510949
tt10680430,nm7945761
tt10680434,nm7945761
tt10680436,nm1977598
tt10680468,nm8707194
tt10680502,nm7634943
tt10680506,nm8707194
tt10680518,nm3498652
tt10680522,nm3653444
tt10680530,nm8707194
tt10680532,nm7530432
tt10680542,nm3498652
tt10680546,nm9451188
tt10680602,nm8095377
tt10680608,nm3653444
tt10680610,nm10739258
tt10680616,nm4418923
tt10680620,nm3653444
tt10680622,nm9852576
tt10680630,nm1234549
tt10680630,nm6276134
tt10680646,nm8707194
tt10680648,nm3653444
tt10680652,nm3653444
tt10680660,nm3653444
tt10680664,nm4418923
tt10680668,nm3653444
tt10680688,nm10856436
tt10680702,nm7171190
tt10680708,nm2244151
tt10680708,nm3220992
tt10680724,nm4003448
tt10680746,nm4418923
tt10680772,nm3653444
tt10680808,nm8707194
tt10680822,nm6180258
tt10680832,nm0661293
tt10680836,nm2209010
tt10680868,nm10003882
tt10680906,nm0661293
tt10680912,nm9189329
tt10680914,nm3729964
tt10680960,nm3653444
tt10680976,nm0661293
tt10681034,nm0661293
tt10681058,nm0661293
tt10681084,nm6736610
tt10681148,nm8707194
tt10681194,nm3266763
tt10681200,nm8707194
tt10681204,nm3266763
tt10681212,nm3266763
tt10681226,nm8707194
tt10681244,nm8707194
tt10681248,nm3266763
tt10681250,nm10856761
tt10681252,nm0575167
tt10681254,nm0575167
tt10681260,nm0575167
tt10681268,nm0575167
tt10681410,nm10856827
tt10681418,nm0526063
tt10681428,nm4540020
tt10681462,nm3653444
tt10681466,nm3653444
tt10681476,nm3653444
tt10681480,nm3653444
tt10681484,nm3653444
tt10681494,nm3653444
tt10681506,nm2367203
tt10681518,nm9189329
tt10681528,nm6214389
tt10681528,nm6214391
tt10681532,nm3653444
tt10681540,nm7768175
tt10681542,nm6437377
tt10681572,nm9855295
tt10681584,nm10857101
tt10681642,nm7464441
tt10681660,nm10020365
tt10681660,nm5609974
tt10681664,nm5322992
tt10681668,nm0878233
tt10681702,nm8707194
tt10681704,nm8707194
tt10681734,nm1459760
tt10681734,nm2103413
tt10681740,nm1004080
tt10681746,nm1459760
tt10681746,nm2103413
tt10681754,nm1004080
tt10681762,nm8707194
tt10681764,nm1004080
tt10681766,nm0639293
tt10681772,nm5710502
tt10681782,nm1004080
tt10681808,nm0639293
tt10681830,nm0105680
tt10681844,nm1004080
tt10681852,nm0105680
tt10681858,nm10857387
tt10681862,nm10035944
tt10681868,nm0639293
tt10681914,nm1004080
tt10681916,nm8201320
tt10681928,nm4594209
tt10681972,nm1459760
tt10681972,nm2103413
tt10681974,nm1004080
tt10681988,nm1004080
tt10681994,nm1459760
tt10681994,nm2103413
tt10682006,nm1004080
tt10682008,nm1459760
tt10682008,nm2103413
tt10682014,nm4482348
tt10682032,nm1459760
tt10682032,nm2103413
tt10682042,nm1459760
tt10682042,nm2103413
tt10682058,nm2398915
tt10682060,nm1459760
tt10682060,nm2103413
tt10682092,nm10857519
tt10682118,nm2398915
tt10682124,nm2398915
tt10682128,nm2285001
tt10682198,nm1459760
tt10682198,nm2103413
tt10682318,nm2653768
tt10682322,nm1459760
tt10682322,nm2103413
tt10682344,nm1459760
tt10682344,nm2103413
tt10682354,nm7791127
tt10682364,nm1459760
tt10682364,nm2103413
tt10682382,nm1459760
tt10682382,nm2103413
tt10682398,nm4543887
tt10682400,nm4543887
tt10682406,nm4543887
tt10682416,nm8016139
tt10682418,nm1459760
tt10682418,nm2103413
tt10682420,nm1255355
tt10682420,nm2080615
tt10682422,nm5281678
tt10682434,nm1380807
tt10682434,nm4724082
tt10682438,nm1287564
tt10682440,nm0616209
tt10682440,nm0813173
tt10682444,nm0089714
tt10682452,nm4208900
tt10682458,nm6098107
tt10682458,nm6687284
tt10682482,nm8568286
tt10682486,nm8568286
tt10682488,nm8568286
tt10682490,nm8568286
tt10682496,nm8568286
tt10682500,nm8568286
tt10682502,nm8568286
tt10682504,nm8568286
tt10682508,nm8568286
tt10682512,nm8568286
tt10682520,nm4543887
tt10682540,nm8568286
tt10682544,nm8568286
tt10682546,nm8568286
tt10682548,nm8568286
tt10682554,nm8568286
tt10682558,nm1459760
tt10682558,nm2103413
tt10682560,nm8568286
tt10682568,nm8568286
tt10682574,nm8568286
tt10682576,nm8568286
tt10682580,nm8568286
tt10682582,nm8568286
tt10682594,nm8568286
tt10682598,nm8568286
tt10682602,nm8568286
tt10682644,nm0089714
tt10682668,nm7791131
tt10682668,nm8133432
tt10682668,nm9393452
tt10682668,nm9661804
tt10682670,nm8568286
tt10682672,nm8568286
tt10682676,nm8568286
tt10682678,nm8568286
tt10682684,nm7428216
tt10682686,nm5313065
tt10682694,nm10858207
tt10682710,nm0697454
tt10682734,nm1637759
tt10682746,nm8806255
tt10682752,nm7523488
tt10682758,nm10821100
tt10682780,nm1091128
tt10682796,nm1459760
tt10682796,nm2103413
tt10682804,nm10821100
tt10682854,nm10858557
tt10682856,nm2613320
tt10682894,nm10858337
tt10682906,nm5798576
tt10682906,nm9710526
tt10682908,nm5798576
tt10682908,nm9710526
tt10682910,nm5798576
tt10682910,nm9710526
tt10682914,nm5798576
tt10682914,nm9710526
tt10682916,nm5798576
tt10682916,nm9710526
tt10682918,nm5798576
tt10682918,nm9710526
tt10682920,nm5798576
tt10682920,nm9710526
tt10682922,nm5798576
tt10682922,nm9710526
tt10682924,nm5798576
tt10682924,nm9710526
tt10682926,nm5798576
tt10682926,nm9710526
tt10682928,nm5798576
tt10682928,nm9710526
tt10682930,nm5798576
tt10682930,nm9710526
tt10682932,nm5798576
tt10682932,nm9710526
tt10682934,nm9857185
tt10682936,nm5798576
tt10682936,nm9710526
tt10682938,nm5798576
tt10682938,nm9710526
tt10682940,nm5798576
tt10682940,nm9710526
tt10682942,nm5798576
tt10682942,nm9710526
tt10682944,nm5798576
tt10682944,nm9710526
tt10682948,nm5798576
tt10682948,nm9710526
tt10682950,nm5798576
tt10682950,nm9710526
tt10682982,nm0473521
tt10682982,nm4640357
tt10683070,nm1781407
tt10683078,nm6109198
tt10683138,nm10858123
tt10683138,nm4170261
tt10683138,nm8946370
tt10683202,nm10858375
tt10683296,nm0201927
tt10683296,nm10831796
tt10683302,nm0201927
tt10683302,nm10831796
tt10683304,nm0201927
tt10683304,nm10831796
tt10683308,nm0201927
tt10683308,nm10831796
tt10683310,nm0201927
tt10683310,nm10831796
tt10683312,nm0201927
tt10683312,nm10831796
tt10683314,nm0201927
tt10683314,nm10831796
tt10683316,nm0201927
tt10683316,nm10831796
tt10683318,nm0201927
tt10683318,nm10831796
tt10683320,nm0201927
tt10683320,nm10831796
tt10683322,nm0201927
tt10683322,nm10831796
tt10683324,nm0201927
tt10683324,nm10831796
tt10683326,nm0201927
tt10683326,nm10831796
tt10683328,nm0201927
tt10683328,nm10831796
tt10683332,nm0201927
tt10683332,nm10831796
tt10683334,nm0201927
tt10683334,nm10831796
tt10683336,nm0201927
tt10683336,nm10831796
tt10683338,nm0201927
tt10683338,nm10831796
tt10683340,nm0201927
tt10683340,nm10831796
tt10683342,nm0201927
tt10683342,nm10831796
tt10683344,nm10858413
tt10683344,nm2202490
tt10683346,nm0201927
tt10683346,nm10831796
tt10683350,nm0201927
tt10683350,nm10831796
tt10683352,nm0201927
tt10683352,nm10831796
tt10683354,nm0201927
tt10683354,nm10831796
tt10683358,nm0201927
tt10683358,nm10831796
tt10683360,nm0201927
tt10683360,nm10831796
tt10683362,nm0201927
tt10683362,nm10831796
tt10683364,nm0201927
tt10683364,nm10831796
tt10683368,nm0201927
tt10683368,nm10831796
tt10683372,nm0201927
tt10683372,nm10831796
tt10683374,nm0201927
tt10683374,nm10831796
tt10683376,nm0201927
tt10683376,nm10831796
tt10683378,nm0201927
tt10683378,nm10831796
tt10683380,nm0201927
tt10683380,nm10831796
tt10683382,nm0201927
tt10683382,nm10831796
tt10683384,nm0201927
tt10683384,nm10831796
tt10683386,nm0201927
tt10683386,nm10831796
tt10683388,nm0201927
tt10683388,nm10831796
tt10683390,nm0201927
tt10683390,nm10831796
tt10683392,nm0201927
tt10683392,nm10831796
tt10683394,nm0201927
tt10683394,nm10831796
tt10683396,nm0201927
tt10683396,nm10831796
tt10683398,nm0201927
tt10683398,nm10831796
tt10683400,nm0201927
tt10683400,nm10831796
tt10683402,nm0201927
tt10683402,nm10831796
tt10683404,nm0201927
tt10683404,nm10831796
tt10683406,nm0201927
tt10683406,nm10831796
tt10683408,nm0201927
tt10683408,nm10831796
tt10683410,nm0201927
tt10683410,nm10831796
tt10683412,nm0201927
tt10683412,nm10831796
tt10683414,nm0201927
tt10683414,nm10831796
tt10683416,nm0201927
tt10683416,nm10831796
tt10683418,nm0201927
tt10683418,nm10831796
tt10683422,nm0201927
tt10683422,nm10831796
tt10683424,nm0201927
tt10683424,nm10831796
tt10683426,nm0201927
tt10683426,nm10831796
tt10683428,nm0201927
tt10683428,nm10831796
tt10683432,nm0201927
tt10683432,nm10831796
tt10683434,nm0201927
tt10683434,nm10831796
tt10683436,nm0201927
tt10683436,nm10831796
tt10683490,nm1718446
tt10683492,nm1718446
tt10683492,nm2813651
tt10683502,nm1480567
tt10683508,nm4444901
tt10683526,nm1718446
tt10683526,nm4825325
tt10683538,nm0030447
tt10683538,nm1718446
tt10683558,nm1494696
tt10683558,nm1718446
tt10683582,nm1718446
tt10683582,nm4825325
tt10683584,nm8895991
tt10683586,nm7140010
tt10683586,nm9093659
tt10683644,nm1718446
tt10683644,nm2055729
tt10683646,nm9957695
tt10683648,nm9957695
tt10683652,nm9957695
tt10683654,nm1718446
tt10683654,nm1803423
tt10683656,nm9957695
tt10683660,nm9957695
tt10683662,nm9957695
tt10683664,nm9957695
tt10683666,nm9957695
tt10683668,nm9957695
tt10683670,nm9957695
tt10683672,nm9957695
tt10683674,nm9957695
tt10683676,nm1494696
tt10683676,nm1718446
tt10683678,nm9957695
tt10683680,nm9957695
tt10683682,nm9957695
tt10683684,nm9957695
tt10683688,nm9957695
tt10683690,nm9957695
tt10683692,nm9957695
tt10683694,nm9957695
tt10683700,nm9957695
tt10683702,nm9957695
tt10683704,nm1718446
tt10683704,nm7353881
tt10683706,nm9957695
tt10683708,nm9957695
tt10683710,nm9957695
tt10683712,nm9957695
tt10683716,nm9957695
tt10683718,nm9957695
tt10683722,nm9957695
tt10683724,nm9957695
tt10683730,nm9957695
tt10683732,nm9957695
tt10683736,nm9957695
tt10683738,nm9957695
tt10683740,nm9957695
tt10683742,nm9957695
tt10683746,nm9957695
tt10683748,nm9957695
tt10683752,nm9957695
tt10683754,nm9957695
tt10683770,nm2148690
tt10683802,nm9957695
tt10683804,nm9957695
tt10683806,nm9957695
tt10683808,nm9957695
tt10683810,nm9957695
tt10683812,nm9957695
tt10683816,nm9957695
tt10683818,nm9957695
tt10683820,nm9957695
tt10683824,nm9957695
tt10683826,nm9957695
tt10683828,nm9957695
tt10683830,nm9957695
tt10683832,nm9957695
tt10683836,nm9957695
tt10683838,nm9957695
tt10683840,nm9957695
tt10683842,nm9957695
tt10683844,nm9957695
tt10683846,nm9957695
tt10683850,nm10858557
tt10683854,nm4021301
tt10683902,nm9891925
tt10683904,nm9891925
tt10683906,nm9891925
tt10683908,nm9891925
tt10683910,nm9891925
tt10683912,nm9891925
tt10683914,nm9891925
tt10683916,nm9891925
tt10683920,nm9891925
tt10683922,nm9891925
tt10683924,nm9891925
tt10683926,nm9891925
tt10683928,nm9891925
tt10683930,nm9891925
tt10683932,nm9891925
tt10683934,nm9891925
tt10683936,nm9891925
tt10683938,nm9891925
tt10683940,nm9891925
tt10683942,nm9891925
tt10683944,nm9891925
tt10683946,nm9891925
tt10683948,nm9891925
tt10683950,nm9891925
tt10683952,nm9891925
tt10683954,nm9891925
tt10683956,nm9891925
tt10683960,nm9891925
tt10683962,nm9891925
tt10683966,nm9891925
tt10683968,nm9891925
tt10683970,nm9891925
tt10683972,nm9891925
tt10683974,nm9891925
tt10683976,nm9891925
tt10683978,nm9891925
tt10683980,nm9891925
tt10683982,nm9891925
tt10683984,nm9891925
tt10683986,nm9891925
tt10683988,nm9891925
tt10683992,nm9891925
tt10683994,nm9891925
tt10683996,nm9891925
tt10683998,nm9891925
tt10684000,nm9891925
tt10684002,nm9891925
tt10684004,nm9891925
tt10684006,nm9891925
tt10684008,nm9891925
tt10684010,nm9891925
tt10684012,nm9891925
tt10684014,nm9891925
tt10684016,nm9891925
tt10684018,nm9891925
tt10684020,nm9891925
tt10684022,nm9891925
tt10684024,nm9891925
tt10684026,nm9891925
tt10684028,nm9891925
tt10684030,nm9891925
tt10684032,nm9891925
tt10684034,nm9891925
tt10684036,nm9891925
tt10684040,nm9891925
tt10684042,nm9891925
tt10684044,nm9891925
tt10684048,nm9891925
tt10684050,nm9891925
tt10684052,nm9891925
tt10684054,nm9891925
tt10684056,nm9891925
tt10684058,nm9891925
tt10684060,nm9891925
tt10684064,nm9891925
tt10684066,nm9891925
tt10684070,nm9891925
tt10684072,nm9891925
tt10684074,nm9891925
tt10684076,nm9891925
tt10684078,nm9891925
tt10684080,nm9891925
tt10684082,nm9891925
tt10684084,nm9891925
tt10684086,nm9891925
tt10684088,nm9891925
tt10684092,nm9891925
tt10684094,nm9891925
tt10684096,nm9891925
tt10684098,nm9891925
tt10684100,nm9891925
tt10684102,nm9891925
tt10684104,nm9891925
tt10684106,nm9891925
tt10684110,nm9891925
tt10684112,nm9891925
tt10684114,nm9891925
tt10684118,nm9891925
tt10684120,nm9891925
tt10684122,nm9891925
tt10684126,nm9891925
tt10684128,nm9891925
tt10684130,nm9891925
tt10684134,nm9891925
tt10684136,nm9891925
tt10684140,nm9891925
tt10684156,nm10858557
tt10684390,nm0475495
tt10684394,nm0475495
tt10684396,nm0475495
tt10684398,nm0475495
tt10684402,nm0475495
tt10684404,nm0475495
tt10684408,nm0475495
tt10684410,nm0475495
tt10684414,nm0475495
tt10684416,nm0475495
tt10684418,nm0475495
tt10684420,nm0475495
tt10684426,nm0475495
tt10684428,nm0475495
tt10684430,nm0475495
tt10684432,nm0475495
tt10684436,nm0475495
tt10684438,nm0475495
tt10684440,nm0475495
tt10684442,nm0475495
tt10684492,nm0201927
tt10684492,nm10831796
tt10684494,nm0201927
tt10684494,nm10831796
tt10684496,nm0201927
tt10684496,nm10831796
tt10684498,nm0201927
tt10684498,nm10831796
tt10684500,nm0201927
tt10684500,nm10831796
tt10684502,nm0201927
tt10684502,nm10831796
tt10684504,nm0201927
tt10684504,nm10831796
tt10684506,nm0201927
tt10684506,nm10831796
tt10684508,nm0201927
tt10684508,nm10831796
tt10684510,nm0201927
tt10684510,nm10831796
tt10684512,nm0201927
tt10684512,nm10831796
tt10684514,nm0201927
tt10684514,nm10831796
tt10684516,nm0201927
tt10684516,nm10831796
tt10684520,nm0201927
tt10684520,nm10831796
tt10684522,nm0201927
tt10684522,nm10831796
tt10684524,nm0201927
tt10684524,nm10831796
tt10684526,nm0201927
tt10684526,nm10831796
tt10684528,nm0201927
tt10684528,nm10831796
tt10684530,nm0201927
tt10684530,nm10831796
tt10684532,nm0201927
tt10684532,nm10831796
tt10684604,nm4906548
tt10684866,nm1718446
tt10684866,nm2357330
tt10684910,nm1718446
tt10684910,nm1992375
tt10684948,nm3576068
tt10684950,nm3576068
tt10684952,nm3576068
tt10684964,nm3576068
tt10684964,nm9987936
tt10684966,nm3576068
tt10684966,nm9987936
tt10684968,nm3576068
tt10684968,nm9987936
tt10684970,nm3576068
tt10684970,nm9987936
tt10684972,nm3576068
tt10684972,nm9987936
tt10684974,nm3576068
tt10684974,nm9987936
tt10684976,nm3576068
tt10684976,nm9987936
tt10684978,nm3576068
tt10684978,nm9987936
tt10684980,nm3576068
tt10684980,nm9987936
tt10684982,nm3576068
tt10684982,nm9987936
tt10684984,nm3576068
tt10684984,nm9987936
tt10684986,nm3576068
tt10684986,nm9987936
tt10684988,nm3576068
tt10684988,nm9987936
tt10684990,nm3576068
tt10684990,nm9987936
tt10684994,nm3576068
tt10684994,nm9987936
tt10684996,nm3576068
tt10684996,nm9987936
tt10684998,nm3576068
tt10684998,nm9987936
tt10685004,nm4541258
tt10685006,nm4541258
tt10685008,nm4541258
tt10685010,nm4541258
tt10685012,nm4541258
tt10685014,nm4541258
tt10685018,nm4541258
tt10685022,nm4541258
tt10685026,nm4541258
tt10685028,nm4541258
tt10685030,nm4541258
tt10685032,nm4541258
tt10685034,nm4541258
tt10685036,nm4541258
tt10685038,nm4541258
tt10685040,nm4541258
tt10685046,nm4541258
tt10685050,nm4541258
tt10685052,nm4541258
tt10685058,nm0538192
tt10685076,nm10858375
tt10685080,nm10858375
tt10685086,nm10858375
tt10685088,nm10858375
tt10685104,nm1066081
tt10685104,nm7195251
tt10685114,nm10858759
tt10685128,nm10858413
tt10685128,nm2202490
tt10685132,nm10858413
tt10685132,nm2202490
tt10685142,nm10858413
tt10685142,nm2202490
tt10685144,nm10858413
tt10685144,nm2202490
tt10685146,nm10858413
tt10685146,nm2202490
tt10685152,nm4444901
tt10685156,nm4444901
tt10685162,nm4444901
tt10685166,nm4444901
tt10685168,nm4444901
tt10685172,nm4444901
tt10685250,nm7240270
tt10685254,nm2313689
tt10685274,nm1557619
tt10685280,nm3687037
tt10685302,nm1940442
tt10685302,nm1941244
tt10685320,nm1940442
tt10685320,nm1941244
tt10685408,nm9409590
tt10685414,nm9409590
tt10685426,nm2823875
tt10685426,nm9409594
tt10685436,nm2823875
tt10685436,nm9409594
tt10685460,nm7872193
tt10685468,nm10859006
tt10685468,nm10859007
tt10685468,nm10861505
tt10685468,nm2823875
tt10685468,nm9409594
tt10685468,nm9565722
tt10685468,nm9828333
tt10685470,nm9767985
tt10685488,nm3687037
tt10685522,nm4515899
tt10685522,nm4559922
tt10685564,nm6138875
tt10685578,nm1836571
tt10685582,nm0668551
tt10685584,nm9117112
tt10685596,nm10859088
tt10685720,nm10859204
tt10685744,nm0492525
tt10685746,nm7117206
tt10685824,nm4721090
tt10686006,nm10859302
tt10686038,nm1447160
tt10686138,nm10859319
tt10686142,nm0575167
tt10686196,nm9433924
tt10686198,nm0557297
tt10686206,nm9433924
tt10686232,nm1646438
tt10686242,nm3646290
tt10686252,nm0557297
tt10686266,nm0557297
tt10686270,nm0557297
tt10686280,nm0557297
tt10686282,nm3646290
tt10686296,nm7539050
tt10686304,nm7117205
tt10686320,nm8976135
tt10686336,nm7768175
tt10686382,nm0557297
tt10686408,nm8072708
tt10686448,nm8075196
tt10686468,nm8075196
tt10686470,nm10859511
tt10686480,nm1020680
tt10686484,nm10855935
tt10686492,nm0557297
tt10686518,nm10859564
tt10686532,nm0557297
tt10686538,nm1020680
tt10686550,nm1020680
tt10686638,nm10859564
tt10686748,nm2349310
tt10686754,nm5710502
tt10686760,nm5710502
tt10686766,nm5710502
tt10686774,nm5710502
tt10686776,nm5710502
tt10686780,nm5710502
tt10686808,nm8801008
tt10686980,nm0638044
tt10686990,nm10859829
tt10687008,nm10859856
tt10687022,nm5561028
tt10687098,nm10859928
tt10687118,nm10859939
tt10687120,nm10859949
tt10687136,nm0306236
tt10687140,nm10857975
tt10687198,nm3805258
tt10687204,nm1459760
tt10687204,nm2103413
tt10687210,nm1459760
tt10687210,nm2103413
tt10687226,nm1012349
tt10687228,nm2390708
tt10687240,nm10490240
tt10687244,nm1459760
tt10687244,nm2103413
tt10687280,nm1459760
tt10687280,nm2103413
tt10687286,nm10490240
tt10687330,nm10490240
tt10687476,nm1631868
tt10687484,nm10852851
tt10687572,nm10860409
tt10687574,nm10752448
tt10687586,nm6750234
tt10687586,nm6750235
tt10687592,nm7769615
tt10687592,nm7769616
tt10687622,nm10857975
tt10687624,nm1015020
tt10687624,nm1442874
tt10687624,nm1541413
tt10687650,nm3260273
tt10687650,nm3981733
tt10687662,nm1463120
tt10687662,nm9494829
tt10687672,nm10673879
tt10687718,nm10860483
tt10687726,nm9987788
tt10687758,nm10553294
tt10687808,nm3586249
tt10687828,nm0744559
tt10687874,nm10855935
tt10687880,nm8371989
tt10687944,nm10855935
tt10687960,nm3466013
tt10687960,nm4140012
tt10687968,nm10858557
tt10688004,nm4541258
tt10688006,nm4541258
tt10688010,nm4541258
tt10688012,nm4541258
tt10688014,nm4541258
tt10688016,nm4541258
tt10688020,nm4541258
tt10688022,nm4541258
tt10688024,nm4541258
tt10688026,nm4541258
tt10688028,nm4541258
tt10688030,nm4541258
tt10688032,nm4541258
tt10688034,nm4541258
tt10688036,nm4541258
tt10688046,nm3576068
tt10688046,nm9987936
tt10688048,nm3576068
tt10688048,nm9987936
tt10688050,nm3576068
tt10688050,nm9987936
tt10688054,nm3576068
tt10688054,nm9987936
tt10688056,nm3576068
tt10688056,nm9987936
tt10688058,nm3576068
tt10688058,nm9987936
tt10688060,nm3576068
tt10688060,nm9987936
tt10688062,nm3576068
tt10688062,nm9987936
tt10688064,nm3576068
tt10688064,nm9987936
tt10688066,nm3576068
tt10688066,nm9987936
tt10688068,nm3576068
tt10688068,nm9987936
tt10688072,nm3576068
tt10688072,nm9987936
tt10688074,nm3576068
tt10688074,nm9987936
tt10688076,nm3576068
tt10688076,nm9987936
tt10688078,nm3576068
tt10688078,nm9987936
tt10688080,nm3576068
tt10688080,nm9987936
tt10688082,nm3576068
tt10688082,nm9987936
tt10688084,nm3576068
tt10688084,nm9987936
tt10688086,nm3576068
tt10688086,nm9987936
tt10688088,nm3576068
tt10688088,nm9987936
tt10688216,nm10855936
tt10688282,nm10860755
tt10688578,nm10840210
tt10688642,nm0201927
tt10688642,nm10831796
tt10688648,nm0201927
tt10688648,nm10831796
tt10688650,nm0201927
tt10688650,nm10831796
tt10688654,nm0201927
tt10688654,nm10831796
tt10688656,nm0201927
tt10688656,nm10831796
tt10688658,nm0201927
tt10688658,nm10831796
tt10688660,nm0201927
tt10688660,nm10831796
tt10688664,nm0201927
tt10688664,nm10831796
tt10688670,nm0201927
tt10688670,nm10831796
tt10688676,nm0201927
tt10688676,nm10831796
tt10688678,nm0201927
tt10688678,nm10831796
tt10688680,nm0201927
tt10688680,nm10831796
tt10688682,nm0201927
tt10688682,nm10831796
tt10688686,nm0201927
tt10688686,nm10831796
tt10688690,nm0201927
tt10688690,nm10831796
tt10688692,nm0201927
tt10688692,nm10831796
tt10688694,nm0201927
tt10688694,nm10831796
tt10688696,nm0201927
tt10688696,nm10831796
tt10688700,nm0201927
tt10688700,nm10831796
tt10688702,nm0201927
tt10688702,nm10831796
tt10688758,nm0475495
tt10688766,nm0475495
tt10688768,nm0475495
tt10688770,nm0475495
tt10688774,nm0475495
tt10688776,nm0475495
tt10688780,nm0475495
tt10688784,nm0475495
tt10688786,nm0475495
tt10688788,nm10860843
tt10688792,nm0475495
tt10688794,nm0475495
tt10688798,nm0475495
tt10688802,nm0475495
tt10688804,nm0475495
tt10688808,nm0475495
tt10688810,nm0475495
tt10688814,nm0475495
tt10688816,nm0475495
tt10688820,nm0475495
tt10688822,nm0475495
tt10688838,nm5570613
tt10688862,nm5570613
tt10688876,nm5570613
tt10688894,nm5570613
tt10688896,nm1182771
tt10688896,nm2723374
tt10688904,nm5570613
tt10688926,nm1182771
tt10688926,nm2723374
tt10688952,nm1182771
tt10688952,nm2723374
tt10688960,nm5570613
tt10688980,nm5570613
tt10689104,nm9891925
tt10689108,nm9891925
tt10689114,nm9891925
tt10689116,nm9891925
tt10689118,nm9891925
tt10689120,nm9891925
tt10689124,nm9891925
tt10689128,nm9891925
tt10689130,nm9891925
tt10689132,nm9891925
tt10689134,nm9891925
tt10689136,nm9891925
tt10689138,nm9891925
tt10689140,nm9891925
tt10689142,nm9891925
tt10689146,nm9891925
tt10689148,nm9891925
tt10689150,nm9891925
tt10689152,nm9891925
tt10689154,nm9891925
tt10689156,nm9891925
tt10689158,nm9891925
tt10689160,nm9891925
tt10689162,nm9891925
tt10689164,nm9891925
tt10689168,nm9891925
tt10689194,nm9982371
tt10689232,nm9957695
tt10689234,nm9957695
tt10689236,nm9957695
tt10689238,nm9957695
tt10689240,nm9957695
tt10689242,nm9957695
tt10689244,nm9957695
tt10689246,nm9957695
tt10689248,nm10860884
tt10689248,nm3568062
tt10689250,nm9957695
tt10689256,nm9957695
tt10689258,nm9957695
tt10689262,nm9957695
tt10689264,nm9957695
tt10689266,nm9957695
tt10689268,nm9957695
tt10689270,nm9957695
tt10689272,nm9957695
tt10689274,nm9957695
tt10689276,nm9957695
tt10689278,nm9957695
tt10689282,nm9957695
tt10689284,nm9957695
tt10689288,nm9957695
tt10689290,nm9957695
tt10689292,nm9957695
tt10689294,nm9957695
tt10689296,nm9957695
tt10689298,nm9957695
tt10689300,nm9957695
tt10689302,nm9957695
tt10689304,nm9957695
tt10689306,nm9957695
tt10689308,nm9957695
tt10689312,nm9957695
tt10689314,nm9957695
tt10689316,nm9957695
tt10689320,nm9957695
tt10689322,nm9957695
tt10689324,nm9957695
tt10689326,nm9957695
tt10689328,nm9957695
tt10689330,nm9957695
tt10689332,nm9957695
tt10689334,nm9957695
tt10689336,nm9957695
tt10689340,nm9957695
tt10689342,nm9957695
tt10689344,nm9957695
tt10689346,nm9957695
tt10689348,nm9957695
tt10689350,nm9957695
tt10689352,nm9957695
tt10689354,nm9957695
tt10689356,nm9957695
tt10689358,nm9957695
tt10689360,nm9957695
tt10689362,nm9957695
tt10689364,nm9957695
tt10689366,nm9957695
tt10689368,nm9957695
tt10689370,nm9957695
tt10689372,nm9957695
tt10689374,nm9957695
tt10689376,nm9957695
tt10689378,nm9957695
tt10689540,nm0201927
tt10689540,nm10831796
tt10689542,nm0201927
tt10689542,nm10831796
tt10689544,nm0201927
tt10689544,nm10831796
tt10689546,nm0201927
tt10689546,nm10831796
tt10689548,nm0201927
tt10689548,nm10831796
tt10689550,nm0201927
tt10689550,nm10831796
tt10689552,nm0201927
tt10689552,nm10831796
tt10689554,nm0201927
tt10689554,nm10831796
tt10689556,nm0201927
tt10689556,nm10831796
tt10689558,nm0201927
tt10689558,nm10831796
tt10689560,nm0201927
tt10689560,nm10831796
tt10689562,nm0201927
tt10689562,nm10831796
tt10689564,nm0201927
tt10689564,nm10831796
tt10689566,nm0201927
tt10689566,nm10831796
tt10689568,nm0201927
tt10689568,nm10831796
tt10689570,nm0201927
tt10689570,nm10831796
tt10689572,nm0201927
tt10689572,nm10831796
tt10689574,nm0201927
tt10689574,nm10831796
tt10689576,nm0201927
tt10689576,nm10831796
tt10689578,nm0201927
tt10689578,nm10831796
tt10689580,nm0201927
tt10689580,nm10831796
tt10689582,nm0201927
tt10689582,nm10831796
tt10689584,nm0201927
tt10689584,nm10831796
tt10689586,nm0201927
tt10689586,nm10831796
tt10689588,nm0201927
tt10689588,nm10831796
tt10689590,nm0201927
tt10689590,nm10831796
tt10689592,nm0201927
tt10689592,nm10831796
tt10689594,nm0201927
tt10689594,nm10831796
tt10689598,nm0201927
tt10689598,nm10831796
tt10689600,nm0201927
tt10689600,nm10831796
tt10689602,nm0201927
tt10689602,nm10831796
tt10689604,nm0201927
tt10689604,nm10831796
tt10689610,nm0201927
tt10689610,nm10831796
tt10689612,nm0201927
tt10689612,nm10831796
tt10689618,nm0201927
tt10689618,nm10831796
tt10689620,nm0201927
tt10689620,nm10831796
tt10689622,nm0201927
tt10689622,nm10831796
tt10689624,nm0201927
tt10689624,nm10831796
tt10689626,nm0201927
tt10689626,nm10831796
tt10689630,nm0201927
tt10689630,nm10831796
tt10689632,nm0201927
tt10689632,nm10831796
tt10689634,nm0201927
tt10689634,nm10831796
tt10689636,nm0201927
tt10689636,nm10831796
tt10689638,nm0201927
tt10689638,nm10831796
tt10689640,nm0201927
tt10689640,nm10831796
tt10689642,nm0201927
tt10689642,nm10831796
tt10689646,nm0201927
tt10689646,nm10831796
tt10689648,nm0201927
tt10689648,nm10831796
tt10689650,nm0201927
tt10689650,nm10831796
tt10689652,nm0201927
tt10689652,nm10831796
tt10689654,nm0201927
tt10689654,nm10831796
tt10689656,nm0201927
tt10689656,nm10831796
tt10689658,nm0201927
tt10689658,nm10831796
tt10689662,nm0201927
tt10689662,nm10831796
tt10689666,nm0201927
tt10689666,nm10831796
tt10689668,nm0201927
tt10689668,nm10831796
tt10689670,nm0201927
tt10689670,nm10831796
tt10689672,nm0201927
tt10689672,nm10831796
tt10689674,nm0201927
tt10689674,nm10831796
tt10689676,nm0201927
tt10689676,nm10831796
tt10689938,nm5510949
tt10690000,nm5510949
tt10690160,nm5149265
tt10690178,nm5798576
tt10690178,nm9710526
tt10690180,nm5798576
tt10690180,nm9710526
tt10690186,nm5798576
tt10690186,nm9710526
tt10690188,nm5798576
tt10690188,nm9710526
tt10690190,nm5798576
tt10690190,nm9710526
tt10690192,nm5798576
tt10690192,nm9710526
tt10690194,nm5798576
tt10690194,nm9710526
tt10690196,nm5798576
tt10690196,nm9710526
tt10690198,nm5798576
tt10690198,nm9710526
tt10690200,nm5798576
tt10690200,nm9710526
tt10690204,nm5798576
tt10690204,nm9710526
tt10690206,nm5798576
tt10690206,nm9710526
tt10690208,nm5798576
tt10690208,nm9710526
tt10690210,nm5798576
tt10690210,nm9710526
tt10690212,nm5798576
tt10690212,nm9710526
tt10690214,nm5798576
tt10690214,nm9710526
tt10690216,nm5798576
tt10690216,nm9710526
tt10690220,nm5798576
tt10690220,nm9710526
tt10690222,nm5798576
tt10690222,nm9710526
tt10690230,nm5798576
tt10690230,nm9710526
tt10690286,nm4250571
tt10690358,nm10490240
tt10690400,nm10490240
tt10690506,nm3400080
tt10690514,nm10682070
tt10690524,nm10861141
tt10690532,nm4695609
tt10690542,nm10861133
tt10690546,nm10490240
tt10690568,nm4971690
tt10690580,nm4971690
tt10690586,nm4971690
tt10690588,nm4971690
tt10690596,nm10490240
tt10690608,nm10611627
tt10690614,nm10859007
tt10690614,nm2823875
tt10690614,nm9409594
tt10690614,nm9828333
tt10690626,nm10859007
tt10690626,nm2823875
tt10690626,nm9409594
tt10690626,nm9828333
tt10690644,nm1491419
tt10690646,nm10861335
tt10690654,nm10861347
tt10690654,nm5008000
tt10690658,nm2108511
tt10690674,nm7237435
tt10690676,nm0001707
tt10690678,nm7237435
tt10690680,nm1491419
tt10690718,nm6466921
tt10690724,nm6466921
tt10690736,nm6466921
tt10690740,nm6466921
tt10690746,nm10490240
tt10690748,nm6466921
tt10690764,nm6466921
tt10690770,nm6466921
tt10690776,nm6466921
tt10690778,nm10861428
tt10690782,nm10850140
tt10690784,nm6466921
tt10690794,nm10861454
tt10690796,nm6466921
tt10690832,nm6466921
tt10690874,nm6466921
tt10690920,nm6466921
tt10690932,nm10861484
tt10690980,nm6466921
tt10691010,nm10859007
tt10691010,nm2823875
tt10691010,nm9409594
tt10691010,nm9828333
tt10691014,nm6466921
tt10691034,nm6466921
tt10691036,nm10861505
tt10691036,nm9409594
tt10691038,nm4129161
tt10691046,nm6466921
tt10691048,nm10859006
tt10691048,nm9565722
tt10691054,nm10859006
tt10691054,nm9565722
tt10691064,nm10859006
tt10691064,nm9565722
tt10691066,nm6466921
tt10691116,nm6466921
tt10691122,nm6466921
tt10691128,nm10861550
tt10691132,nm6466921
tt10691202,nm10859564
tt10691208,nm10861634
tt10691272,nm8707194
tt10691272,nm9199916
tt10691322,nm0261852
tt10691328,nm1941244
tt10691342,nm1941244
tt10691348,nm1941244
tt10691354,nm1941244
tt10691364,nm1941244
tt10691368,nm1941244
tt10691370,nm1024715
tt10691374,nm1941244
tt10691380,nm8707194
tt10691398,nm8707194
tt10691464,nm0177248
tt10691464,nm2348678
tt10691470,nm2348678
tt10691478,nm7518944
tt10691484,nm2348678
tt10691514,nm2348678
tt10691520,nm7518944
tt10691532,nm2348678
tt10691534,nm7518944
tt10691536,nm2348678
tt10691542,nm2348678
tt10691550,nm8707194
tt10691566,nm10861886
tt10691608,nm10490240
tt10691608,nm10861184
tt10691608,nm10861903
tt10691612,nm10861919
tt10691616,nm1475425
tt10691664,nm5692210
tt10691678,nm10490240
tt10691700,nm6686706
tt10691788,nm4522019
tt10691800,nm5692210
tt10691944,nm0463715
tt10691950,nm2812855
tt10691952,nm10861998
tt10691960,nm5019916
tt10691968,nm5019916
tt10691970,nm1447160
tt10691992,nm5019916
tt10692072,nm6674731
tt10692082,nm0874181
tt10692140,nm1273158
tt10692154,nm5019916
tt10692158,nm0463715
tt10692170,nm5019916
tt10692174,nm10020365
tt10692174,nm5609974
tt10692184,nm5019916
tt10692186,nm6888029
tt10692192,nm2120911
tt10692336,nm1491419
tt10692356,nm1491419
tt10692382,nm1491419
tt10692398,nm1491419
tt10692404,nm9704712
tt10692408,nm2680926
tt10692410,nm2680926
tt10692412,nm1491419
tt10692414,nm2680926
tt10692414,nm7926430
tt10692428,nm1491419
tt10692454,nm10862337
tt10692456,nm10490240
tt10692456,nm10516177
tt10692486,nm1992643
tt10692512,nm10684852
tt10692526,nm10606410
tt10692526,nm6213981
tt10692530,nm10682070
tt10692534,nm10675662
tt10692536,nm10606410
tt10692536,nm6213981
tt10692538,nm10675662
tt10692548,nm10606410
tt10692548,nm6213981
tt10692558,nm10684866
tt10692574,nm10697348
tt10692642,nm3466013
tt10692654,nm10858818
tt10692692,nm3466013
tt10692698,nm0058599
tt10692698,nm2579938
tt10692816,nm6425987
tt10692850,nm10862664
tt10692876,nm5128185
tt10692878,nm10734976
tt10692878,nm10812015
tt10692904,nm6425987
tt10692920,nm6425987
tt10692922,nm6425987
tt10692940,nm5128185
tt10692966,nm2704653
tt10693076,nm4888934
tt10693080,nm2704653
tt10693104,nm1224619
tt10693104,nm1659952
tt10693146,nm10122229
tt10693146,nm10416306
tt10693146,nm10490892
tt10693180,nm10848403
tt10693180,nm10848409
tt10693180,nm7309385
tt10693410,nm10862853
tt10693410,nm8143348
tt10693414,nm5159658
tt10693462,nm5798576
tt10693462,nm9710526
tt10693464,nm5798576
tt10693464,nm9710526
tt10693466,nm5798576
tt10693466,nm9710526
tt10693468,nm5798576
tt10693468,nm9710526
tt10693470,nm5798576
tt10693470,nm9710526
tt10693472,nm5798576
tt10693472,nm9710526
tt10693474,nm5798576
tt10693474,nm9710526
tt10693476,nm5798576
tt10693476,nm9710526
tt10693478,nm5798576
tt10693478,nm9710526
tt10693480,nm5798576
tt10693480,nm9710526
tt10693482,nm5798576
tt10693482,nm9710526
tt10693486,nm5798576
tt10693486,nm9710526
tt10693488,nm5798576
tt10693488,nm9710526
tt10693490,nm5798576
tt10693490,nm9710526
tt10693492,nm5798576
tt10693492,nm9710526
tt10693494,nm5798576
tt10693494,nm9710526
tt10693496,nm5798576
tt10693496,nm9710526
tt10693498,nm5798576
tt10693498,nm9710526
tt10693500,nm5798576
tt10693500,nm9710526
tt10693572,nm1977598
tt10693614,nm1977598
tt10693716,nm1977598
tt10693786,nm0201927
tt10693786,nm10831796
tt10693788,nm0201927
tt10693788,nm10831796
tt10693790,nm0201927
tt10693790,nm10831796
tt10693792,nm0201927
tt10693792,nm10831796
tt10693798,nm0201927
tt10693798,nm10831796
tt10693800,nm0201927
tt10693800,nm10831796
tt10693802,nm0201927
tt10693802,nm10831796
tt10693804,nm0201927
tt10693804,nm10831796
tt10693806,nm0201927
tt10693806,nm10831796
tt10693808,nm0201927
tt10693808,nm10831796
tt10693810,nm0201927
tt10693810,nm10831796
tt10693814,nm0201927
tt10693814,nm10831796
tt10693816,nm0201927
tt10693816,nm10831796
tt10693818,nm0201927
tt10693818,nm10831796
tt10693820,nm0201927
tt10693820,nm10831796
tt10693824,nm0201927
tt10693824,nm10831796
tt10693826,nm0201927
tt10693826,nm10831796
tt10693828,nm0201927
tt10693828,nm10831796
tt10693830,nm0201927
tt10693830,nm10831796
tt10693834,nm0201927
tt10693834,nm10831796
tt10693836,nm0201927
tt10693836,nm10831796
tt10693838,nm0201927
tt10693838,nm10831796
tt10693840,nm0201927
tt10693840,nm10831796
tt10693844,nm0201927
tt10693844,nm10831796
tt10693846,nm0201927
tt10693846,nm10831796
tt10693850,nm0201927
tt10693850,nm10831796
tt10693852,nm0201927
tt10693852,nm10831796
tt10693854,nm0201927
tt10693854,nm10831796
tt10693858,nm0201927
tt10693858,nm10831796
tt10693860,nm0201927
tt10693860,nm10831796
tt10693864,nm0201927
tt10693864,nm10831796
tt10693866,nm0201927
tt10693866,nm10831796
tt10693868,nm0201927
tt10693868,nm10831796
tt10693870,nm0201927
tt10693870,nm10831796
tt10693874,nm0201927
tt10693874,nm10831796
tt10693876,nm0201927
tt10693876,nm10831796
tt10693878,nm0201927
tt10693878,nm10831796
tt10693882,nm0201927
tt10693882,nm10831796
tt10693886,nm0201927
tt10693886,nm10831796
tt10693888,nm0201927
tt10693888,nm10831796
tt10693892,nm0201927
tt10693892,nm10831796
tt10693894,nm0201927
tt10693894,nm10831796
tt10693896,nm0201927
tt10693896,nm10831796
tt10693898,nm0201927
tt10693898,nm10831796
tt10693900,nm0201927
tt10693900,nm10831796
tt10693904,nm0201927
tt10693904,nm10831796
tt10693906,nm0201927
tt10693906,nm10831796
tt10693908,nm0201927
tt10693908,nm10831796
tt10693910,nm0201927
tt10693910,nm10831796
tt10693912,nm0201927
tt10693912,nm10831796
tt10693914,nm0201927
tt10693914,nm10831796
tt10693918,nm0201927
tt10693918,nm10831796
tt10693920,nm0201927
tt10693920,nm10831796
tt10693922,nm0201927
tt10693922,nm10831796
tt10693924,nm0201927
tt10693924,nm10831796
tt10693928,nm0201927
tt10693928,nm10831796
tt10693930,nm0201927
tt10693930,nm10831796
tt10693932,nm0201927
tt10693932,nm10831796
tt10693934,nm0201927
tt10693934,nm10831796
tt10693936,nm0201927
tt10693936,nm10831796
tt10694346,nm10848403
tt10694346,nm10848409
tt10694346,nm7309385
tt10694356,nm0475495
tt10694360,nm0475495
tt10694362,nm0475495
tt10694364,nm0475495
tt10694366,nm0475495
tt10694368,nm0475495
tt10694370,nm0475495
tt10694374,nm0475495
tt10694376,nm0475495
tt10694378,nm0475495
tt10694380,nm0475495
tt10694384,nm0475495
tt10694386,nm10848403
tt10694386,nm10848409
tt10694386,nm7309385
tt10694388,nm4991160
tt10694400,nm10848403
tt10694400,nm10848409
tt10694400,nm7309385
tt10694402,nm3369046
tt10694412,nm10848403
tt10694412,nm10848409
tt10694412,nm7309385
tt10694420,nm0475495
tt10694422,nm0475495
tt10694424,nm0475495
tt10694426,nm0475495
tt10694428,nm0475495
tt10694432,nm0475495
tt10694434,nm0475495
tt10694438,nm0475495
tt10694490,nm10848403
tt10694490,nm10848409
tt10694490,nm7309385
tt10694492,nm0201927
tt10694492,nm10831796
tt10694494,nm0201927
tt10694494,nm10831796
tt10694496,nm0201927
tt10694496,nm10831796
tt10694498,nm0201927
tt10694498,nm10831796
tt10694500,nm0201927
tt10694500,nm10831796
tt10694504,nm0201927
tt10694504,nm10831796
tt10694506,nm0201927
tt10694506,nm10831796
tt10694508,nm0201927
tt10694508,nm10831796
tt10694510,nm0201927
tt10694510,nm10831796
tt10694514,nm0201927
tt10694514,nm10831796
tt10694516,nm0201927
tt10694516,nm10831796
tt10694518,nm0201927
tt10694518,nm10831796
tt10694520,nm0201927
tt10694520,nm10831796
tt10694522,nm0201927
tt10694522,nm10831796
tt10694524,nm0201927
tt10694524,nm10831796
tt10694526,nm0201927
tt10694526,nm10831796
tt10694528,nm0201927
tt10694528,nm10831796
tt10694530,nm0201927
tt10694530,nm10831796
tt10694532,nm3301849
tt10694536,nm0201927
tt10694536,nm10831796
tt10694538,nm0201927
tt10694538,nm10831796
tt10694566,nm10848403
tt10694566,nm10848409
tt10694566,nm7309385
tt10694590,nm7222231
tt10694668,nm2108511
tt10694680,nm2108511
tt10694690,nm2108511
tt10694700,nm2108511
tt10694726,nm10848403
tt10694726,nm10848409
tt10694726,nm7309385
tt10694820,nm10848403
tt10694820,nm10848409
tt10694820,nm7309385
tt10694862,nm7309385
tt10694982,nm8706133
tt10694984,nm3576068
tt10694984,nm9987936
tt10694986,nm3576068
tt10694986,nm9987936
tt10694988,nm3576068
tt10694988,nm9987936
tt10694990,nm3576068
tt10694990,nm9987936
tt10694992,nm3576068
tt10694992,nm9987936
tt10694994,nm3576068
tt10694994,nm9987936
tt10694996,nm3576068
tt10694996,nm9987936
tt10694998,nm3576068
tt10694998,nm9987936
tt10695000,nm3576068
tt10695000,nm9987936
tt10695002,nm3576068
tt10695002,nm9987936
tt10695004,nm3576068
tt10695004,nm9987936
tt10695006,nm3576068
tt10695006,nm9987936
tt10695008,nm3576068
tt10695008,nm9987936
tt10695010,nm3576068
tt10695010,nm9987936
tt10695012,nm3576068
tt10695012,nm9987936
tt10695014,nm3576068
tt10695014,nm9987936
tt10695016,nm3576068
tt10695016,nm9987936
tt10695018,nm3576068
tt10695018,nm9987936
tt10695020,nm3576068
tt10695020,nm9987936
tt10695070,nm2199307
tt10695070,nm2844388
tt10695102,nm10863169
tt10695106,nm1066081
tt10695106,nm3513211
tt10695116,nm1977598
tt10695118,nm10863177
tt10695140,nm11727552
tt10695148,nm4906548
tt10695154,nm10611627
tt10695156,nm10611627
tt10695158,nm10611627
tt10695160,nm10611627
tt10695162,nm10611627
tt10695164,nm10611627
tt10695166,nm10611627
tt10695168,nm10611627
tt10695170,nm10611627
tt10695172,nm10611627
tt10695174,nm10611627
tt10695176,nm10611627
tt10695178,nm10611627
tt10695180,nm10611627
tt10695182,nm10611627
tt10695184,nm10611627
tt10695186,nm10611627
tt10695188,nm10611627
tt10695190,nm10611627
tt10695192,nm10611627
tt10695194,nm10611627
tt10695196,nm10611627
tt10695198,nm10611627
tt10695200,nm10611627
tt10695202,nm10611627
tt10695204,nm10611627
tt10695206,nm10611627
tt10695208,nm10611627
tt10695210,nm10611627
tt10695212,nm10611627
tt10695214,nm10611627
tt10695216,nm10611627
tt10695218,nm10611627
tt10695220,nm10611627
tt10695222,nm10611627
tt10695224,nm10611627
tt10695226,nm10611627
tt10695228,nm10611627
tt10695230,nm10611627
tt10695232,nm10611627
tt10695234,nm10611627
tt10695236,nm10611627
tt10695238,nm10611627
tt10695240,nm10611627
tt10695242,nm10611627
tt10695244,nm10611627
tt10695246,nm10611627
tt10695248,nm10611627
tt10695250,nm10611627
tt10695252,nm10611627
tt10695254,nm10611627
tt10695256,nm10611627
tt10695258,nm10611627
tt10695262,nm10611627
tt10695264,nm10611627
tt10695266,nm10611627
tt10695268,nm10611627
tt10695270,nm10611627
tt10695272,nm10611627
tt10695274,nm10611627
tt10695276,nm10611627
tt10695298,nm7945761
tt10695306,nm7945761
tt10695448,nm0383510
tt10695466,nm0383510
tt10695490,nm10861454
tt10695494,nm10861454
tt10695498,nm10861454
tt10695502,nm10861454
tt10695506,nm10861454
tt10695522,nm0177248
tt10695522,nm2348678
tt10695530,nm3265300
tt10695532,nm1977598
tt10695536,nm7518944
tt10695544,nm4129161
tt10695546,nm4129161
tt10695550,nm4129161
tt10695552,nm1977598
tt10695554,nm4129161
tt10695558,nm4129161
tt10695560,nm6663863
tt10695560,nm9717021
tt10695564,nm1977598
tt10695614,nm10858557
tt10695642,nm1684296
tt10695654,nm1977598
tt10695662,nm1977598
tt10695670,nm1977598
tt10695678,nm7518944
tt10695680,nm0177248
tt10695680,nm2348678
tt10695706,nm7531813
tt10695738,nm5510949
tt10695742,nm2639215
tt10695744,nm10863548
tt10695744,nm10863549
tt10695750,nm2348678
tt10695756,nm1977598
tt10695762,nm5510949
tt10695770,nm9072464
tt10695770,nm9379615
tt10695772,nm10863630
tt10695776,nm2348678
tt10695800,nm11449121
tt10695800,nm2348678
tt10695816,nm7518944
tt10695826,nm1684296
tt10695838,nm7518944
tt10695864,nm2348678
tt10695864,nm7518944
tt10695884,nm8833388
tt10695900,nm1699743
tt10695904,nm1699743
tt10695910,nm1699743
tt10695916,nm1699743
tt10695926,nm1699743
tt10695944,nm2508057
tt10695946,nm10863722
tt10695958,nm2417174
tt10695974,nm9071573
tt10695978,nm2508057
tt10695986,nm5510949
tt10695996,nm2705324
tt10696022,nm3602590
tt10696048,nm1977598
tt10696060,nm2376721
tt10696092,nm10863851
tt10696098,nm1920642
tt10696160,nm1491419
tt10696214,nm1491419
tt10696228,nm3839856
tt10696260,nm1491419
tt10696280,nm1491419
tt10696294,nm6902511
tt10696312,nm1491419
tt10696318,nm10864003
tt10696400,nm10864022
tt10696438,nm10611627
tt10696440,nm10611627
tt10696442,nm10611627
tt10696444,nm10611627
tt10696446,nm10611627
tt10696448,nm10611627
tt10696450,nm10611627
tt10696452,nm10611627
tt10696454,nm10611627
tt10696456,nm10611627
tt10696458,nm10611627
tt10696460,nm10611627
tt10696462,nm10611627
tt10696464,nm10611627
tt10696468,nm10611627
tt10696472,nm10611627
tt10696474,nm10611627
tt10696480,nm10611627
tt10696482,nm10611627
tt10696486,nm10611627
tt10696490,nm10611627
tt10696492,nm10611627
tt10696494,nm10611627
tt10696496,nm10611627
tt10696498,nm10611627
tt10696500,nm10611627
tt10696502,nm10611627
tt10696504,nm10611627
tt10696508,nm10611627
tt10696510,nm10611627
tt10696512,nm10611627
tt10696514,nm10611627
tt10696516,nm10611627
tt10696518,nm10611627
tt10696520,nm10611627
tt10696522,nm10611627
tt10696524,nm10611627
tt10696526,nm10611627
tt10696528,nm10611627
tt10696532,nm10611627
tt10696534,nm10611627
tt10696536,nm10611627
tt10696538,nm10611627
tt10696540,nm10611627
tt10696542,nm10611627
tt10696544,nm10611627
tt10696546,nm10611627
tt10696548,nm10611627
tt10696550,nm10611627
tt10696554,nm10611627
tt10696556,nm10611627
tt10696558,nm10611627
tt10696562,nm10611627
tt10696564,nm10611627
tt10696566,nm10611627
tt10696568,nm10611627
tt10696570,nm10611627
tt10696574,nm10611627
tt10696576,nm10611627
tt10696578,nm10611627
tt10696646,nm3576068
tt10696646,nm9987936
tt10696650,nm3576068
tt10696650,nm9987936
tt10696652,nm3576068
tt10696652,nm9987936
tt10696654,nm3576068
tt10696654,nm9987936
tt10696656,nm3576068
tt10696656,nm9987936
tt10696658,nm3576068
tt10696658,nm9987936
tt10696660,nm3576068
tt10696660,nm9987936
tt10696662,nm3576068
tt10696662,nm9987936
tt10696664,nm3576068
tt10696664,nm9987936
tt10696668,nm3576068
tt10696668,nm9987936
tt10696670,nm3576068
tt10696670,nm9987936
tt10696672,nm3576068
tt10696672,nm9987936
tt10696674,nm3576068
tt10696674,nm9987936
tt10696676,nm3576068
tt10696676,nm9987936
tt10696678,nm3576068
tt10696678,nm9987936
tt10696680,nm3576068
tt10696680,nm9987936
tt10696682,nm3576068
tt10696682,nm9987936
tt10696684,nm3576068
tt10696684,nm9987936
tt10696686,nm3576068
tt10696686,nm9987936
tt10696688,nm3576068
tt10696688,nm9987936
tt10696886,nm8287686
tt10697184,nm0201927
tt10697184,nm10831796
tt10697188,nm0201927
tt10697188,nm10831796
tt10697190,nm0201927
tt10697190,nm10831796
tt10697192,nm0201927
tt10697192,nm10831796
tt10697194,nm0201927
tt10697194,nm10831796
tt10697196,nm0201927
tt10697196,nm10831796
tt10697198,nm0201927
tt10697198,nm10831796
tt10697200,nm0201927
tt10697200,nm10831796
tt10697202,nm0201927
tt10697202,nm10831796
tt10697204,nm0201927
tt10697204,nm10831796
tt10697208,nm0201927
tt10697208,nm10831796
tt10697210,nm0201927
tt10697210,nm10831796
tt10697214,nm0201927
tt10697214,nm10831796
tt10697216,nm0201927
tt10697216,nm10831796
tt10697218,nm0201927
tt10697218,nm10831796
tt10697220,nm0201927
tt10697220,nm10831796
tt10697222,nm0201927
tt10697222,nm10831796
tt10697224,nm0201927
tt10697224,nm10831796
tt10697226,nm0201927
tt10697226,nm10831796
tt10697228,nm0201927
tt10697228,nm10831796
tt10697274,nm0475495
tt10697276,nm0475495
tt10697278,nm0475495
tt10697280,nm0475495
tt10697282,nm0475495
tt10697284,nm0475495
tt10697286,nm0475495
tt10697288,nm0475495
tt10697290,nm0475495
tt10697292,nm0475495
tt10697294,nm0475495
tt10697296,nm0475495
tt10697298,nm0475495
tt10697300,nm0475495
tt10697302,nm0475495
tt10697304,nm0475495
tt10697306,nm0475495
tt10697308,nm0475495
tt10697310,nm0475495
tt10697314,nm0475495
tt10697652,nm10864486
tt10697654,nm10864486
tt10697716,nm0851839
tt10697718,nm0851839
tt10697720,nm0851839
tt10697722,nm0851839
tt10697728,nm0851839
tt10697730,nm0851839
tt10697732,nm0851839
tt10697734,nm0851839
tt10697822,nm10864558
tt10698216,nm3249477
tt10698496,nm4827288
tt10698496,nm7935884
tt10698528,nm2506402
tt10698590,nm10864736
tt10698590,nm2586631
tt10698640,nm1756732
tt10698664,nm10864832
tt10698664,nm2223578
tt10698664,nm2228446
tt10698664,nm3310408
tt10698668,nm6351367
tt10698916,nm0613924
tt10698994,nm10848403
tt10698994,nm10848409
tt10698994,nm10848412
tt10698994,nm7309385
tt10698994,nm7349197
tt10698994,nm7721155
tt10699034,nm10408037
tt10699034,nm10408043
tt10699034,nm10409958
tt10699034,nm10865120
tt10699056,nm6983374
tt10699102,nm10774538
tt10699102,nm10869007
tt10699110,nm10848403
tt10699110,nm7309385
tt10699134,nm3533695
tt10699136,nm10848403
tt10699136,nm10848409
tt10699136,nm10848412
tt10699136,nm7309385
tt10699136,nm7721155
tt10699138,nm1647341
tt10699140,nm2086451
tt10699144,nm10848403
tt10699144,nm10848409
tt10699144,nm10848412
tt10699144,nm7309385
tt10699144,nm7721155
tt10699148,nm2086451
tt10699152,nm10848403
tt10699152,nm10848409
tt10699152,nm7309385
tt10699152,nm7721155
tt10699156,nm12393554
tt10699156,nm5749399
tt10699176,nm10848403
tt10699176,nm10848409
tt10699176,nm10848412
tt10699176,nm7309385
tt10699176,nm7721155
tt10699184,nm10848403
tt10699184,nm10848409
tt10699184,nm10848412
tt10699184,nm7309385
tt10699184,nm7721155
tt10699190,nm10848403
tt10699190,nm7309385
tt10699194,nm10848403
tt10699194,nm10848409
tt10699194,nm10848412
tt10699194,nm7309385
tt10699194,nm7721155
tt10699196,nm2086451
tt10699214,nm10848403
tt10699214,nm10848409
tt10699214,nm10848412
tt10699214,nm7309385
tt10699214,nm7721155
tt10699228,nm7309385
tt10699230,nm9704712
tt10699232,nm10848412
tt10699232,nm7309385
tt10699232,nm7349197
tt10699238,nm10865417
tt10699420,nm8584659
tt10699510,nm9704712
tt10699520,nm7194878
tt10699532,nm6869452
tt10699602,nm10848403
tt10699602,nm10848409
tt10699602,nm7309385
tt10699604,nm10865547
tt10699620,nm9704712
tt10699628,nm7309385
tt10699628,nm7349197
tt10699632,nm7194878
tt10699658,nm2539636
tt10699676,nm7194878
tt10699758,nm0201927
tt10699758,nm10831796
tt10699760,nm0201927
tt10699760,nm10831796
tt10699762,nm0201927
tt10699762,nm10831796
tt10699764,nm0201927
tt10699764,nm10831796
tt10699766,nm0201927
tt10699766,nm10831796
tt10699768,nm0201927
tt10699768,nm10831796
tt10699770,nm0201927
tt10699770,nm10831796
tt10699774,nm0201927
tt10699774,nm10831796
tt10699776,nm0201927
tt10699776,nm10831796
tt10699782,nm0201927
tt10699782,nm10831796
tt10699784,nm0201927
tt10699784,nm10831796
tt10699786,nm0201927
tt10699786,nm10831796
tt10699790,nm0201927
tt10699790,nm10831796
tt10699794,nm0201927
tt10699794,nm10831796
tt10699796,nm0201927
tt10699796,nm10831796
tt10699798,nm0201927
tt10699798,nm10831796
tt10699800,nm0201927
tt10699800,nm10831796
tt10699810,nm0201927
tt10699810,nm10831796
tt10699812,nm0201927
tt10699812,nm10831796
tt10699814,nm0201927
tt10699814,nm10831796
tt10699818,nm0201927
tt10699818,nm10831796
tt10699820,nm0201927
tt10699820,nm10831796
tt10699822,nm0201927
tt10699822,nm10831796
tt10699824,nm0201927
tt10699824,nm10831796
tt10699826,nm0201927
tt10699826,nm10831796
tt10699830,nm0201927
tt10699830,nm10831796
tt10699832,nm0201927
tt10699832,nm10831796
tt10699834,nm0201927
tt10699834,nm10831796
tt10699836,nm0201927
tt10699836,nm10831796
tt10699838,nm0201927
tt10699838,nm10831796
tt10699840,nm0201927
tt10699840,nm10831796
tt10699842,nm0201927
tt10699842,nm10831796
tt10699844,nm0201927
tt10699844,nm10831796
tt10699846,nm10848403
tt10699846,nm7309385
tt10699848,nm0201927
tt10699848,nm10831796
tt10699850,nm0201927
tt10699850,nm10831796
tt10699854,nm0201927
tt10699854,nm10831796
tt10699856,nm0201927
tt10699856,nm10831796
tt10699858,nm0201927
tt10699858,nm10831796
tt10699864,nm0201927
tt10699864,nm10831796
tt10699866,nm0201927
tt10699866,nm10831796
tt10699870,nm0201927
tt10699870,nm10831796
tt10699872,nm4207706
tt10699874,nm0201927
tt10699874,nm10831796
tt10699876,nm0201927
tt10699876,nm10831796
tt10699878,nm0201927
tt10699878,nm10831796
tt10699880,nm0201927
tt10699880,nm10831796
tt10699882,nm0201927
tt10699882,nm10831796
tt10699884,nm0201927
tt10699884,nm10831796
tt10699886,nm0201927
tt10699886,nm10831796
tt10699888,nm0201927
tt10699888,nm10831796
tt10699890,nm0201927
tt10699890,nm10831796
tt10699892,nm0201927
tt10699892,nm10831796
tt10699894,nm0201927
tt10699894,nm10831796
tt10699896,nm0201927
tt10699896,nm10831796
tt10699898,nm0201927
tt10699898,nm10831796
tt10699900,nm0201927
tt10699900,nm10831796
tt10699902,nm0201927
tt10699902,nm10831796
tt10699904,nm0201927
tt10699904,nm10831796
tt10699906,nm0201927
tt10699906,nm10831796
tt10699908,nm0201927
tt10699908,nm10831796
tt10699910,nm0201927
tt10699910,nm10831796
tt10699934,nm10865607
tt10699956,nm10848403
tt10699956,nm7309385
tt10700070,nm8718510
tt10700164,nm5798576
tt10700164,nm9710526
tt10700166,nm5798576
tt10700166,nm9710526
tt10700168,nm5798576
tt10700168,nm9710526
tt10700170,nm5798576
tt10700170,nm9710526
tt10700172,nm5798576
tt10700172,nm9710526
tt10700174,nm5798576
tt10700174,nm9710526
tt10700176,nm5798576
tt10700176,nm9710526
tt10700178,nm5798576
tt10700178,nm9710526
tt10700180,nm5798576
tt10700180,nm9710526
tt10700182,nm5798576
tt10700182,nm9710526
tt10700184,nm5798576
tt10700184,nm9710526
tt10700190,nm5798576
tt10700190,nm9710526
tt10700192,nm5798576
tt10700192,nm9710526
tt10700194,nm5798576
tt10700194,nm9710526
tt10700196,nm5798576
tt10700196,nm9710526
tt10700198,nm5798576
tt10700198,nm9710526
tt10700200,nm5798576
tt10700200,nm9710526
tt10700202,nm5798576
tt10700202,nm9710526
tt10700204,nm5798576
tt10700204,nm9710526
tt10700206,nm5798576
tt10700206,nm9710526
tt10700430,nm10848403
tt10700430,nm10848409
tt10700430,nm7309385
tt10700438,nm2351854
tt10700546,nm10848403
tt10700546,nm7309385
tt10700642,nm6542051
tt10700658,nm10848403
tt10700658,nm7309385
tt10700702,nm6542051
tt10700808,nm10848403
tt10700808,nm7309385
tt10700810,nm10865767
tt10700818,nm10865797
tt10700820,nm10848403
tt10700820,nm7309385
tt10700828,nm2770404
tt10700828,nm7730884
tt10700838,nm10848403
tt10700838,nm7309385
tt10700888,nm10848403
tt10700888,nm7309385
tt10701004,nm10848403
tt10701004,nm7309385
tt10701008,nm6542051
tt10701020,nm10848403
tt10701020,nm7309385
tt10701034,nm10848403
tt10701034,nm7309385
tt10701048,nm6542051
tt10701050,nm10848403
tt10701050,nm7309385
tt10701064,nm6542051
tt10701084,nm10848403
tt10701084,nm7309385
tt10701108,nm6542051
tt10701116,nm10865870
tt10701126,nm3004744
tt10701142,nm6542051
tt10701150,nm1977598
tt10701160,nm13047057
tt10701170,nm1977598
tt10701208,nm1977598
tt10701314,nm6542051
tt10701330,nm6542051
tt10701382,nm6542051
tt10701410,nm10865929
tt10701464,nm6406087
tt10701542,nm3075120
tt10701718,nm1967253
tt10701720,nm0613924
tt10701734,nm5396040
tt10701758,nm10866096
tt10701928,nm3687037
tt10701994,nm10866193
tt10701998,nm10866200
tt10702150,nm2770404
tt10702150,nm7730884
tt10702284,nm6794426
tt10702306,nm1755064
tt10702312,nm6794426
tt10702322,nm6794426
tt10702336,nm6794426
tt10702530,nm10182921
tt10702592,nm10866408
tt10702620,nm1975753
tt10702634,nm2770404
tt10702634,nm7730884
tt10702640,nm10866445
tt10702686,nm1885073
tt10702686,nm2231005
tt10702686,nm4813436
tt10702690,nm10866096
tt10702856,nm7067676
tt10702862,nm0613924
tt10702862,nm3887238
tt10702876,nm10845922
tt10702934,nm7067676
tt10703106,nm7067676
tt10703118,nm0562764
tt10703170,nm0562764
tt10703172,nm2770404
tt10703172,nm7730884
tt10703196,nm0562764
tt10703198,nm10866612
tt10703206,nm1071827
tt10703214,nm0562764
tt10703218,nm0562764
tt10703222,nm7031356
tt10703240,nm0562764
tt10703274,nm0562764
tt10703284,nm0562764
tt10703320,nm0562764
tt10703326,nm1971706
tt10703326,nm2096177
tt10703326,nm4250645
tt10703328,nm0562764
tt10703370,nm0177248
tt10703438,nm1086110
tt10703448,nm7997654
tt10703452,nm5652442
tt10703456,nm5652442
tt10703458,nm5652442
tt10703514,nm7627059
tt10703528,nm7627059
tt10703528,nm8392268
tt10703628,nm10866988
tt10703628,nm11526529
tt10703634,nm0702965
tt10703786,nm10020365
tt10703786,nm5609974
tt10703802,nm5652442
tt10703806,nm5409175
tt10703900,nm5692210
tt10703902,nm2680737
tt10703954,nm6123423
tt10703970,nm6123423
tt10703984,nm6123423
tt10703986,nm7445794
tt10703986,nm8353570
tt10703996,nm6123423
tt10704078,nm1241445
tt10704274,nm8836371
tt10704364,nm13563036
tt10704364,nm7199643
tt10704366,nm10867603
tt10704622,nm8635375
tt10704842,nm5798576
tt10704842,nm9710526
tt10704844,nm5798576
tt10704844,nm9710526
tt10704846,nm5798576
tt10704846,nm9710526
tt10704848,nm5798576
tt10704848,nm9710526
tt10704850,nm5798576
tt10704850,nm9710526
tt10704852,nm5798576
tt10704852,nm9710526
tt10704854,nm5798576
tt10704854,nm9710526
tt10704856,nm5798576
tt10704856,nm9710526
tt10704860,nm5798576
tt10704860,nm9710526
tt10704862,nm5798576
tt10704862,nm9710526
tt10704864,nm5798576
tt10704864,nm9710526
tt10704866,nm5798576
tt10704866,nm9710526
tt10704868,nm5798576
tt10704868,nm9710526
tt10704870,nm5798576
tt10704870,nm9710526
tt10704876,nm5798576
tt10704876,nm9710526
tt10704878,nm5798576
tt10704878,nm9710526
tt10704882,nm5798576
tt10704882,nm9710526
tt10704884,nm5798576
tt10704884,nm9710526
tt10704886,nm5798576
tt10704886,nm9710526
tt10704888,nm5798576
tt10704888,nm9710526
tt10705052,nm0201927
tt10705052,nm10831796
tt10705054,nm0201927
tt10705054,nm10831796
tt10705056,nm0201927
tt10705056,nm10831796
tt10705058,nm0201927
tt10705058,nm10831796
tt10705060,nm0201927
tt10705060,nm10831796
tt10705062,nm0201927
tt10705062,nm10831796
tt10705064,nm0201927
tt10705064,nm10831796
tt10705066,nm0201927
tt10705066,nm10831796
tt10705068,nm0201927
tt10705068,nm10831796
tt10705070,nm0201927
tt10705070,nm10831796
tt10705072,nm0201927
tt10705072,nm10831796
tt10705074,nm0201927
tt10705074,nm10831796
tt10705076,nm0201927
tt10705076,nm10831796
tt10705080,nm0201927
tt10705080,nm10831796
tt10705082,nm0201927
tt10705082,nm10831796
tt10705084,nm0201927
tt10705084,nm10831796
tt10705086,nm0201927
tt10705086,nm10831796
tt10705088,nm0201927
tt10705088,nm10831796
tt10705092,nm0201927
tt10705092,nm10831796
tt10705094,nm0201927
tt10705094,nm10831796
tt10705096,nm0201927
tt10705096,nm10831796
tt10705098,nm0201927
tt10705098,nm10831796
tt10705100,nm0201927
tt10705100,nm10831796
tt10705102,nm0201927
tt10705102,nm10831796
tt10705104,nm0201927
tt10705104,nm10831796
tt10705106,nm0201927
tt10705106,nm10831796
tt10705108,nm0201927
tt10705108,nm10831796
tt10705110,nm0201927
tt10705110,nm10831796
tt10705112,nm0201927
tt10705112,nm10831796
tt10705114,nm0201927
tt10705114,nm10831796
tt10705118,nm0201927
tt10705118,nm10831796
tt10705120,nm0201927
tt10705120,nm10831796
tt10705122,nm0201927
tt10705122,nm10831796
tt10705124,nm0201927
tt10705124,nm10831796
tt10705126,nm0201927
tt10705126,nm10831796
tt10705128,nm0201927
tt10705128,nm10831796
tt10705130,nm0201927
tt10705130,nm10831796
tt10705132,nm0201927
tt10705132,nm10831796
tt10705134,nm0201927
tt10705134,nm10831796
tt10705136,nm0201927
tt10705136,nm10831796
tt10705138,nm0201927
tt10705138,nm10831796
tt10705140,nm0201927
tt10705140,nm10831796
tt10705142,nm0201927
tt10705142,nm10831796
tt10705144,nm0201927
tt10705144,nm10831796
tt10705146,nm0201927
tt10705146,nm10831796
tt10705150,nm0201927
tt10705150,nm10831796
tt10705152,nm0201927
tt10705152,nm10831796
tt10705154,nm0201927
tt10705154,nm10831796
tt10705156,nm0201927
tt10705156,nm10831796
tt10705158,nm0201927
tt10705158,nm10831796
tt10705160,nm0201927
tt10705160,nm10831796
tt10705162,nm0201927
tt10705162,nm10831796
tt10705164,nm0201927
tt10705164,nm10831796
tt10705166,nm0201927
tt10705166,nm10831796
tt10705168,nm0201927
tt10705168,nm10831796
tt10705170,nm0201927
tt10705170,nm10831796
tt10705172,nm0201927
tt10705172,nm10831796
tt10705174,nm0201927
tt10705174,nm10831796
tt10705176,nm0201927
tt10705176,nm10831796
tt10705178,nm0201927
tt10705178,nm10831796
tt10705196,nm1677105
tt10705384,nm1563832
tt10705570,nm0475495
tt10705572,nm0475495
tt10705574,nm0475495
tt10705576,nm0475495
tt10705578,nm0475495
tt10705580,nm0475495
tt10705582,nm0475495
tt10705584,nm0475495
tt10705586,nm0475495
tt10705588,nm0475495
tt10705590,nm0475495
tt10705592,nm0475495
tt10705594,nm0475495
tt10705596,nm0475495
tt10705598,nm0475495
tt10705600,nm0475495
tt10705602,nm0475495
tt10705604,nm0475495
tt10705606,nm0475495
tt10705608,nm0475495
tt10705694,nm0201927
tt10705694,nm10831796
tt10705698,nm0201927
tt10705698,nm10831796
tt10705700,nm0201927
tt10705700,nm10831796
tt10705704,nm0201927
tt10705704,nm10831796
tt10705706,nm0201927
tt10705706,nm10831796
tt10705708,nm0201927
tt10705708,nm10831796
tt10705710,nm0201927
tt10705710,nm10831796
tt10705712,nm0201927
tt10705712,nm10831796
tt10705714,nm0201927
tt10705714,nm10831796
tt10705716,nm0201927
tt10705716,nm10831796
tt10705718,nm0201927
tt10705718,nm10831796
tt10705720,nm0201927
tt10705720,nm10831796
tt10705722,nm0201927
tt10705722,nm10831796
tt10705724,nm0201927
tt10705724,nm10831796
tt10705726,nm0201927
tt10705726,nm10831796
tt10705728,nm0201927
tt10705728,nm10831796
tt10705730,nm0201927
tt10705730,nm10831796
tt10705734,nm0201927
tt10705734,nm10831796
tt10705736,nm0201927
tt10705736,nm10831796
tt10705738,nm0201927
tt10705738,nm10831796
tt10705960,nm2576239
tt10706078,nm7498564
tt10706236,nm3576068
tt10706236,nm9987936
tt10706238,nm3576068
tt10706238,nm9987936
tt10706240,nm3576068
tt10706240,nm9987936
tt10706242,nm3576068
tt10706242,nm9987936
tt10706244,nm3576068
tt10706244,nm9987936
tt10706248,nm3576068
tt10706248,nm9987936
tt10706250,nm3576068
tt10706250,nm9987936
tt10706252,nm3576068
tt10706252,nm9987936
tt10706254,nm3576068
tt10706254,nm9987936
tt10706256,nm3576068
tt10706256,nm9987936
tt10706258,nm3576068
tt10706258,nm9987936
tt10706260,nm3576068
tt10706260,nm9987936
tt10706262,nm3576068
tt10706262,nm9987936
tt10706264,nm3576068
tt10706264,nm9987936
tt10706266,nm3576068
tt10706266,nm9987936
tt10706268,nm3576068
tt10706268,nm9987936
tt10706270,nm3576068
tt10706270,nm9987936
tt10706272,nm3576068
tt10706272,nm9987936
tt10706274,nm3576068
tt10706274,nm9987936
tt10706276,nm8639264
tt10706330,nm10611627
tt10706332,nm10611627
tt10706334,nm10611627
tt10706344,nm10611627
tt10706346,nm10611627
tt10706348,nm10611627
tt10706350,nm10611627
tt10706352,nm10611627
tt10706354,nm10611627
tt10706356,nm10611627
tt10706358,nm10611627
tt10706360,nm10611627
tt10706362,nm10611627
tt10706364,nm10611627
tt10706370,nm10611627
tt10706372,nm10611627
tt10706374,nm10611627
tt10706376,nm10611627
tt10706378,nm10611627
tt10706380,nm10611627
tt10706384,nm10611627
tt10706386,nm10611627
tt10706388,nm10611627
tt10706390,nm10611627
tt10706392,nm10611627
tt10706394,nm10611627
tt10706396,nm10611627
tt10706398,nm10611627
tt10706400,nm10611627
tt10706402,nm10611627
tt10706404,nm10611627
tt10706406,nm10611627
tt10706408,nm10611627
tt10706410,nm10611627
tt10706414,nm10611627
tt10706416,nm10611627
tt10706418,nm10611627
tt10706422,nm10611627
tt10706424,nm10611627
tt10706426,nm10611627
tt10706432,nm10611627
tt10706436,nm10611627
tt10706438,nm10611627
tt10706440,nm10611627
tt10706442,nm10611627
tt10706444,nm10611627
tt10706446,nm10611627
tt10706448,nm10611627
tt10706450,nm10611627
tt10706452,nm10611627
tt10706454,nm10611627
tt10706456,nm10611627
tt10706458,nm10611627
tt10706460,nm10611627
tt10706462,nm10611627
tt10706464,nm10611627
tt10706466,nm10611627
tt10706468,nm10611627
tt10706470,nm10611627
tt10706472,nm10611627
tt10706500,nm13047057
tt10706502,nm13047057
tt10706504,nm13047057
tt10706506,nm13047057
tt10706508,nm13047057
tt10706510,nm13047057
tt10706514,nm13047057
tt10706516,nm13047057
tt10706518,nm13047057
tt10706520,nm10865870
tt10706524,nm10865870
tt10706526,nm10865870
tt10706528,nm10865870
tt10706530,nm10865870
tt10706532,nm10865870
tt10706534,nm10865870
tt10706536,nm10865870
tt10706604,nm10222064
tt10706652,nm8373484
tt10706652,nm9291696
tt10706710,nm10044491
tt10706722,nm10867603
tt10706734,nm0945717
tt10706796,nm10868010
tt10706812,nm1618296
tt10706878,nm7639177
tt10706884,nm2185926
tt10706894,nm2185926
tt10706918,nm2185926
tt10706924,nm2118842
tt10706940,nm2185926
tt10706944,nm2185926
tt10706946,nm2185926
tt10706948,nm2185926
tt10706950,nm2185926
tt10706952,nm10868271
tt10706954,nm2185926
tt10706956,nm2185926
tt10707036,nm10307850
tt10707066,nm10307850
tt10707086,nm2576239
tt10707106,nm4311051
tt10707170,nm7711112
tt10707316,nm4150324
tt10707496,nm9771193
tt10707836,nm10307850
tt10707848,nm10734975
tt10707848,nm10868599
tt10707850,nm10307850
tt10707862,nm10307850
tt10707896,nm1375928
tt10707908,nm2118842
tt10707918,nm10868640
tt10707918,nm4838060
tt10707922,nm2118842
tt10707924,nm2118842
tt10707926,nm2118842
tt10707928,nm2118842
tt10707946,nm9771193
tt10707950,nm2118842
tt10707954,nm0022198
tt10707954,nm10868646
tt10707956,nm2118842
tt10707960,nm2118842
tt10707962,nm2118842
tt10707982,nm9771193
tt10707992,nm9771193
tt10708000,nm3156030
tt10708010,nm9771193
tt10708050,nm5325853
tt10708110,nm3156030
tt10708162,nm10140634
tt10708176,nm10140634
tt10708210,nm10140634
tt10708242,nm10140634
tt10708246,nm10140634
tt10708256,nm10140634
tt10708258,nm10140634
tt10708462,nm7332563
tt10708804,nm11212482
tt10709066,nm6425987
tt10709144,nm6425987
tt10709150,nm6425987
tt10709152,nm6425987
tt10709154,nm10774538
tt10709156,nm6425987
tt10709160,nm6425987
tt10709162,nm6425987
tt10709164,nm10774538
tt10709176,nm9283012
tt10709182,nm10869029
tt10709290,nm1419674
tt10709324,nm1776976
tt10709388,nm2158747
tt10709618,nm2325060
tt10709618,nm7731455
tt10709618,nm8567521
tt10709628,nm10869295
tt10709824,nm10865870
tt10709826,nm10865870
tt10709828,nm10865870
tt10709830,nm10865870
tt10709832,nm10865870
tt10709834,nm10865870
tt10709838,nm10865870
tt10709840,nm10865870
tt10709842,nm10865870
tt10709844,nm10865870
tt10709846,nm13047057
tt10709848,nm13047057
tt10709850,nm13047057
tt10709852,nm13047057
tt10709854,nm13047057
tt10709856,nm13047057
tt10709858,nm13047057
tt10709860,nm13047057
tt10709862,nm13047057
tt10709864,nm13047057
tt10709892,nm10611627
tt10709894,nm10611627
tt10709896,nm10611627
tt10709898,nm10611627
tt10709900,nm10611627
tt10709902,nm10611627
tt10709904,nm10611627
tt10709908,nm10611627
tt10709910,nm10611627
tt10709912,nm10611627
tt10709916,nm10611627
tt10709918,nm10611627
tt10709920,nm10611627
tt10709922,nm10611627
tt10709924,nm10611627
tt10709926,nm10611627
tt10709928,nm10611627
tt10709932,nm10611627
tt10709934,nm10611627
tt10709936,nm10611627
tt10709938,nm10611627
tt10709940,nm10611627
tt10709942,nm10611627
tt10709944,nm10611627
tt10709948,nm10611627
tt10709950,nm10611627
tt10709952,nm10611627
tt10709954,nm10611627
tt10709956,nm7666788
tt10709958,nm10611627
tt10709960,nm10611627
tt10709962,nm10611627
tt10709964,nm10611627
tt10709966,nm10611627
tt10709968,nm10611627
tt10709970,nm10611627
tt10709972,nm10611627
tt10709974,nm10611627
tt10709978,nm10611627
tt10709980,nm10611627
tt10709982,nm10611627
tt10709984,nm10611627
tt10709986,nm10611627
tt10709988,nm10611627
tt10709990,nm10611627
tt10709992,nm10611627
tt10709994,nm10611627
tt10709996,nm10611627
tt10709998,nm10611627
tt10710000,nm10611627
tt10710002,nm10611627
tt10710004,nm10611627
tt10710006,nm10611627
tt10710008,nm10611627
tt10710010,nm10611627
tt10710014,nm10611627
tt10710016,nm10611627
tt10710020,nm10611627
tt10710022,nm10611627
tt10710024,nm10611627
tt10710026,nm10611627
tt10710108,nm3576068
tt10710108,nm9987936
tt10710110,nm3576068
tt10710110,nm9987936
tt10710112,nm3576068
tt10710112,nm9987936
tt10710114,nm3576068
tt10710114,nm9987936
tt10710116,nm3576068
tt10710116,nm9987936
tt10710118,nm3576068
tt10710118,nm9987936
tt10710120,nm3576068
tt10710120,nm9987936
tt10710122,nm3576068
tt10710122,nm9987936
tt10710124,nm3576068
tt10710124,nm9987936
tt10710126,nm3576068
tt10710126,nm9987936
tt10710128,nm3576068
tt10710128,nm9987936
tt10710130,nm3576068
tt10710130,nm9987936
tt10710132,nm3576068
tt10710132,nm9987936
tt10710134,nm3576068
tt10710134,nm9987936
tt10710136,nm3576068
tt10710136,nm9987936
tt10710140,nm3576068
tt10710140,nm9987936
tt10710142,nm3576068
tt10710142,nm9987936
tt10710144,nm3576068
tt10710144,nm9987936
tt10710146,nm3576068
tt10710146,nm9987936
tt10710148,nm3576068
tt10710148,nm9987936
tt10710150,nm3576068
tt10710150,nm9987936
tt10710482,nm0201927
tt10710482,nm10831796
tt10710484,nm0201927
tt10710484,nm10831796
tt10710486,nm0201927
tt10710486,nm10831796
tt10710488,nm0201927
tt10710488,nm10831796
tt10710490,nm0201927
tt10710490,nm10831796
tt10710494,nm0201927
tt10710494,nm10831796
tt10710498,nm0201927
tt10710498,nm10831796
tt10710500,nm0201927
tt10710500,nm10831796
tt10710502,nm0201927
tt10710502,nm10831796
tt10710506,nm0201927
tt10710506,nm10831796
tt10710508,nm0201927
tt10710508,nm10831796
tt10710510,nm0201927
tt10710510,nm10831796
tt10710514,nm0201927
tt10710514,nm10831796
tt10710516,nm0201927
tt10710516,nm10831796
tt10710518,nm0201927
tt10710518,nm10831796
tt10710520,nm0201927
tt10710520,nm10831796
tt10710522,nm0201927
tt10710522,nm10831796
tt10710526,nm0201927
tt10710526,nm10831796
tt10710528,nm0201927
tt10710528,nm10831796
tt10710532,nm0201927
tt10710532,nm10831796
tt10710582,nm0475495
tt10710584,nm0475495
tt10710588,nm0475495
tt10710590,nm0475495
tt10710592,nm0475495
tt10710596,nm0475495
tt10710600,nm0475495
tt10710602,nm0475495
tt10710604,nm0475495
tt10710608,nm0475495
tt10710612,nm0475495
tt10710614,nm0475495
tt10710618,nm0475495
tt10710622,nm0475495
tt10710624,nm0475495
tt10710628,nm0475495
tt10710630,nm0475495
tt10710634,nm0475495
tt10710638,nm0475495
tt10710640,nm0475495
tt10710722,nm1726784
tt10710726,nm10443995
tt10710824,nm0201927
tt10710824,nm10831796
tt10710826,nm0201927
tt10710826,nm10831796
tt10710828,nm0201927
tt10710828,nm10831796
tt10710830,nm0201927
tt10710830,nm10831796
tt10710832,nm0201927
tt10710832,nm10831796
tt10710834,nm0201927
tt10710834,nm10831796
tt10710836,nm0201927
tt10710836,nm10831796
tt10710838,nm0201927
tt10710838,nm10831796
tt10710840,nm0201927
tt10710840,nm10831796
tt10710842,nm0201927
tt10710842,nm10831796
tt10710844,nm0201927
tt10710844,nm10831796
tt10710846,nm0201927
tt10710846,nm10831796
tt10710848,nm0201927
tt10710848,nm10831796
tt10710850,nm0201927
tt10710850,nm10831796
tt10710852,nm0201927
tt10710852,nm10831796
tt10710854,nm0201927
tt10710854,nm10831796
tt10710856,nm0201927
tt10710856,nm10831796
tt10710858,nm0201927
tt10710858,nm10831796
tt10710860,nm0201927
tt10710860,nm10831796
tt10710864,nm0201927
tt10710864,nm10831796
tt10710866,nm0201927
tt10710866,nm10831796
tt10710868,nm0201927
tt10710868,nm10831796
tt10710870,nm0201927
tt10710870,nm10831796
tt10710872,nm0201927
tt10710872,nm10831796
tt10710874,nm0201927
tt10710874,nm10831796
tt10710876,nm0201927
tt10710876,nm10831796
tt10710878,nm0201927
tt10710878,nm10831796
tt10710880,nm0201927
tt10710880,nm10831796
tt10710882,nm0201927
tt10710882,nm10831796
tt10710884,nm0201927
tt10710884,nm10831796
tt10710886,nm0201927
tt10710886,nm10831796
tt10710888,nm0201927
tt10710888,nm10831796
tt10710890,nm0201927
tt10710890,nm10831796
tt10710892,nm0201927
tt10710892,nm10831796
tt10710894,nm0201927
tt10710894,nm10831796
tt10710896,nm0201927
tt10710896,nm10831796
tt10710898,nm10486549
tt10710900,nm0201927
tt10710900,nm10831796
tt10710904,nm0201927
tt10710904,nm10831796
tt10710906,nm0201927
tt10710906,nm10831796
tt10710908,nm0201927
tt10710908,nm10831796
tt10710910,nm0201927
tt10710910,nm10831796
tt10710912,nm0201927
tt10710912,nm10831796
tt10710914,nm0201927
tt10710914,nm10831796
tt10710916,nm0201927
tt10710916,nm10831796
tt10710918,nm10869581
tt10710920,nm0201927
tt10710920,nm10831796
tt10710922,nm0201927
tt10710922,nm10831796
tt10710924,nm0201927
tt10710924,nm10831796
tt10710926,nm0201927
tt10710926,nm10831796
tt10710928,nm0201927
tt10710928,nm10831796
tt10710930,nm0201927
tt10710930,nm10831796
tt10710932,nm0201927
tt10710932,nm10831796
tt10710934,nm0201927
tt10710934,nm10831796
tt10710936,nm0201927
tt10710936,nm10831796
tt10710938,nm0201927
tt10710938,nm10831796
tt10710942,nm0201927
tt10710942,nm10831796
tt10710944,nm0201927
tt10710944,nm10831796
tt10710946,nm0201927
tt10710946,nm10831796
tt10710948,nm0201927
tt10710948,nm10831796
tt10710950,nm0201927
tt10710950,nm10831796
tt10710952,nm0201927
tt10710952,nm10831796
tt10711014,nm8385046
tt10711120,nm5798576
tt10711120,nm9710526
tt10711122,nm5798576
tt10711122,nm9710526
tt10711124,nm5798576
tt10711124,nm9710526
tt10711126,nm5798576
tt10711126,nm9710526
tt10711128,nm5798576
tt10711128,nm9710526
tt10711130,nm5798576
tt10711130,nm9710526
tt10711132,nm5798576
tt10711132,nm9710526
tt10711134,nm5798576
tt10711134,nm9710526
tt10711136,nm5798576
tt10711136,nm9710526
tt10711138,nm5798576
tt10711138,nm9710526
tt10711140,nm5798576
tt10711140,nm9710526
tt10711142,nm5798576
tt10711142,nm9710526
tt10711144,nm5798576
tt10711144,nm9710526
tt10711146,nm5798576
tt10711146,nm9710526
tt10711148,nm5798576
tt10711148,nm9710526
tt10711150,nm5798576
tt10711150,nm9710526
tt10711152,nm5798576
tt10711152,nm9710526
tt10711154,nm5798576
tt10711154,nm9710526
tt10711156,nm5798576
tt10711156,nm9710526
tt10711158,nm5798576
tt10711158,nm9710526
tt10711428,nm10869670
tt10711552,nm10869694
tt10711712,nm10307850
tt10711922,nm5727175
tt10711924,nm5727175
tt10711928,nm5727175
tt10711932,nm5727175
tt10711936,nm5727175
tt10711938,nm5727175
tt10711942,nm5727175
tt10711944,nm5727175
tt10711946,nm5727175
tt10711950,nm2614152
tt10711950,nm8071832
tt10711952,nm5727175
tt10711964,nm6174353
tt10712108,nm2292262
tt10712164,nm3208214
tt10712314,nm7757842
tt10712376,nm10869927
tt10712378,nm6058238
tt10712424,nm10869993
tt10712452,nm10869993
tt10712482,nm8918666
tt10712492,nm10870021
tt10712524,nm5479870
tt10712542,nm7757842
tt10712572,nm4186725
tt10712574,nm4735619
tt10712600,nm10104498
tt10712622,nm10870021
tt10712682,nm1491419
tt10712708,nm10278484
tt10712710,nm5292466
tt10712720,nm8810489
tt10712784,nm10870167
tt10712794,nm10870172
tt10712800,nm10278484
tt10712800,nm10870368
tt10712806,nm3095542
tt10712810,nm3095542
tt10712814,nm3095542
tt10712818,nm10870189
tt10712818,nm10870190
tt10712858,nm10870172
tt10712864,nm10870224
tt10712940,nm1651631
tt10712940,nm1745936
tt10712988,nm10870368
tt10713070,nm10870466
tt10713070,nm10870467
tt10713074,nm7692773
tt10713088,nm6458946
tt10713198,nm10870528
tt10713244,nm10869295
tt10713248,nm10869295
tt10713280,nm7465935
tt10713286,nm9489782
tt10713300,nm3418304
tt10713316,nm9066510
tt10713352,nm0241469
tt10713352,nm1508268
tt10713442,nm8639264
tt10713446,nm10870782
tt10713748,nm1659952
tt10713776,nm2279297
tt10713776,nm3869964
tt10713828,nm6188262
tt10713992,nm10871027
tt10714296,nm1755171
tt10714302,nm0003670
tt10714350,nm0907297
tt10714766,nm4776052
tt10714780,nm0344955
tt10714792,nm0754887
tt10714792,nm3389883
tt10714800,nm0754887
tt10714800,nm3389883
tt10714804,nm0241469
tt10714804,nm1235149
tt10714808,nm0754887
tt10714808,nm1463466
tt10714812,nm8732472
tt10714814,nm0593488
tt10714814,nm2279297
tt10714814,nm3869964
tt10714814,nm5454348
tt10714816,nm0241469
tt10714816,nm1235149
tt10714822,nm0241469
tt10714822,nm1235149
tt10714842,nm0241469
tt10714842,nm1235149
tt10714848,nm1310660
tt10714870,nm9432539
tt10715012,nm10871702
tt10715012,nm10871703
tt10715138,nm10858337
tt10715144,nm10871871
tt10715170,nm10490892
tt10715170,nm10800275
tt10715170,nm7791131
tt10715180,nm5362444
tt10715222,nm10586029
tt10715250,nm2337439
tt10715254,nm1564613
tt10715254,nm6748380
tt10715306,nm3265300
tt10715322,nm3265300
tt10715332,nm3265300
tt10715336,nm3265300
tt10715340,nm3265300
tt10715348,nm9244729
tt10715364,nm9244729
tt10715372,nm9244729
tt10715434,nm2639215
tt10715440,nm2639215
tt10715444,nm2639215
tt10715448,nm2639215
tt10715484,nm1294950
tt10715484,nm9066265
tt10715622,nm2705324
tt10715624,nm2705324
tt10715632,nm2705324
tt10715656,nm4672225
tt10715664,nm2705324
tt10715670,nm4678459
tt10715734,nm3602590
tt10715746,nm3602590
tt10715758,nm3602590
tt10715770,nm3602590
tt10715778,nm2376721
tt10715814,nm2376721
tt10715834,nm10872128
tt10715836,nm2376721
tt10715848,nm2376721
tt10715940,nm2108511
tt10716012,nm3103313
tt10716142,nm8524151
tt10716218,nm10376603
tt10716226,nm5798576
tt10716226,nm9710526
tt10716228,nm5798576
tt10716228,nm9710526
tt10716230,nm5798576
tt10716230,nm9710526
tt10716232,nm5798576
tt10716232,nm9710526
tt10716234,nm5798576
tt10716234,nm9710526
tt10716236,nm5798576
tt10716236,nm9710526
tt10716240,nm5798576
tt10716240,nm9710526
tt10716242,nm5798576
tt10716242,nm9710526
tt10716244,nm5798576
tt10716244,nm9710526
tt10716248,nm5798576
tt10716248,nm9710526
tt10716250,nm5798576
tt10716250,nm9710526
tt10716252,nm5798576
tt10716252,nm9710526
tt10716254,nm5798576
tt10716254,nm9710526
tt10716256,nm5798576
tt10716256,nm9710526
tt10716258,nm5798576
tt10716258,nm9710526
tt10716260,nm5798576
tt10716260,nm9710526
tt10716262,nm5798576
tt10716262,nm9710526
tt10716264,nm5798576
tt10716264,nm9710526
tt10716266,nm5798576
tt10716266,nm9710526
tt10716268,nm5798576
tt10716268,nm9710526
tt10716312,nm10872193
tt10716374,nm10858337
tt10716428,nm10849213
tt10716432,nm0201927
tt10716432,nm10831796
tt10716434,nm0201927
tt10716434,nm10831796
tt10716436,nm0201927
tt10716436,nm10831796
tt10716438,nm0201927
tt10716438,nm10831796
tt10716440,nm0201927
tt10716440,nm10831796
tt10716442,nm0201927
tt10716442,nm10831796
tt10716444,nm0201927
tt10716444,nm10831796
tt10716446,nm0201927
tt10716446,nm10831796
tt10716448,nm0201927
tt10716448,nm10831796
tt10716450,nm0201927
tt10716450,nm10831796
tt10716452,nm0201927
tt10716452,nm10831796
tt10716454,nm0201927
tt10716454,nm10831796
tt10716456,nm0201927
tt10716456,nm10831796
tt10716460,nm0201927
tt10716460,nm10831796
tt10716462,nm0201927
tt10716462,nm10831796
tt10716464,nm0201927
tt10716464,nm10831796
tt10716466,nm0201927
tt10716466,nm10831796
tt10716472,nm0201927
tt10716472,nm10831796
tt10716476,nm0201927
tt10716476,nm10831796
tt10716478,nm0201927
tt10716478,nm10831796
tt10716480,nm0201927
tt10716480,nm10831796
tt10716482,nm0201927
tt10716482,nm10831796
tt10716484,nm0201927
tt10716484,nm10831796
tt10716486,nm0201927
tt10716486,nm10831796
tt10716488,nm0201927
tt10716488,nm10831796
tt10716490,nm0201927
tt10716490,nm10831796
tt10716492,nm0201927
tt10716492,nm10831796
tt10716494,nm0201927
tt10716494,nm10831796
tt10716496,nm0201927
tt10716496,nm10831796
tt10716498,nm0201927
tt10716498,nm10831796
tt10716500,nm0201927
tt10716500,nm10831796
tt10716502,nm0201927
tt10716502,nm10831796
tt10716504,nm0201927
tt10716504,nm10831796
tt10716506,nm0201927
tt10716506,nm10831796
tt10716508,nm0201927
tt10716508,nm10831796
tt10716510,nm0201927
tt10716510,nm10831796
tt10716512,nm0201927
tt10716512,nm10831796
tt10716514,nm0201927
tt10716514,nm10831796
tt10716516,nm0201927
tt10716516,nm10831796
tt10716518,nm0201927
tt10716518,nm10831796
tt10716520,nm0201927
tt10716520,nm10831796
tt10716522,nm0201927
tt10716522,nm10831796
tt10716524,nm0201927
tt10716524,nm10831796
tt10716526,nm0201927
tt10716526,nm10831796
tt10716528,nm0201927
tt10716528,nm10831796
tt10716530,nm0201927
tt10716530,nm10831796
tt10716532,nm0201927
tt10716532,nm10831796
tt10716534,nm0201927
tt10716534,nm10831796
tt10716536,nm0201927
tt10716536,nm10831796
tt10716538,nm0201927
tt10716538,nm10831796
tt10716540,nm0201927
tt10716540,nm10831796
tt10716542,nm0201927
tt10716542,nm10831796
tt10716544,nm0201927
tt10716544,nm10831796
tt10716546,nm9127780
tt10716548,nm1920642
tt10716550,nm0201927
tt10716550,nm10831796
tt10716552,nm0201927
tt10716552,nm10831796
tt10716554,nm0201927
tt10716554,nm10831796
tt10716556,nm0201927
tt10716556,nm10831796
tt10716558,nm0201927
tt10716558,nm10831796
tt10716622,nm3795493
tt10716624,nm0475495
tt10716626,nm0475495
tt10716628,nm0475495
tt10716630,nm0475495
tt10716634,nm0475495
tt10716636,nm0475495
tt10716638,nm0475495
tt10716640,nm0475495
tt10716644,nm0475495
tt10716648,nm0475495
tt10716650,nm0475495
tt10716652,nm0475495
tt10716662,nm0201927
tt10716662,nm10831796
tt10716672,nm0201927
tt10716672,nm10831796
tt10716674,nm0201927
tt10716674,nm10831796
tt10716676,nm0201927
tt10716676,nm10831796
tt10716678,nm0201927
tt10716678,nm10831796
tt10716680,nm0201927
tt10716680,nm10831796
tt10716682,nm0201927
tt10716682,nm10831796
tt10716684,nm0201927
tt10716684,nm10831796
tt10716686,nm0201927
tt10716686,nm10831796
tt10716692,nm0201927
tt10716692,nm10831796
tt10716694,nm0201927
tt10716694,nm10831796
tt10716700,nm0201927
tt10716700,nm10831796
tt10716702,nm0201927
tt10716702,nm10831796
tt10716704,nm0201927
tt10716704,nm10831796
tt10716706,nm0201927
tt10716706,nm10831796
tt10716708,nm0201927
tt10716708,nm10831796
tt10716710,nm0201927
tt10716710,nm10831796
tt10716714,nm0201927
tt10716714,nm10831796
tt10716716,nm0201927
tt10716716,nm10831796
tt10716720,nm0201927
tt10716720,nm10831796
tt10716744,nm2521339
tt10716744,nm4245729
tt10716872,nm1310660
tt10716888,nm10872276
tt10716888,nm4870808
tt10716950,nm9760504
tt10716984,nm3576068
tt10716984,nm9987936
tt10716986,nm3576068
tt10716986,nm9987936
tt10716988,nm3576068
tt10716988,nm9987936
tt10716990,nm3576068
tt10716990,nm9987936
tt10716992,nm3576068
tt10716992,nm9987936
tt10716994,nm3576068
tt10716994,nm9987936
tt10716996,nm3576068
tt10716996,nm9987936
tt10716998,nm3576068
tt10716998,nm9987936
tt10717002,nm3576068
tt10717002,nm9987936
tt10717004,nm1188291
tt10717006,nm3576068
tt10717006,nm9987936
tt10717010,nm3576068
tt10717010,nm9987936
tt10717012,nm3576068
tt10717012,nm9987936
tt10717014,nm3576068
tt10717014,nm9987936
tt10717016,nm3576068
tt10717016,nm9987936
tt10717018,nm3576068
tt10717018,nm9987936
tt10717020,nm3576068
tt10717020,nm9987936
tt10717024,nm3576068
tt10717024,nm9987936
tt10717026,nm3576068
tt10717026,nm9987936
tt10717028,nm3576068
tt10717028,nm9987936
tt10717030,nm3576068
tt10717030,nm9987936
tt10717036,nm10611627
tt10717038,nm10611627
tt10717040,nm10611627
tt10717042,nm10611627
tt10717044,nm10611627
tt10717046,nm10611627
tt10717048,nm10611627
tt10717050,nm10611627
tt10717052,nm10611627
tt10717054,nm10611627
tt10717056,nm10611627
tt10717058,nm10611627
tt10717060,nm10611627
tt10717062,nm10611627
tt10717064,nm10611627
tt10717066,nm10611627
tt10717068,nm10611627
tt10717070,nm10611627
tt10717072,nm10611627
tt10717074,nm10611627
tt10717076,nm10611627
tt10717078,nm10611627
tt10717080,nm10611627
tt10717082,nm10611627
tt10717084,nm10611627
tt10717086,nm10611627
tt10717088,nm10611627
tt10717090,nm10611627
tt10717092,nm10611627
tt10717094,nm10611627
tt10717096,nm10611627
tt10717098,nm10611627
tt10717100,nm10611627
tt10717102,nm10611627
tt10717104,nm10611627
tt10717106,nm10611627
tt10717108,nm5562692
tt10717110,nm10611627
tt10717114,nm10611627
tt10717116,nm10611627
tt10717118,nm10611627
tt10717122,nm10611627
tt10717124,nm10611627
tt10717126,nm10611627
tt10717128,nm10611627
tt10717130,nm10611627
tt10717132,nm10611627
tt10717134,nm10611627
tt10717138,nm10611627
tt10717140,nm10611627
tt10717142,nm10611627
tt10717144,nm10611627
tt10717146,nm10611627
tt10717148,nm10611627
tt10717150,nm10611627
tt10717152,nm10611627
tt10717154,nm10611627
tt10717156,nm10611627
tt10717160,nm10611627
tt10717162,nm10611627
tt10717166,nm10611627
tt10717212,nm13047057
tt10717214,nm13047057
tt10717216,nm13047057
tt10717218,nm13047057
tt10717220,nm13047057
tt10717222,nm13047057
tt10717224,nm13047057
tt10717228,nm13047057
tt10717230,nm13047057
tt10717232,nm13047057
tt10717234,nm13047057
tt10717236,nm13047057
tt10717238,nm13047057
tt10717240,nm13047057
tt10717242,nm13047057
tt10717244,nm13047057
tt10717248,nm13047057
tt10717250,nm13047057
tt10717254,nm13047057
tt10717256,nm13047057
tt10717260,nm10865870
tt10717262,nm10865870
tt10717264,nm10865870
tt10717266,nm10865870
tt10717268,nm10865870
tt10717270,nm10865870
tt10717274,nm10865870
tt10717278,nm10865870
tt10717280,nm10865870
tt10717282,nm10865870
tt10717284,nm10865870
tt10717288,nm10865870
tt10717290,nm10865870
tt10717292,nm10865870
tt10717294,nm10865870
tt10717296,nm10865870
tt10717300,nm10865870
tt10717302,nm10865870
tt10717306,nm10865870
tt10717308,nm10865870
tt10717348,nm10583386
tt10717384,nm10583386
tt10717410,nm10583386
tt10717442,nm10583386
tt10717502,nm10583386
tt10717664,nm8061655
tt10717802,nm10032144
tt10717816,nm4825867
tt10717834,nm2730731
tt10717840,nm2730731
tt10717846,nm2730731
tt10717856,nm2730731
tt10717858,nm2730731
tt10717860,nm2730731
tt10717868,nm2730731
tt10717878,nm4825867
tt10717882,nm2730731
tt10717888,nm3956045
tt10717894,nm2730731
tt10717902,nm2730731
tt10717908,nm2730731
tt10717916,nm2730731
tt10717934,nm2310802
tt10717958,nm4825867
tt10717970,nm1891455
tt10717972,nm1891455
tt10717974,nm1891455
tt10717976,nm1891455
tt10717978,nm1891455
tt10717980,nm1891455
tt10717982,nm1891455
tt10717984,nm1891455
tt10717986,nm1891455
tt10717988,nm1891455
tt10717998,nm1891455
tt10718000,nm1891455
tt10718002,nm1891455
tt10718004,nm1891455
tt10718006,nm1891455
tt10718008,nm1891455
tt10718010,nm1891455
tt10718012,nm1891455
tt10718014,nm1891455
tt10718016,nm1891455
tt10718022,nm1891455
tt10718024,nm1891455
tt10718026,nm1891455
tt10718030,nm1891455
tt10718034,nm1891455
tt10718036,nm1891455
tt10718038,nm1891455
tt10718040,nm1891455
tt10718042,nm1891455
tt10718044,nm1891455
tt10718056,nm1891455
tt10718058,nm1891455
tt10718060,nm1891455
tt10718062,nm1891455
tt10718064,nm1891455
tt10718066,nm1891455
tt10718068,nm1891455
tt10718070,nm1891455
tt10718072,nm1891455
tt10718074,nm1891455
tt10718136,nm1487328
tt10718296,nm0078660
tt10718326,nm10872720
tt10718326,nm4275547
tt10718346,nm10872720
tt10718346,nm4275547
tt10718438,nm1994243
tt10718462,nm3438844
tt10718518,nm2376721
tt10718518,nm4736491
tt10718638,nm10872770
tt10718648,nm10872774
tt10718654,nm9862549
tt10718736,nm5870957
tt10718774,nm1357921
tt10718866,nm10872824
tt10719020,nm1337648
tt10719020,nm8386223
tt10719120,nm10994135
tt10719150,nm10873028
tt10719172,nm10774408
tt10719172,nm10774410
tt10719220,nm3815410
tt10719230,nm10873074
tt10719248,nm3815410
tt10719298,nm10278484
tt10719300,nm8810489
tt10719456,nm10278484
tt10719496,nm8707194
tt10719502,nm10870368
tt10719508,nm8707194
tt10719556,nm7531112
tt10719556,nm7917179
tt10719588,nm3531945
tt10719650,nm7531112
tt10719650,nm7917179
tt10719652,nm5384247
tt10719674,nm9512374
tt10719684,nm7531112
tt10719684,nm7917179
tt10719700,nm7531112
tt10719700,nm7917179
tt10719704,nm4149779
tt10719712,nm7531112
tt10719712,nm7917179
tt10719726,nm7531112
tt10719726,nm7917179
tt10719744,nm7531112
tt10719744,nm7917179
tt10719766,nm7531112
tt10719766,nm7917179
tt10719788,nm7917179
tt10719824,nm2527057
tt10719824,nm4375590
tt10719888,nm8707194
tt10719940,nm10873486
tt10719944,nm0188173
tt10720058,nm10873602
tt10720062,nm10873603
tt10720084,nm4498477
tt10720084,nm6424039
tt10720260,nm1224619
tt10720262,nm10874036
tt10720262,nm4393944
tt10720302,nm0797475
tt10720328,nm9775485
tt10720480,nm10473592
tt10720508,nm10873849
tt10720508,nm10873850
tt10720508,nm5064666
tt10720512,nm10035944
tt10720548,nm9775485
tt10720558,nm9775485
tt10720562,nm9775485
tt10720590,nm10874036
tt10720590,nm4393944
tt10720594,nm10874043
tt10720620,nm10874056
tt10720632,nm0474356
tt10720632,nm1598308
tt10720632,nm5231430
tt10720634,nm1136776
tt10720634,nm1598308
tt10720638,nm1136776
tt10720642,nm1598308
tt10720644,nm1136776
tt10720644,nm1598308
tt10720646,nm1598308
tt10720648,nm1136776
tt10720650,nm1136776
tt10720654,nm1136776
tt10720656,nm1136776
tt10720706,nm3821208
tt10720744,nm10422077
tt10720752,nm10422077
tt10720758,nm10422077
tt10720764,nm10422077
tt10720768,nm10874201
tt10720770,nm0614986
tt10720772,nm0614986
tt10720774,nm10422077
tt10720780,nm0614986
tt10720782,nm0614986
tt10720784,nm10422077
tt10720786,nm0614986
tt10720790,nm0614986
tt10720796,nm0614986
tt10720800,nm0614986
tt10720804,nm0614986
tt10720810,nm0614986
tt10720812,nm0614986
tt10720818,nm0614986
tt10720822,nm0614986
tt10720824,nm0614986
tt10720828,nm0614986
tt10720832,nm0614986
tt10720834,nm10422077
tt10720836,nm0614986
tt10720838,nm1834255
tt10720838,nm4699024
tt10720840,nm0614986
tt10720842,nm10422077
tt10720848,nm10422077
tt10720860,nm10422077
tt10720862,nm10007287
tt10720862,nm7612215
tt10720862,nm9963151
tt10720866,nm10422077
tt10720874,nm10422077
tt10720888,nm0677838
tt10720894,nm10422077
tt10720904,nm0677838
tt10720922,nm10799842
tt10720928,nm10702783
tt10720938,nm10799842
tt10720940,nm10422077
tt10720970,nm0677838
tt10720996,nm1182771
tt10720996,nm2723374
tt10721000,nm1182771
tt10721000,nm2723374
tt10721006,nm1182771
tt10721006,nm2723374
tt10721012,nm1182771
tt10721012,nm2723374
tt10721014,nm1182771
tt10721014,nm2723374
tt10721042,nm1182771
tt10721042,nm2723374
tt10721046,nm1182771
tt10721046,nm2723374
tt10721054,nm1182771
tt10721054,nm2723374
tt10721062,nm1182771
tt10721062,nm2723374
tt10721080,nm5920470
tt10721080,nm7386672
tt10721080,nm8774148
tt10721106,nm2279297
tt10721106,nm3869964
tt10721274,nm10872824
tt10721284,nm10872824
tt10721290,nm10872824
tt10721294,nm10872824
tt10721308,nm1357921
tt10721312,nm1357921
tt10721320,nm1357921
tt10721324,nm1357921
tt10721332,nm5870957
tt10721334,nm5870957
tt10721344,nm5870957
tt10721462,nm2376721
tt10721462,nm4736491
tt10721466,nm2376721
tt10721466,nm4736491
tt10721468,nm2376721
tt10721468,nm4736491
tt10721470,nm2376721
tt10721470,nm4736491
tt10721494,nm1994243
tt10721506,nm1994243
tt10721870,nm10865870
tt10721872,nm10865870
tt10721876,nm10865870
tt10721878,nm10865870
tt10721880,nm10865870
tt10721882,nm10865870
tt10721884,nm10865870
tt10721886,nm10865870
tt10721888,nm10865870
tt10721890,nm10865870
tt10721892,nm10865870
tt10721894,nm10865870
tt10721898,nm10865870
tt10721900,nm10865870
tt10721902,nm10865870
tt10721904,nm10865870
tt10721906,nm10865870
tt10721908,nm10865870
tt10721912,nm10865870
tt10721914,nm10865870
tt10721918,nm13047057
tt10721920,nm13047057
tt10721922,nm13047057
tt10721924,nm13047057
tt10721926,nm13047057
tt10721928,nm13047057
tt10721932,nm13047057
tt10721934,nm13047057
tt10721938,nm13047057
tt10721942,nm13047057
tt10721944,nm13047057
tt10721946,nm13047057
tt10721948,nm13047057
tt10721950,nm13047057
tt10721952,nm13047057
tt10721954,nm13047057
tt10721956,nm13047057
tt10721958,nm13047057
tt10721962,nm13047057
tt10721964,nm13047057
tt10721968,nm4650852
tt10722000,nm10611627
tt10722002,nm10611627
tt10722004,nm10611627
tt10722006,nm10611627
tt10722010,nm10611627
tt10722012,nm10611627
tt10722014,nm10611627
tt10722016,nm10611627
tt10722020,nm10611627
tt10722022,nm10611627
tt10722024,nm10611627
tt10722026,nm10611627
tt10722028,nm10611627
tt10722030,nm10611627
tt10722032,nm10611627
tt10722034,nm10611627
tt10722036,nm10611627
tt10722038,nm10611627
tt10722042,nm10611627
tt10722044,nm10611627
tt10722046,nm10611627
tt10722050,nm10611627
tt10722052,nm10611627
tt10722054,nm10611627
tt10722056,nm10611627
tt10722060,nm10611627
tt10722062,nm10611627
tt10722064,nm10611627
tt10722066,nm10611627
tt10722068,nm10611627
tt10722070,nm10611627
tt10722072,nm10611627
tt10722074,nm10611627
tt10722076,nm10611627
tt10722078,nm10611627
tt10722080,nm10611627
tt10722082,nm10611627
tt10722084,nm10611627
tt10722086,nm10611627
tt10722088,nm10611627
tt10722092,nm10611627
tt10722096,nm10611627
tt10722098,nm10611627
tt10722100,nm10611627
tt10722102,nm10611627
tt10722104,nm10611627
tt10722106,nm10611627
tt10722108,nm10611627
tt10722112,nm10611627
tt10722114,nm10611627
tt10722118,nm10611627
tt10722124,nm10611627
tt10722130,nm10611627
tt10722132,nm10611627
tt10722134,nm10611627
tt10722138,nm10611627
tt10722140,nm10611627
tt10722142,nm10611627
tt10722144,nm3576068
tt10722144,nm9987936
tt10722146,nm10611627
tt10722148,nm3576068
tt10722148,nm9987936
tt10722150,nm3576068
tt10722150,nm9987936
tt10722152,nm3576068
tt10722152,nm9987936
tt10722154,nm3576068
tt10722154,nm9987936
tt10722156,nm3576068
tt10722156,nm9987936
tt10722158,nm3576068
tt10722158,nm9987936
tt10722160,nm3576068
tt10722160,nm9987936
tt10722162,nm3576068
tt10722162,nm9987936
tt10722164,nm3576068
tt10722164,nm9987936
tt10722166,nm3576068
tt10722166,nm9987936
tt10722318,nm0201927
tt10722318,nm10831796
tt10722320,nm0201927
tt10722320,nm10831796
tt10722322,nm0201927
tt10722322,nm10831796
tt10722324,nm0201927
tt10722324,nm10831796
tt10722326,nm0201927
tt10722326,nm10831796
tt10722328,nm0201927
tt10722328,nm10831796
tt10722330,nm0201927
tt10722330,nm10831796
tt10722332,nm0201927
tt10722332,nm10831796
tt10722334,nm0201927
tt10722334,nm10831796
tt10722336,nm0201927
tt10722336,nm10831796
tt10722338,nm0201927
tt10722338,nm10831796
tt10722342,nm0201927
tt10722342,nm10831796
tt10722346,nm1994243
tt10722350,nm0201927
tt10722350,nm10831796
tt10722352,nm0201927
tt10722352,nm10831796
tt10722354,nm0201927
tt10722354,nm10831796
tt10722356,nm0201927
tt10722356,nm10831796
tt10722358,nm0201927
tt10722358,nm10831796
tt10722360,nm0201927
tt10722360,nm10831796
tt10722362,nm0201927
tt10722362,nm10831796
tt10722364,nm0201927
tt10722364,nm10831796
tt10722368,nm1994243
tt10722370,nm1994243
tt10722424,nm10872720
tt10722424,nm4275547
tt10722426,nm0201927
tt10722426,nm10831796
tt10722428,nm0201927
tt10722428,nm10831796
tt10722430,nm10872720
tt10722430,nm4275547
tt10722432,nm0201927
tt10722432,nm10831796
tt10722434,nm0201927
tt10722434,nm10831796
tt10722436,nm0201927
tt10722436,nm10831796
tt10722438,nm0201927
tt10722438,nm10831796
tt10722440,nm10872720
tt10722440,nm4275547
tt10722444,nm0201927
tt10722444,nm10831796
tt10722446,nm0201927
tt10722446,nm10831796
tt10722448,nm0201927
tt10722448,nm10831796
tt10722450,nm0201927
tt10722450,nm10831796
tt10722454,nm0201927
tt10722454,nm10831796
tt10722456,nm0201927
tt10722456,nm10831796
tt10722458,nm0201927
tt10722458,nm10831796
tt10722460,nm10872720
tt10722460,nm4275547
tt10722462,nm0201927
tt10722462,nm10831796
tt10722464,nm0201927
tt10722464,nm10831796
tt10722466,nm0201927
tt10722466,nm10831796
tt10722468,nm0201927
tt10722468,nm10831796
tt10722470,nm0201927
tt10722470,nm10831796
tt10722472,nm0201927
tt10722472,nm10831796
tt10722474,nm0201927
tt10722474,nm10831796
tt10722480,nm0201927
tt10722480,nm10831796
tt10722482,nm0201927
tt10722482,nm10831796
tt10722484,nm0201927
tt10722484,nm10831796
tt10722486,nm0201927
tt10722486,nm10831796
tt10722488,nm0201927
tt10722488,nm10831796
tt10722490,nm0201927
tt10722490,nm10831796
tt10722492,nm0201927
tt10722492,nm10831796
tt10722494,nm0201927
tt10722494,nm10831796
tt10722496,nm0201927
tt10722496,nm10831796
tt10722500,nm0201927
tt10722500,nm10831796
tt10722502,nm0201927
tt10722502,nm10831796
tt10722504,nm0201927
tt10722504,nm10831796
tt10722506,nm0201927
tt10722506,nm10831796
tt10722508,nm0201927
tt10722508,nm10831796
tt10722510,nm0201927
tt10722510,nm10831796
tt10722512,nm0201927
tt10722512,nm10831796
tt10722514,nm0201927
tt10722514,nm10831796
tt10722520,nm0201927
tt10722520,nm10831796
tt10722522,nm0201927
tt10722522,nm10831796
tt10722528,nm0201927
tt10722528,nm10831796
tt10722534,nm0201927
tt10722534,nm10831796
tt10722536,nm0201927
tt10722536,nm10831796
tt10722538,nm0201927
tt10722538,nm10831796
tt10722540,nm0201927
tt10722540,nm10831796
tt10722542,nm0031967
tt10722544,nm0201927
tt10722544,nm10831796
tt10722546,nm0201927
tt10722546,nm10831796
tt10722548,nm0201927
tt10722548,nm10831796
tt10722550,nm0201927
tt10722550,nm10831796
tt10722552,nm0201927
tt10722552,nm10831796
tt10722554,nm0201927
tt10722554,nm10831796
tt10722556,nm0201927
tt10722556,nm10831796
tt10722558,nm0201927
tt10722558,nm10831796
tt10722560,nm0201927
tt10722560,nm10831796
tt10722562,nm0201927
tt10722562,nm10831796
tt10722566,nm0201927
tt10722566,nm10831796
tt10722574,nm0201927
tt10722574,nm10831796
tt10722578,nm0201927
tt10722578,nm10831796
tt10722580,nm0201927
tt10722580,nm10831796
tt10722582,nm0201927
tt10722582,nm10831796
tt10722630,nm8523744
tt10722706,nm0078660
tt10722710,nm0078660
tt10722712,nm0078660
tt10722786,nm5558043
tt10722786,nm6497088
tt10722790,nm2521339
tt10722794,nm2521339
tt10722796,nm2521339
tt10722798,nm5798576
tt10722798,nm9710526
tt10722800,nm5798576
tt10722800,nm9710526
tt10722802,nm5798576
tt10722802,nm9710526
tt10722804,nm2521339
tt10722806,nm5798576
tt10722806,nm9710526
tt10722808,nm5798576
tt10722808,nm9710526
tt10722810,nm5798576
tt10722810,nm9710526
tt10722812,nm5798576
tt10722812,nm9710526
tt10722814,nm5798576
tt10722814,nm9710526
tt10722816,nm5798576
tt10722816,nm9710526
tt10722818,nm5798576
tt10722818,nm9710526
tt10722820,nm5798576
tt10722820,nm9710526
tt10722822,nm5798576
tt10722822,nm9710526
tt10722824,nm5798576
tt10722824,nm9710526
tt10722828,nm5798576
tt10722828,nm9710526
tt10722830,nm5798576
tt10722830,nm9710526
tt10722832,nm5798576
tt10722832,nm9710526
tt10722836,nm5798576
tt10722836,nm9710526
tt10722838,nm5798576
tt10722838,nm9710526
tt10722840,nm1920642
tt10722842,nm5798576
tt10722842,nm9710526
tt10722844,nm5798576
tt10722844,nm9710526
tt10722846,nm1920642
tt10722848,nm1920642
tt10722946,nm10485367
tt10723064,nm2426568
tt10723064,nm4194230
tt10723154,nm7298984
tt10723172,nm5395150
tt10723184,nm1422242
tt10723192,nm1422242
tt10723200,nm1422242
tt10723208,nm1422242
tt10723218,nm1422242
tt10723228,nm1422242
tt10723240,nm1422242
tt10723242,nm1422242
tt10723254,nm1422242
tt10723256,nm1422242
tt10723262,nm1422242
tt10723276,nm1422242
tt10723282,nm1422242
tt10723284,nm4032058
tt10723286,nm1422242
tt10723288,nm1422242
tt10723294,nm1422242
tt10723300,nm1422242
tt10723312,nm1422242
tt10723320,nm1422242
tt10723330,nm1422242
tt10723336,nm1422242
tt10723344,nm1422242
tt10723348,nm1422242
tt10723352,nm1422242
tt10723354,nm1422242
tt10723360,nm1422242
tt10723374,nm1422242
tt10723382,nm1422242
tt10723384,nm1422242
tt10723390,nm1422242
tt10723470,nm10848933
tt10723476,nm1298267
tt10723536,nm10376603
tt10723544,nm10376603
tt10723562,nm10376603
tt10723734,nm3103313
tt10723742,nm3103313
tt10723750,nm3103313
tt10723752,nm9173365
tt10723756,nm3103313
tt10723762,nm1756732
tt10723762,nm3097622
tt10723762,nm5012547
tt10723762,nm5975296
tt10723780,nm9173365
tt10723784,nm2108511
tt10723786,nm2108511
tt10723792,nm2108511
tt10723796,nm2108511
tt10723814,nm2108511
tt10723816,nm1756732
tt10723816,nm3097622
tt10723816,nm5012547
tt10723816,nm5975296
tt10723818,nm1756732
tt10723818,nm3097622
tt10723818,nm5012547
tt10723818,nm5975296
tt10723820,nm1756732
tt10723820,nm3097622
tt10723820,nm5012547
tt10723822,nm1756732
tt10723822,nm3097622
tt10723822,nm5012547
tt10723822,nm5975296
tt10723824,nm1756732
tt10723824,nm3097622
tt10723824,nm5012547
tt10723824,nm5975296
tt10723828,nm1756732
tt10723828,nm3097622
tt10723828,nm5012547
tt10723828,nm5975296
tt10723830,nm1756732
tt10723830,nm3097622
tt10723830,nm5012547
tt10723830,nm5975296
tt10723832,nm1756732
tt10723832,nm3097622
tt10723832,nm5012547
tt10723832,nm5975296
tt10723834,nm1756732
tt10723834,nm3097622
tt10723834,nm5012547
tt10723834,nm5975296
tt10723836,nm1756732
tt10723836,nm3097622
tt10723836,nm5012547
tt10723836,nm5975296
tt10723844,nm1756732
tt10723844,nm3097622
tt10723844,nm5012547
tt10723844,nm5975296
tt10723846,nm1756732
tt10723846,nm3097622
tt10723846,nm5012547
tt10723846,nm5975296
tt10723848,nm1756732
tt10723848,nm3097622
tt10723848,nm5012547
tt10723848,nm5975296
tt10723852,nm1756732
tt10723852,nm3097622
tt10723852,nm5012547
tt10723852,nm5975296
tt10723854,nm1756732
tt10723854,nm3097622
tt10723854,nm5012547
tt10723854,nm5975296
tt10723858,nm1756732
tt10723858,nm3097622
tt10723858,nm5012547
tt10723860,nm1756732
tt10723860,nm3097622
tt10723860,nm5012547
tt10723864,nm1756732
tt10723864,nm3097622
tt10723864,nm5012547
tt10723864,nm5975296
tt10723868,nm1756732
tt10723868,nm3097622
tt10723868,nm5012547
tt10723870,nm1756732
tt10723870,nm3097622
tt10723870,nm5012547
tt10723874,nm1756732
tt10723874,nm3097622
tt10723874,nm5012547
tt10723876,nm1756732
tt10723876,nm3097622
tt10723876,nm5012547
tt10723878,nm1756732
tt10723878,nm3097622
tt10723878,nm5012547
tt10723880,nm1756732
tt10723880,nm3097622
tt10723880,nm5012547
tt10723882,nm1756732
tt10723882,nm3097622
tt10723882,nm5012547
tt10723884,nm1756732
tt10723884,nm3097622
tt10723884,nm5012547
tt10723886,nm1756732
tt10723886,nm3097622
tt10723886,nm5012547
tt10723888,nm1756732
tt10723888,nm3097622
tt10723888,nm5012547
tt10723892,nm1756732
tt10723892,nm3097622
tt10723892,nm5012547
tt10723898,nm1756732
tt10723898,nm3097622
tt10723898,nm5012547
tt10723900,nm1756732
tt10723900,nm3097622
tt10723900,nm5012547
tt10723902,nm1756732
tt10723902,nm3097622
tt10723902,nm5012547
tt10723904,nm1756732
tt10723904,nm3097622
tt10723904,nm5012547
tt10723908,nm1756732
tt10723908,nm3097622
tt10723908,nm5012547
tt10723910,nm1756732
tt10723910,nm3097622
tt10723910,nm5012547
tt10723914,nm1756732
tt10723914,nm3097622
tt10723914,nm5012547
tt10723918,nm1756732
tt10723918,nm3097622
tt10723918,nm5012547
tt10723922,nm1756732
tt10723922,nm3097622
tt10723922,nm5012547
tt10723924,nm1756732
tt10723924,nm3097622
tt10723924,nm5012547
tt10723928,nm1756732
tt10723928,nm3097622
tt10723928,nm5012547
tt10723982,nm9173365
tt10723988,nm9173365
tt10723996,nm10848933
tt10723998,nm9173365
tt10724016,nm10872501
tt10724064,nm10519111
tt10724078,nm10519111
tt10724084,nm10519111
tt10724086,nm10519111
tt10724088,nm10519111
tt10724092,nm10519111
tt10724094,nm10519111
tt10724098,nm10519111
tt10724100,nm10519111
tt10724102,nm10519111
tt10724104,nm10519111
tt10724106,nm10519111
tt10724108,nm10519111
tt10724110,nm10519111
tt10724112,nm10519111
tt10724114,nm10519111
tt10724116,nm10519111
tt10724118,nm10519111
tt10724120,nm10519111
tt10724122,nm10519111
tt10724124,nm10519111
tt10724132,nm10875099
tt10724170,nm8172400
tt10724186,nm8172400
tt10724196,nm8172400
tt10724224,nm8172400
tt10724238,nm10875185
tt10724278,nm1823288
tt10724318,nm1974035
tt10724320,nm10875239
tt10724322,nm1974035
tt10724330,nm1974035
tt10724336,nm1974035
tt10724358,nm9665291
tt10724380,nm10586029
tt10724414,nm6183466
tt10724428,nm8237133
tt10724430,nm7666788
tt10724436,nm7666788
tt10724442,nm5078864
tt10724448,nm9075621
tt10724458,nm9976897
tt10724536,nm9976897
tt10724538,nm10875446
tt10724548,nm5966995
tt10724910,nm8237133
tt10725042,nm8489302
tt10725210,nm10875600
tt10725318,nm1537854
tt10725318,nm8308675
tt10725374,nm3021696
tt10725398,nm10034152
tt10725398,nm10875730
tt10725398,nm10875731
tt10725398,nm10875732
tt10725398,nm10875733
tt10725400,nm1487328
tt10725416,nm1487328
tt10725426,nm1487328
tt10725432,nm1487328
tt10725436,nm1487328
tt10725444,nm1487328
tt10725452,nm1487328
tt10725458,nm1487328
tt10725460,nm10875699
tt10725468,nm1487328
tt10725496,nm1487328
tt10725520,nm1487328
tt10725524,nm10875699
tt10725528,nm1487328
tt10725566,nm10875699
tt10725616,nm3681102
tt10725718,nm7386377
tt10725802,nm10875699
tt10725946,nm0105680
tt10725948,nm0105680
tt10726036,nm10035944
tt10726084,nm8707194
tt10726202,nm3615748
tt10726202,nm7770329
tt10726202,nm8172400
tt10726206,nm3615748
tt10726206,nm7770329
tt10726206,nm8172400
tt10726246,nm2595237
tt10726250,nm1487543
tt10726304,nm0460172
tt10726310,nm3615748
tt10726310,nm7770329
tt10726310,nm8172400
tt10726312,nm3615748
tt10726312,nm7770329
tt10726312,nm8172400
tt10726328,nm8294708
tt10726446,nm9071573
tt10726456,nm10876515
tt10726456,nm2602099
tt10726478,nm4138245
tt10726478,nm4142775
tt10726546,nm10876603
tt10726676,nm5665787
tt10726748,nm7975071
tt10726762,nm10739843
tt10726762,nm10876712
tt10726762,nm10876713
tt10726762,nm10876714
tt10726762,nm10876715
tt10726762,nm10876716
tt10726832,nm2279297
tt10726832,nm3869964
tt10726832,nm7382608
tt10726842,nm10876138
tt10726880,nm1224619
tt10726880,nm1659952
tt10726888,nm10876893
tt10726910,nm9391386
tt10726926,nm9391386
tt10726932,nm1659952
tt10726938,nm10876922
tt10726954,nm10564747
tt10726956,nm1224619
tt10726992,nm4620389
tt10726996,nm2053767
tt10727000,nm10564747
tt10727018,nm4620389
tt10727042,nm2209010
tt10727122,nm1354500
tt10727144,nm10877120
tt10727144,nm10877121
tt10727154,nm7791131
tt10727154,nm9393452
tt10727154,nm9393466
tt10727184,nm1354500
tt10727194,nm4014277
tt10727234,nm10519111
tt10727236,nm10519111
tt10727240,nm10519111
tt10727242,nm10519111
tt10727244,nm10519111
tt10727246,nm10519111
tt10727248,nm10519111
tt10727250,nm10519111
tt10727252,nm10519111
tt10727256,nm10519111
tt10727258,nm10519111
tt10727260,nm10519111
tt10727262,nm10519111
tt10727264,nm10519111
tt10727266,nm10519111
tt10727268,nm10519111
tt10727272,nm10519111
tt10727274,nm10519111
tt10727276,nm10519111
tt10727278,nm10519111
tt10727280,nm9624175
tt10727330,nm1756732
tt10727330,nm3097622
tt10727330,nm5012547
tt10727332,nm1756732
tt10727332,nm3097622
tt10727332,nm5012547
tt10727334,nm1756732
tt10727334,nm3097622
tt10727334,nm5012547
tt10727336,nm1756732
tt10727336,nm3097622
tt10727336,nm5012547
tt10727346,nm1756732
tt10727346,nm3097622
tt10727346,nm5012547
tt10727354,nm1756732
tt10727354,nm3097622
tt10727354,nm5012547
tt10727356,nm1756732
tt10727356,nm3097622
tt10727356,nm5012547
tt10727362,nm1756732
tt10727362,nm3097622
tt10727362,nm5012547
tt10727364,nm1756732
tt10727364,nm3097622
tt10727364,nm5012547
tt10727366,nm1756732
tt10727366,nm3097622
tt10727366,nm5012547
tt10727368,nm1756732
tt10727368,nm3097622
tt10727368,nm5012547
tt10727372,nm1756732
tt10727372,nm3097622
tt10727372,nm5012547
tt10727374,nm1756732
tt10727374,nm3097622
tt10727374,nm5012547
tt10727376,nm1756732
tt10727376,nm3097622
tt10727376,nm5012547
tt10727376,nm5975296
tt10727378,nm1756732
tt10727378,nm3097622
tt10727378,nm5012547
tt10727382,nm1756732
tt10727382,nm3097622
tt10727382,nm5012547
tt10727384,nm1756732
tt10727384,nm3097622
tt10727384,nm5012547
tt10727388,nm1756732
tt10727388,nm3097622
tt10727388,nm5012547
tt10727392,nm1756732
tt10727392,nm3097622
tt10727392,nm5012547
tt10727394,nm1756732
tt10727394,nm3097622
tt10727394,nm5012547
tt10727394,nm5975296
tt10727396,nm1756732
tt10727396,nm3097622
tt10727396,nm5012547
tt10727404,nm1756732
tt10727404,nm3097622
tt10727404,nm5012547
tt10727404,nm5975296
tt10727408,nm1756732
tt10727408,nm3097622
tt10727408,nm5012547
tt10727408,nm5975296
tt10727410,nm1756732
tt10727410,nm3097622
tt10727410,nm5012547
tt10727412,nm1756732
tt10727412,nm3097622
tt10727412,nm5012547
tt10727414,nm1756732
tt10727414,nm3097622
tt10727414,nm5012547
tt10727416,nm1756732
tt10727416,nm3097622
tt10727416,nm5012547
tt10727420,nm1756732
tt10727420,nm3097622
tt10727420,nm5012547
tt10727420,nm5975296
tt10727422,nm1756732
tt10727422,nm3097622
tt10727422,nm5012547
tt10727424,nm1756732
tt10727424,nm3097622
tt10727424,nm5012547
tt10727424,nm5975296
tt10727426,nm1756732
tt10727426,nm3097622
tt10727426,nm5012547
tt10727426,nm5975296
tt10727428,nm1756732
tt10727428,nm3097622
tt10727428,nm5012547
tt10727428,nm5975296
tt10727430,nm1756732
tt10727430,nm3097622
tt10727430,nm5012547
tt10727432,nm1756732
tt10727432,nm3097622
tt10727432,nm5012547
tt10727432,nm5975296
tt10727438,nm1756732
tt10727438,nm3097622
tt10727438,nm5012547
tt10727438,nm5975296
tt10727440,nm1756732
tt10727440,nm3097622
tt10727440,nm5012547
tt10727440,nm5975296
tt10727442,nm1756732
tt10727442,nm3097622
tt10727442,nm5012547
tt10727442,nm5975296
tt10727446,nm1756732
tt10727446,nm3097622
tt10727446,nm5012547
tt10727446,nm5975296
tt10727448,nm1756732
tt10727448,nm3097622
tt10727448,nm5012547
tt10727448,nm5975296
tt1072748,nm1294961
tt1072748,nm1294962
tt10727486,nm10278173
tt10727628,nm6864713
tt10727670,nm10278173
tt10727676,nm10877235
tt10728042,nm7846149
tt10728262,nm5884242
tt10728268,nm5798576
tt10728268,nm9710526
tt10728270,nm5798576
tt10728270,nm9710526
tt10728272,nm5798576
tt10728272,nm9710526
tt10728274,nm5798576
tt10728274,nm9710526
tt10728276,nm5798576
tt10728276,nm9710526
tt10728278,nm5798576
tt10728278,nm9710526
tt10728280,nm5798576
tt10728280,nm9710526
tt10728284,nm5798576
tt10728284,nm9710526
tt10728288,nm5798576
tt10728288,nm9710526
tt10728290,nm5798576
tt10728290,nm9710526
tt10728294,nm5798576
tt10728294,nm9710526
tt10728296,nm5798576
tt10728296,nm9710526
tt10728298,nm5798576
tt10728298,nm9710526
tt10728304,nm5798576
tt10728304,nm9710526
tt10728306,nm5798576
tt10728306,nm9710526
tt10728308,nm5798576
tt10728308,nm9710526
tt10728310,nm5798576
tt10728310,nm9710526
tt10728312,nm5798576
tt10728312,nm9710526
tt10728314,nm5798576
tt10728314,nm9710526
tt10728316,nm5798576
tt10728316,nm9710526
tt10728398,nm10877323
tt10728444,nm3629325
tt10728444,nm4852991
tt10728448,nm10564747
tt10728458,nm3629325
tt10728458,nm4852991
tt10728476,nm3615748
tt10728476,nm3629325
tt10728502,nm0201927
tt10728502,nm10831796
tt10728504,nm0201927
tt10728504,nm10831796
tt10728506,nm0201927
tt10728506,nm10831796
tt10728508,nm0201927
tt10728508,nm10831796
tt10728510,nm0201927
tt10728510,nm10831796
tt10728512,nm0201927
tt10728512,nm10831796
tt10728516,nm0201927
tt10728516,nm10831796
tt10728518,nm0201927
tt10728518,nm10831796
tt10728524,nm0201927
tt10728524,nm10831796
tt10728526,nm0201927
tt10728526,nm10831796
tt10728530,nm0201927
tt10728530,nm10831796
tt10728532,nm0201927
tt10728532,nm10831796
tt10728534,nm0201927
tt10728534,nm10831796
tt10728536,nm0201927
tt10728536,nm10831796
tt10728538,nm0201927
tt10728538,nm10831796
tt10728540,nm0201927
tt10728540,nm10831796
tt10728542,nm0201927
tt10728542,nm10831796
tt10728544,nm0201927
tt10728544,nm10831796
tt10728546,nm0201927
tt10728546,nm10831796
tt10728550,nm0201927
tt10728550,nm10831796
tt10728558,nm0201927
tt10728558,nm10831796
tt10728560,nm0201927
tt10728560,nm10831796
tt10728562,nm0201927
tt10728562,nm10831796
tt10728564,nm0201927
tt10728564,nm10831796
tt10728566,nm4541263
tt10728568,nm0201927
tt10728568,nm10831796
tt10728570,nm0201927
tt10728570,nm10831796
tt10728572,nm0201927
tt10728572,nm10831796
tt10728574,nm0201927
tt10728574,nm10831796
tt10728578,nm0201927
tt10728578,nm10831796
tt10728580,nm0201927
tt10728580,nm10831796
tt10728582,nm0201927
tt10728582,nm10831796
tt10728584,nm0201927
tt10728584,nm10831796
tt10728586,nm0201927
tt10728586,nm10831796
tt10728588,nm0201927
tt10728588,nm10831796
tt10728590,nm0201927
tt10728590,nm10831796
tt10728592,nm0201927
tt10728592,nm10831796
tt10728594,nm0201927
tt10728594,nm10831796
tt10728596,nm0201927
tt10728596,nm10831796
tt10728600,nm0201927
tt10728600,nm10831796
tt10728602,nm0201927
tt10728602,nm10831796
tt10728608,nm0201927
tt10728608,nm10831796
tt10728612,nm0201927
tt10728612,nm10831796
tt10728614,nm0201927
tt10728614,nm10831796
tt10728616,nm0201927
tt10728616,nm10831796
tt10728618,nm0201927
tt10728618,nm10831796
tt10728620,nm0201927
tt10728620,nm10831796
tt10728622,nm0201927
tt10728622,nm10831796
tt10728626,nm0201927
tt10728626,nm10831796
tt10728628,nm0201927
tt10728628,nm10831796
tt10728630,nm0201927
tt10728630,nm10831796
tt10728634,nm0201927
tt10728634,nm10831796
tt10728636,nm0201927
tt10728636,nm10831796
tt10728640,nm0201927
tt10728640,nm10831796
tt10728642,nm0201927
tt10728642,nm10831796
tt10728646,nm0201927
tt10728646,nm10831796
tt10728648,nm0201927
tt10728648,nm10831796
tt10728650,nm0201927
tt10728650,nm10831796
tt10728706,nm0201927
tt10728706,nm10831796
tt10728708,nm0201927
tt10728708,nm10831796
tt10728710,nm0201927
tt10728710,nm10831796
tt10728714,nm0201927
tt10728714,nm10831796
tt10728716,nm0201927
tt10728716,nm10831796
tt10728722,nm0201927
tt10728722,nm10831796
tt10728724,nm0201927
tt10728724,nm10831796
tt10728726,nm0201927
tt10728726,nm10831796
tt10728728,nm0201927
tt10728728,nm10831796
tt10728730,nm0201927
tt10728730,nm10831796
tt10728732,nm0201927
tt10728732,nm10831796
tt10728736,nm0201927
tt10728736,nm10831796
tt10728738,nm0201927
tt10728738,nm10831796
tt10728740,nm0201927
tt10728740,nm10831796
tt10728742,nm0201927
tt10728742,nm10831796
tt10728744,nm0201927
tt10728744,nm10831796
tt10728746,nm0201927
tt10728746,nm10831796
tt10728748,nm0201927
tt10728748,nm10831796
tt10728750,nm0201927
tt10728750,nm10831796
tt10728752,nm0201927
tt10728752,nm10831796
tt10728846,nm10611627
tt10728848,nm10611627
tt10728850,nm10611627
tt10728852,nm10611627
tt10728854,nm10611627
tt10728856,nm10611627
tt10728862,nm10611627
tt10728864,nm10611627
tt10728868,nm10611627
tt10728874,nm10611627
tt10728876,nm10611627
tt10728878,nm10611627
tt10728880,nm10611627
tt10728882,nm10611627
tt10728884,nm10611627
tt10728886,nm10611627
tt10728888,nm10611627
tt10728892,nm10611627
tt10728894,nm10611627
tt10728898,nm10611627
tt10728900,nm10611627
tt10728902,nm10611627
tt10728904,nm10611627
tt10728906,nm10611627
tt10728908,nm10611627
tt10728910,nm10611627
tt10728912,nm10611627
tt10728914,nm10611627
tt10728918,nm10611627
tt10728920,nm10611627
tt10728922,nm10611627
tt10728924,nm10611627
tt10728926,nm10611627
tt10728928,nm10611627
tt10728930,nm10611627
tt10728932,nm10611627
tt10728934,nm10611627
tt10728936,nm10611627
tt10728938,nm10611627
tt10728940,nm10877507
tt10728942,nm10611627
tt10728954,nm13047057
tt10728956,nm13047057
tt10728958,nm13047057
tt10728964,nm13047057
tt10728966,nm13047057
tt10728968,nm13047057
tt10728970,nm13047057
tt10728972,nm13047057
tt10728974,nm13047057
tt10728976,nm13047057
tt10728978,nm13047057
tt10728980,nm13047057
tt10728984,nm13047057
tt10728990,nm13047057
tt10728992,nm13047057
tt10728994,nm13047057
tt10728998,nm13047057
tt10729002,nm13047057
tt10729004,nm13047057
tt10729006,nm13047057
tt10729012,nm10865870
tt10729014,nm10865870
tt10729016,nm10865870
tt10729020,nm10865870
tt10729024,nm10865870
tt10729026,nm10865870
tt10729028,nm10865870
tt10729030,nm10865870
tt10729034,nm10865870
tt10729038,nm10865870
tt10729040,nm10865870
tt10729042,nm10865870
tt10729044,nm10865870
tt10729046,nm10865870
tt10729048,nm10865870
tt10729050,nm10865870
tt10729052,nm10865870
tt10729056,nm10865870
tt10729062,nm10865870
tt10729064,nm10865870
tt10729170,nm9777540
tt10729300,nm8586283
tt10729304,nm8586283
tt10729308,nm8586283
tt10729400,nm10877562
tt10729400,nm8012292
tt10729410,nm10727483
tt10729412,nm10727483
tt10729414,nm10727483
tt10729416,nm10727483
tt10729418,nm10727483
tt10729420,nm10727483
tt10729424,nm10727483
tt10729426,nm10727483
tt10729428,nm10727483
tt10729432,nm10727483
tt10729438,nm10727483
tt10729442,nm10727483
tt10729450,nm10727483
tt10729452,nm10727483
tt10729454,nm10727483
tt10729456,nm10727483
tt10729458,nm10727483
tt10729460,nm10727483
tt10729462,nm10727483
tt10729464,nm10727483
tt10729466,nm10727483
tt10729468,nm10727483
tt10729470,nm10727483
tt10729472,nm10727483
tt10729474,nm10727483
tt10729476,nm10727483
tt10729478,nm10727483
tt10729482,nm10727483
tt10729484,nm10727483
tt10729486,nm10727483
tt10729488,nm10727483
tt10729490,nm10727483
tt10729494,nm10727483
tt10729496,nm10727483
tt10729498,nm10727483
tt10729500,nm10727483
tt10729502,nm10727483
tt10729504,nm10727483
tt10729508,nm10727483
tt10729512,nm10727483
tt10729514,nm10727483
tt10729518,nm10727483
tt10729520,nm9777540
tt10729522,nm10727483
tt10729524,nm10727483
tt10729526,nm10727483
tt10729530,nm10727483
tt10729534,nm10727483
tt10729536,nm10727483
tt10729546,nm10727483
tt10729550,nm10727483
tt10729552,nm10727483
tt10729556,nm10727483
tt10729558,nm10727483
tt10729580,nm10875600
tt10729732,nm8181721
tt10729878,nm0890394
tt10729896,nm0890394
tt10729898,nm0890394
tt10729900,nm0890394
tt10729902,nm0890394
tt10729904,nm0890394
tt10729906,nm0890394
tt10729914,nm0890394
tt10729936,nm0890394
tt10729946,nm0890394
tt10729950,nm0890394
tt10729952,nm0890394
tt10729958,nm0890394
tt10729964,nm0890394
tt10730128,nm0120268
tt10730280,nm3629325
tt10730280,nm4852991
tt10730286,nm1537854
tt10730344,nm8424540
tt10730394,nm1166867
tt10730398,nm3679483
tt10730418,nm10877899
tt10730500,nm3679483
tt10730532,nm3679483
tt10730536,nm2770404
tt10730536,nm7730884
tt10730546,nm2566383
tt10730600,nm2566383
tt10730602,nm3679483
tt10730674,nm3679483
tt10730816,nm1537854
tt10730836,nm1803303
tt10730854,nm10109249
tt10730874,nm2770404
tt10730876,nm10878056
tt10731070,nm4844998
tt10731112,nm4844998
tt10731126,nm4844998
tt10731136,nm4844998
tt10731144,nm4844998
tt10731154,nm3089710
tt10731156,nm4844998
tt10731164,nm4844998
tt10731180,nm4844998
tt10731192,nm10278484
tt10731204,nm4844998
tt10731222,nm4844998
tt10731232,nm4844998
tt10731234,nm4844998
tt10731248,nm10278484
tt10731252,nm10278484
tt10731260,nm3008478
tt10731306,nm10278484
tt10731316,nm10278484
tt10731318,nm0003588
tt10731330,nm10278484
tt10731340,nm10278484
tt10731342,nm1546834
tt10731350,nm10878251
tt10731366,nm9141090
tt10731370,nm1971706
tt10731370,nm4250645
tt10731382,nm1971706
tt10731382,nm4250645
tt10731390,nm1971706
tt10731390,nm4250645
tt10731392,nm1971706
tt10731392,nm4250645
tt10731404,nm2546716
tt10731422,nm2096177
tt10731470,nm11248331
tt10731470,nm11447410
tt10731470,nm11500541
tt10731470,nm1548732
tt10731470,nm1553327
tt10731482,nm9953592
tt10731486,nm0170414
tt10731638,nm1445956
tt10731638,nm6958099
tt10731642,nm1445956
tt10731642,nm6958099
tt10731650,nm3441819
tt10731654,nm1556091
tt10731690,nm3441819
tt10731692,nm3441819
tt10731694,nm3441819
tt10731698,nm3441819
tt10731700,nm3441819
tt10731714,nm10878575
tt10731714,nm3562685
tt10731716,nm10878579
tt10731742,nm8713787
tt10731784,nm8706928
tt10731916,nm9624175
tt10731920,nm9624175
tt10731924,nm9624175
tt10731926,nm9624175
tt10731928,nm9624175
tt10731956,nm9227172
tt10732000,nm1730780
tt10732000,nm1988293
tt10732000,nm2297525
tt10732000,nm3869964
tt10732022,nm4593125
tt10732054,nm4593125
tt10732058,nm1659952
tt10732064,nm4593125
tt10732068,nm4593125
tt10732084,nm4593125
tt10732086,nm4593125
tt10732092,nm2279297
tt10732092,nm3869964
tt10732096,nm4593125
tt10732116,nm4593125
tt10732126,nm4593125
tt10732144,nm8293217
tt10732198,nm9624175
tt10732312,nm3674427
tt10732318,nm9624175
tt10732330,nm9624175
tt10732334,nm2562167
tt10732342,nm1224619
tt10732342,nm3674427
tt10732382,nm9624175
tt10732384,nm9624175
tt10732392,nm1224619
tt10732392,nm3674427
tt10732430,nm0603735
tt10732468,nm5665787
tt10732484,nm10122229
tt10732484,nm9393452
tt10732496,nm1659952
tt10732522,nm2279297
tt10732522,nm3869964
tt10732540,nm4340274
tt10732596,nm3674427
tt10732622,nm5430314
tt10732628,nm4541811
tt10732642,nm4541811
tt10732646,nm4541811
tt10732654,nm4541811
tt10732656,nm4541811
tt10732658,nm4541811
tt10732662,nm4541811
tt10732664,nm1224619
tt10732668,nm4541811
tt10732670,nm4541811
tt10732674,nm4541811
tt10732678,nm4541811
tt10732680,nm7465742
tt10732712,nm10181773
tt10732768,nm3674427
tt10732770,nm1144526
tt10732770,nm2855667
tt10732770,nm4204591
tt10732770,nm7704653
tt10732776,nm10879446
tt10732790,nm10488847
tt10732790,nm9661804
tt10732806,nm0890394
tt10732810,nm0890394
tt10732812,nm0890394
tt10732814,nm0890394
tt10732818,nm0890394
tt10732820,nm0890394
tt10732822,nm0890394
tt10732824,nm0890394
tt10732826,nm0890394
tt10732828,nm0890394
tt10732830,nm0890394
tt10732834,nm0890394
tt10732836,nm0890394
tt10732838,nm0890394
tt10732840,nm0890394
tt10732842,nm0890394
tt10732846,nm0890394
tt10732848,nm0890394
tt10732850,nm0890394
tt10732854,nm0890394
tt10732858,nm10727483
tt10732860,nm10727483
tt10732876,nm10727483
tt10732878,nm10727483
tt10732880,nm10727483
tt10732882,nm10727483
tt10732884,nm10727483
tt10732886,nm10727483
tt10732888,nm10727483
tt10732890,nm10727483
tt10732892,nm10727483
tt10732894,nm10727483
tt10732896,nm10727483
tt10732898,nm10727483
tt10732900,nm10727483
tt10732902,nm10727483
tt10732904,nm10727483
tt10732906,nm10727483
tt10732908,nm10727483
tt10732910,nm10727483
tt10732916,nm10727483
tt10732920,nm10727483
tt10732922,nm10727483
tt10732924,nm10727483
tt10732926,nm10727483
tt10732928,nm10727483
tt10732930,nm1224619
tt10732932,nm10727483
tt10732934,nm10727483
tt10732936,nm10727483
tt10732942,nm10727483
tt10732944,nm10727483
tt10732946,nm10727483
tt10732948,nm10727483
tt10732950,nm10727483
tt10732952,nm10727483
tt10732954,nm10727483
tt10732956,nm10727483
tt10732958,nm10727483
tt10732960,nm10727483
tt10732962,nm10727483
tt10732964,nm10727483
tt10732966,nm10727483
tt10732968,nm10727483
tt10732970,nm10727483
tt10732972,nm10727483
tt10732976,nm10727483
tt10732978,nm10727483
tt10732982,nm10727483
tt10732984,nm10727483
tt10732986,nm10727483
tt10732988,nm10727483
tt10732990,nm10727483
tt10732992,nm10727483
tt10732996,nm10727483
tt10732998,nm10727483
tt10733000,nm10727483
tt10733002,nm10727483
tt10733004,nm10727483
tt10733006,nm10727483
tt10733008,nm10727483
tt10733010,nm10727483
tt10733012,nm10727483
tt10733014,nm10727483
tt10733018,nm10727483
tt10733022,nm10727483
tt10733024,nm10727483
tt10733026,nm10727483
tt10733028,nm10727483
tt10733030,nm10727483
tt10733032,nm10727483
tt10733034,nm10727483
tt10733036,nm10727483
tt10733038,nm10727483
tt10733040,nm10727483
tt10733042,nm10727483
tt10733046,nm10727483
tt10733048,nm10727483
tt10733050,nm10727483
tt10733054,nm10727483
tt10733060,nm6183466
tt10733176,nm1581380
tt10733186,nm1618149
tt10733480,nm10879605
tt10733484,nm10865870
tt10733486,nm10865870
tt10733488,nm10865870
tt10733492,nm10865870
tt10733494,nm10865870
tt10733496,nm10865870
tt10733498,nm10865870
tt10733500,nm10865870
tt10733502,nm10865870
tt10733504,nm10865870
tt10733506,nm10865870
tt10733508,nm10865870
tt10733510,nm10865870
tt10733512,nm10865870
tt10733516,nm10865870
tt10733518,nm10865870
tt10733520,nm10865870
tt10733524,nm10865870
tt10733526,nm10865870
tt10733528,nm10865870
tt10733530,nm13047057
tt10733536,nm13047057
tt10733538,nm13047057
tt10733540,nm13047057
tt10733542,nm13047057
tt10733544,nm13047057
tt10733546,nm13047057
tt10733550,nm13047057
tt10733552,nm13047057
tt10733554,nm13047057
tt10733558,nm13047057
tt10733560,nm13047057
tt10733562,nm13047057
tt10733564,nm13047057
tt10733570,nm13047057
tt10733572,nm13047057
tt10733574,nm13047057
tt10733576,nm13047057
tt10733578,nm13047057
tt10733588,nm13047057
tt10733592,nm5636066
tt10733598,nm10611627
tt10733600,nm10611627
tt10733602,nm10611627
tt10733606,nm10611627
tt10733608,nm10611627
tt10733610,nm10611627
tt10733612,nm10611627
tt10733614,nm10611627
tt10733616,nm10611627
tt10733618,nm10611627
tt10733620,nm10611627
tt10733622,nm10611627
tt10733624,nm10611627
tt10733626,nm10611627
tt10733628,nm10611627
tt10733630,nm10611627
tt10733632,nm10611627
tt10733634,nm10611627
tt10733636,nm10611627
tt10733638,nm10611627
tt10733642,nm10611627
tt10733646,nm10611627
tt10733648,nm10611627
tt10733650,nm10611627
tt10733652,nm10611627
tt10733654,nm10611627
tt10733656,nm10611627
tt10733658,nm10611627
tt10733664,nm10611627
tt10733666,nm10611627
tt10733668,nm10611627
tt10733672,nm10611627
tt10733674,nm10611627
tt10733676,nm10611627
tt10733678,nm10611627
tt10733680,nm10611627
tt10733682,nm10611627
tt10733684,nm10611627
tt10733686,nm10611627
tt10733694,nm0201927
tt10733694,nm10831796
tt10733696,nm0201927
tt10733696,nm10831796
tt10733698,nm0201927
tt10733698,nm10831796
tt10733700,nm0201927
tt10733700,nm10831796
tt10733704,nm0201927
tt10733704,nm10831796
tt10733706,nm0201927
tt10733706,nm10831796
tt10733708,nm0201927
tt10733708,nm10831796
tt10733710,nm0201927
tt10733710,nm10831796
tt10733714,nm0201927
tt10733714,nm10831796
tt10733716,nm0201927
tt10733716,nm10831796
tt10733730,nm0201927
tt10733730,nm10831796
tt10733732,nm0201927
tt10733732,nm10831796
tt10733734,nm0201927
tt10733734,nm10831796
tt10733738,nm0201927
tt10733738,nm10831796
tt10733740,nm0201927
tt10733740,nm10831796
tt10733742,nm0201927
tt10733742,nm10831796
tt10733744,nm0201927
tt10733744,nm10831796
tt10733750,nm0201927
tt10733750,nm10831796
tt10733752,nm0201927
tt10733752,nm10831796
tt10733808,nm5798576
tt10733808,nm9710526
tt10733810,nm5798576
tt10733810,nm9710526
tt10733812,nm5798576
tt10733812,nm9710526
tt10733814,nm5798576
tt10733814,nm9710526
tt10733818,nm5798576
tt10733818,nm9710526
tt10733820,nm5798576
tt10733820,nm9710526
tt10733822,nm5798576
tt10733822,nm9710526
tt10733824,nm5798576
tt10733824,nm9710526
tt10733826,nm5798576
tt10733826,nm9710526
tt10733828,nm5798576
tt10733828,nm9710526
tt10733830,nm5798576
tt10733830,nm9710526
tt10733832,nm5798576
tt10733832,nm9710526
tt10733834,nm5798576
tt10733834,nm9710526
tt10733836,nm5798576
tt10733836,nm9710526
tt10733838,nm5798576
tt10733838,nm9710526
tt10733840,nm5798576
tt10733840,nm9710526
tt10733842,nm5798576
tt10733842,nm9710526
tt10733844,nm5798576
tt10733844,nm9710526
tt10733846,nm5798576
tt10733846,nm9710526
tt10733850,nm5798576
tt10733850,nm9710526
tt10734608,nm1756732
tt10734608,nm3097622
tt10734608,nm5012547
tt10734610,nm1756732
tt10734610,nm3097622
tt10734610,nm5012547
tt10734612,nm1756732
tt10734612,nm3097622
tt10734612,nm5012547
tt10734614,nm1756732
tt10734614,nm3097622
tt10734614,nm5012547
tt10734620,nm1756732
tt10734620,nm3097622
tt10734620,nm5012547
tt10734624,nm1756732
tt10734624,nm3097622
tt10734624,nm5012547
tt10734626,nm1756732
tt10734626,nm3097622
tt10734626,nm5012547
tt10734630,nm1756732
tt10734630,nm3097622
tt10734630,nm5012547
tt10734632,nm1756732
tt10734632,nm3097622
tt10734632,nm5012547
tt10734640,nm1756732
tt10734640,nm3097622
tt10734640,nm5012547
tt10734642,nm1756732
tt10734642,nm3097622
tt10734642,nm5012547
tt10734644,nm1756732
tt10734644,nm3097622
tt10734644,nm5012547
tt10734648,nm1756732
tt10734648,nm3097622
tt10734648,nm5012547
tt10734650,nm1756732
tt10734650,nm3097622
tt10734650,nm5012547
tt10734652,nm1756732
tt10734652,nm3097622
tt10734652,nm5012547
tt10734656,nm1756732
tt10734656,nm3097622
tt10734656,nm5012547
tt10734658,nm1756732
tt10734658,nm3097622
tt10734658,nm5012547
tt10734662,nm1756732
tt10734662,nm3097622
tt10734662,nm5012547
tt10734666,nm1756732
tt10734666,nm3097622
tt10734666,nm5012547
tt10734670,nm1756732
tt10734670,nm3097622
tt10734670,nm5012547
tt10734680,nm1756732
tt10734680,nm3097622
tt10734680,nm5012547
tt10734682,nm1756732
tt10734682,nm3097622
tt10734682,nm5012547
tt10734684,nm1756732
tt10734684,nm3097622
tt10734684,nm5012547
tt10734686,nm1756732
tt10734686,nm3097622
tt10734686,nm5012547
tt10734692,nm1756732
tt10734692,nm3097622
tt10734692,nm5012547
tt10734696,nm1756732
tt10734696,nm3097622
tt10734696,nm5012547
tt10734698,nm1756732
tt10734698,nm3097622
tt10734698,nm5012547
tt10734700,nm1756732
tt10734700,nm3097622
tt10734700,nm5012547
tt10734702,nm1756732
tt10734702,nm3097622
tt10734702,nm5012547
tt10734706,nm1756732
tt10734706,nm3097622
tt10734706,nm5012547
tt10734710,nm1756732
tt10734710,nm3097622
tt10734710,nm5012547
tt10734716,nm1756732
tt10734716,nm3097622
tt10734716,nm5012547
tt10734718,nm1756732
tt10734718,nm3097622
tt10734718,nm5012547
tt10734720,nm1756732
tt10734720,nm3097622
tt10734720,nm5012547
tt10734724,nm1756732
tt10734724,nm3097622
tt10734724,nm5012547
tt10734726,nm1756732
tt10734726,nm3097622
tt10734726,nm5012547
tt10734728,nm1756732
tt10734728,nm3097622
tt10734728,nm5012547
tt10734730,nm1756732
tt10734730,nm3097622
tt10734730,nm5012547
tt10734732,nm1756732
tt10734732,nm3097622
tt10734732,nm5012547
tt10734734,nm1756732
tt10734734,nm3097622
tt10734734,nm5012547
tt10734782,nm10519111
tt10734784,nm10519111
tt10734788,nm10519111
tt10734790,nm10519111
tt10734792,nm10519111
tt10734794,nm10519111
tt10734796,nm10519111
tt10734798,nm10519111
tt10734800,nm10519111
tt10734802,nm10519111
tt10734804,nm10519111
tt10734806,nm10519111
tt10734808,nm10519111
tt10734810,nm10519111
tt10734812,nm10519111
tt10734814,nm10519111
tt10734816,nm10519111
tt10734818,nm10519111
tt10734820,nm10519111
tt10734822,nm10519111
tt10734824,nm0538192
tt10734826,nm3615748
tt10734826,nm3629325
tt10734828,nm3615748
tt10734828,nm3629325
tt10734830,nm0110654
tt10734832,nm3615748
tt10734832,nm3629325
tt10734840,nm3615748
tt10734840,nm3629325
tt10734846,nm3615748
tt10734846,nm3629325
tt10734856,nm9489782
tt10735084,nm4195982
tt10735118,nm0230964
tt10735172,nm9489782
tt10735188,nm8172400
tt10735196,nm10879919
tt10735210,nm4032058
tt10735250,nm5253573
tt10735262,nm10879991
tt10735268,nm7326229
tt10735300,nm8248911
tt10735318,nm3615748
tt10735318,nm7770329
tt10735318,nm8172400
tt10735328,nm3615748
tt10735328,nm3629325
tt10735330,nm8248911
tt10735332,nm3615748
tt10735332,nm3629325
tt10735332,nm7770329
tt10735332,nm8172400
tt10735334,nm3615748
tt10735334,nm3629325
tt10735336,nm3615748
tt10735336,nm3629325
tt10735366,nm3679483
tt10735376,nm3679483
tt10735394,nm10880102
tt10735396,nm10875612
tt10735396,nm8440652
tt10735398,nm3615748
tt10735398,nm3629325
tt10735404,nm3615748
tt10735404,nm3629325
tt10735414,nm3679483
tt10735460,nm3615748
tt10735460,nm3629325
tt10735464,nm3615748
tt10735464,nm3629325
tt10735466,nm1487328
tt10735470,nm3615748
tt10735470,nm3629325
tt10735476,nm3679483
tt10735480,nm1487328
tt10735492,nm1487328
tt10735496,nm3679483
tt10735498,nm1487328
tt10735502,nm3629325
tt10735502,nm4852991
tt10735504,nm1487328
tt10735558,nm3679483
tt10735578,nm3679483
tt10735602,nm8440652
tt10735608,nm7064636
tt10735634,nm1487328
tt10735670,nm1487328
tt10735682,nm1487328
tt10735692,nm1487328
tt10735696,nm8440652
tt10735698,nm5626939
tt10735704,nm10781041
tt10735776,nm8440652
tt10735782,nm5937893
tt10735828,nm2127314
tt10735828,nm3629325
tt10735828,nm4852991
tt10735836,nm1519242
tt10735836,nm4648476
tt10735840,nm3615748
tt10735840,nm3629325
tt10735842,nm8440652
tt10735848,nm1544829
tt10735850,nm1487328
tt10735862,nm1487328
tt10735894,nm3629325
tt10735894,nm4852991
tt10735898,nm3615748
tt10735898,nm3629325
tt10735902,nm8440652
tt10735916,nm1544829
tt10735928,nm3615748
tt10735928,nm3629325
tt10735932,nm3629325
tt10735932,nm4852991
tt10735944,nm8440652
tt10736006,nm10894554
tt10736006,nm8762119
tt10736016,nm8440652
tt10736020,nm3615748
tt10736020,nm3629325
tt10736026,nm3615748
tt10736026,nm3629325
tt10736066,nm10539365
tt10736066,nm10796607
tt10736066,nm10888507
tt10736066,nm10888589
tt10736066,nm10888590
tt10736066,nm10888654
tt10736066,nm10888660
tt10736066,nm10888667
tt10736066,nm1769365
tt10736066,nm2977108
tt10736066,nm4660892
tt10736066,nm6159021
tt10736066,nm6968167
tt10736066,nm7313314
tt10736066,nm7526601
tt10736066,nm7688379
tt10736066,nm8609118
tt10736066,nm9773999
tt10736072,nm2108511
tt10736078,nm10875612
tt10736088,nm8440652
tt10736102,nm10880455
tt10736106,nm3629325
tt10736106,nm4852991
tt10736110,nm3615748
tt10736110,nm3629325
tt10736112,nm2566383
tt10736116,nm3615748
tt10736116,nm3629325
tt10736118,nm2566383
tt10736122,nm2566383
tt10736188,nm7688379
tt10736188,nm8609118
tt10736190,nm4562492
tt10736196,nm6968167
tt10736202,nm4971690
tt10736208,nm2977108
tt10736210,nm1769365
tt10736214,nm10888507
tt10736220,nm10888589
tt10736224,nm10888590
tt10736226,nm10539365
tt10736228,nm6159021
tt10736232,nm10796607
tt10736234,nm7526601
tt10736240,nm10888654
tt10736248,nm10888660
tt10736252,nm10888667
tt10736276,nm1217311
tt10736294,nm1217311
tt10736300,nm1217311
tt10736302,nm1217311
tt10736308,nm1217311
tt10736316,nm1217311
tt10736324,nm1217311
tt10736326,nm1217311
tt10736332,nm1217311
tt10736334,nm1217311
tt10736340,nm7496687
tt10736340,nm8999850
tt10736354,nm7496687
tt10736354,nm8999850
tt10736358,nm7496687
tt10736358,nm8999850
tt10736366,nm7496687
tt10736366,nm8999850
tt10736372,nm1544829
tt10736376,nm10645684
tt10736384,nm7496687
tt10736384,nm8999850
tt10736388,nm7496687
tt10736388,nm8999850
tt10736394,nm7496687
tt10736394,nm8999850
tt10736400,nm7496687
tt10736400,nm8999850
tt10736404,nm1487328
tt10736406,nm7496687
tt10736406,nm8999850
tt10736410,nm7496687
tt10736410,nm8999850
tt10736416,nm1487328
tt10736422,nm1487328
tt10736426,nm10879991
tt10736432,nm1487328
tt10736442,nm1487328
tt10736446,nm10877684
tt10736464,nm1487328
tt10736478,nm1487328
tt10736506,nm1843517
tt10736524,nm2837934
tt10736556,nm2259264
tt10736556,nm2321233
tt10736558,nm2259264
tt10736558,nm2321233
tt10736562,nm2259264
tt10736562,nm2321233
tt10736566,nm2259264
tt10736566,nm2321233
tt10736644,nm10880722
tt10736716,nm8810489
tt10736894,nm10880746
tt10736934,nm10519111
tt10736938,nm10519111
tt10737042,nm1756732
tt10737042,nm3097622
tt10737042,nm5012547
tt10737044,nm1756732
tt10737044,nm3097622
tt10737044,nm5012547
tt10737046,nm1756732
tt10737046,nm3097622
tt10737046,nm5012547
tt10737048,nm1756732
tt10737048,nm3097622
tt10737048,nm5012547
tt10737052,nm1756732
tt10737052,nm3097622
tt10737052,nm5012547
tt10737054,nm1756732
tt10737054,nm3097622
tt10737054,nm5012547
tt10737056,nm1756732
tt10737056,nm3097622
tt10737056,nm5012547
tt10737058,nm1756732
tt10737058,nm3097622
tt10737058,nm5012547
tt10737062,nm1756732
tt10737062,nm3097622
tt10737062,nm5012547
tt10737064,nm1756732
tt10737064,nm3097622
tt10737064,nm5012547
tt10737066,nm1756732
tt10737066,nm3097622
tt10737066,nm5012547
tt10737070,nm1756732
tt10737070,nm3097622
tt10737070,nm5012547
tt10737072,nm1756732
tt10737072,nm3097622
tt10737072,nm5012547
tt10737074,nm1756732
tt10737074,nm3097622
tt10737074,nm5012547
tt10737078,nm1756732
tt10737078,nm3097622
tt10737078,nm5012547
tt10737080,nm1756732
tt10737080,nm3097622
tt10737080,nm5012547
tt10737082,nm1756732
tt10737082,nm3097622
tt10737082,nm5012547
tt10737086,nm1756732
tt10737086,nm3097622
tt10737086,nm5012547
tt10737088,nm1756732
tt10737088,nm3097622
tt10737088,nm5012547
tt10737090,nm1756732
tt10737090,nm3097622
tt10737090,nm5012547
tt10737100,nm1756732
tt10737100,nm3097622
tt10737100,nm5012547
tt10737102,nm1756732
tt10737102,nm3097622
tt10737102,nm5012547
tt10737104,nm1756732
tt10737104,nm3097622
tt10737104,nm5012547
tt10737106,nm1756732
tt10737106,nm3097622
tt10737106,nm5012547
tt10737110,nm1756732
tt10737110,nm3097622
tt10737110,nm5012547
tt10737112,nm1756732
tt10737112,nm3097622
tt10737112,nm5012547
tt10737114,nm1756732
tt10737114,nm3097622
tt10737114,nm5012547
tt10737116,nm1756732
tt10737116,nm3097622
tt10737116,nm5012547
tt10737118,nm1756732
tt10737118,nm3097622
tt10737118,nm5012547
tt10737122,nm1756732
tt10737122,nm3097622
tt10737122,nm5012547
tt10737124,nm1756732
tt10737124,nm3097622
tt10737124,nm5012547
tt10737126,nm1756732
tt10737126,nm3097622
tt10737126,nm5012547
tt10737128,nm1756732
tt10737128,nm3097622
tt10737128,nm5012547
tt10737130,nm1756732
tt10737130,nm3097622
tt10737130,nm5012547
tt10737132,nm1756732
tt10737132,nm3097622
tt10737132,nm5012547
tt10737136,nm1756732
tt10737136,nm3097622
tt10737136,nm5012547
tt10737138,nm1756732
tt10737138,nm3097622
tt10737138,nm5012547
tt10737140,nm1756732
tt10737140,nm3097622
tt10737140,nm5012547
tt10737142,nm1756732
tt10737142,nm3097622
tt10737142,nm5012547
tt10737144,nm1756732
tt10737144,nm3097622
tt10737144,nm5012547
tt10737150,nm1254540
tt10737216,nm4735619
tt10737382,nm3615748
tt10737382,nm3629325
tt10737436,nm3615748
tt10737436,nm3629325
tt10737446,nm4098578
tt10737454,nm3615748
tt10737454,nm3629325
tt10737476,nm3615748
tt10737476,nm3629325
tt10737512,nm3615748
tt10737512,nm3629325
tt10737546,nm3615748
tt10737546,nm3629325
tt10737608,nm8707194
tt10737762,nm9324186
tt10737798,nm5798576
tt10737798,nm9710526
tt10737800,nm5798576
tt10737800,nm9710526
tt10737802,nm5798576
tt10737802,nm9710526
tt10737804,nm5798576
tt10737804,nm9710526
tt10737806,nm5798576
tt10737806,nm9710526
tt10737808,nm5798576
tt10737808,nm9710526
tt10737810,nm5798576
tt10737810,nm9710526
tt10737812,nm5798576
tt10737812,nm9710526
tt10737814,nm5798576
tt10737814,nm9710526
tt10737818,nm5798576
tt10737818,nm9710526
tt10737820,nm5798576
tt10737820,nm9710526
tt10737824,nm5798576
tt10737824,nm9710526
tt10737828,nm5798576
tt10737828,nm9710526
tt10737830,nm5798576
tt10737830,nm9710526
tt10737832,nm5798576
tt10737832,nm9710526
tt10737834,nm5798576
tt10737834,nm9710526
tt10737836,nm5798576
tt10737836,nm9710526
tt10737838,nm5798576
tt10737838,nm9710526
tt10737840,nm5798576
tt10737840,nm9710526
tt10737842,nm5798576
tt10737842,nm9710526
tt10737856,nm8707194
tt10737902,nm8707194
tt10737910,nm0058937
tt10737912,nm0058937
tt10737914,nm0463715
tt10737916,nm0463715
tt10737920,nm0058937
tt10737924,nm0058937
tt10737928,nm0058937
tt10737932,nm0058937
tt10737984,nm8601891
tt10737988,nm8707194
tt10738002,nm3729345
tt10738058,nm10219734
tt10738150,nm9078036
tt10738152,nm9078036
tt10738154,nm7496687
tt10738154,nm8999850
tt10738156,nm9078036
tt10738158,nm9078036
tt10738160,nm9078036
tt10738162,nm9078036
tt10738164,nm9078036
tt10738166,nm9078036
tt10738168,nm10862255
tt10738168,nm5088957
tt10738170,nm10862255
tt10738170,nm5088957
tt10738174,nm10862255
tt10738174,nm5088957
tt10738176,nm5088957
tt10738176,nm9078036
tt10738178,nm9078036
tt10738180,nm9078036
tt10738182,nm9078036
tt10738184,nm9078036
tt10738186,nm9078036
tt10738188,nm9078036
tt10738192,nm9078036
tt10738194,nm9078036
tt10738196,nm9078036
tt10738198,nm9078036
tt10738200,nm9078036
tt10738204,nm9078036
tt10738206,nm9078036
tt10738208,nm9078036
tt10738210,nm9078036
tt10738216,nm9078036
tt10738218,nm9078036
tt10738220,nm9078036
tt10738222,nm9078036
tt10738226,nm9078036
tt10738228,nm9078036
tt10738232,nm9078036
tt10738236,nm9078036
tt10738238,nm9078036
tt10738240,nm9078036
tt10738242,nm9078036
tt10738244,nm9078036
tt10738246,nm9078036
tt10738264,nm9078036
tt10738266,nm9078036
tt10738268,nm9078036
tt10738274,nm9078036
tt10738276,nm9078036
tt10738278,nm9078036
tt10738280,nm9078036
tt10738284,nm9078036
tt10738286,nm9078036
tt10738288,nm9078036
tt10738290,nm9078036
tt10738292,nm9078036
tt10738296,nm9078036
tt10738298,nm9078036
tt10738300,nm9078036
tt10738302,nm9078036
tt10738304,nm9078036
tt10738306,nm9078036
tt10738308,nm9078036
tt10738310,nm9078036
tt10738312,nm9078036
tt10738314,nm9078036
tt10738318,nm9078036
tt10738320,nm9078036
tt10738322,nm9078036
tt10738328,nm9078036
tt10738330,nm9078036
tt10738332,nm9078036
tt10738336,nm9078036
tt10738338,nm9078036
tt10738340,nm6283957
tt10738344,nm9078036
tt10738346,nm9078036
tt10738348,nm9078036
tt10738352,nm9078036
tt10738356,nm9078036
tt10738360,nm9078036
tt10738362,nm9078036
tt10738364,nm9078036
tt10738366,nm9078036
tt10738368,nm9078036
tt10738370,nm9078036
tt10738372,nm9078036
tt10738374,nm9078036
tt10738376,nm9078036
tt10738378,nm9078036
tt10738384,nm9078036
tt10738386,nm9078036
tt10738390,nm9078036
tt10738392,nm9078036
tt10738394,nm9078036
tt10738398,nm9078036
tt10738400,nm9078036
tt10738402,nm9078036
tt10738404,nm9078036
tt10738406,nm9580009
tt10738408,nm9078036
tt10738410,nm9078036
tt10738412,nm9078036
tt10738414,nm9078036
tt10738416,nm9078036
tt10738418,nm9078036
tt10738422,nm9580009
tt10738454,nm1224619
tt10738484,nm5461554
tt10738504,nm3674427
tt10738522,nm1429806
tt10738522,nm4950598
tt10738652,nm7538817
tt10738672,nm2099902
tt10738714,nm5692210
tt10738724,nm8139705
tt10738740,nm10126915
tt10738740,nm1895090
tt10738756,nm9302074
tt10738760,nm1429806
tt10738760,nm4950598
tt10738814,nm4177377
tt10738834,nm0894354
tt10738848,nm4751632
tt10738876,nm2279297
tt10738876,nm3869964
tt10738880,nm7520838
tt10738886,nm5533794
tt10738934,nm2279297
tt10738934,nm3869964
tt10738936,nm2599582
tt10738980,nm1144526
tt10738980,nm7704653
tt10738982,nm1144526
tt10738982,nm7704653
tt10738984,nm1144526
tt10738984,nm7704653
tt10738992,nm10858337
tt10738998,nm10881773
tt10739008,nm8849609
tt10739102,nm1769477
tt10739144,nm0467011
tt10739144,nm0594813
tt10739144,nm1077251
tt10739144,nm1414010
tt10739144,nm1507308
tt10739144,nm1571492
tt10739154,nm10858337
tt10739188,nm8689321
tt10739192,nm10881953
tt10739218,nm10611627
tt10739220,nm10611627
tt10739222,nm10611627
tt10739224,nm10611627
tt10739230,nm10611627
tt10739234,nm10611627
tt10739236,nm10611627
tt10739238,nm10611627
tt10739240,nm10611627
tt10739244,nm10611627
tt10739246,nm10611627
tt10739250,nm10611627
tt10739252,nm10611627
tt10739254,nm10611627
tt10739258,nm10611627
tt10739260,nm10611627
tt10739262,nm10611627
tt10739266,nm10611627
tt10739268,nm10611627
tt10739270,nm10611627
tt10739288,nm10879991
tt10739298,nm13047057
tt10739300,nm13047057
tt10739308,nm13047057
tt10739310,nm13047057
tt10739312,nm13047057
tt10739314,nm13047057
tt10739316,nm13047057
tt10739318,nm13047057
tt10739322,nm13047057
tt10739328,nm10865870
tt10739330,nm10865870
tt10739332,nm10865870
tt10739334,nm10865870
tt10739336,nm10865870
tt10739340,nm10865870
tt10739342,nm10865870
tt10739344,nm10865870
tt10739346,nm10865870
tt10739348,nm10865870
tt10739500,nm3410532
tt10739500,nm4145071
tt10739620,nm10727483
tt10739622,nm10727483
tt10739624,nm10727483
tt10739626,nm10727483
tt10739628,nm10727483
tt10739630,nm10727483
tt10739632,nm10727483
tt10739634,nm10727483
tt10739636,nm10727483
tt10739638,nm10727483
tt10739640,nm10727483
tt10739642,nm10727483
tt10739644,nm10727483
tt10739646,nm10727483
tt10739648,nm10727483
tt10739650,nm10727483
tt10739652,nm10727483
tt10739654,nm10727483
tt10739656,nm10727483
tt10739658,nm10727483
tt10739660,nm10727483
tt10739662,nm10727483
tt10739664,nm10727483
tt10739670,nm10727483
tt10739674,nm10727483
tt10739676,nm10727483
tt10739678,nm10727483
tt10739680,nm10727483
tt10739682,nm10727483
tt10739684,nm10727483
tt10739686,nm10727483
tt10739688,nm10727483
tt10739690,nm10727483
tt10739692,nm10727483
tt10739694,nm10727483
tt10739696,nm10727483
tt10739698,nm10727483
tt10739700,nm10727483
tt10739702,nm10727483
tt10739704,nm10727483
tt10739706,nm10727483
tt10739708,nm10727483
tt10739710,nm10727483
tt10739712,nm10727483
tt10739714,nm10727483
tt10739716,nm10727483
tt10739718,nm10727483
tt10739720,nm10727483
tt10739724,nm10727483
tt10739726,nm10727483
tt10739728,nm10727483
tt10739730,nm10727483
tt10739732,nm10727483
tt10739734,nm10727483
tt10739736,nm10727483
tt10739738,nm10727483
tt10739740,nm10727483
tt10739742,nm10727483
tt10739746,nm10727483
tt10739748,nm10727483
tt10739750,nm10727483
tt10739752,nm10727483
tt10739754,nm10727483
tt10739756,nm10727483
tt10739758,nm10727483
tt10739760,nm10727483
tt10739762,nm10727483
tt10739768,nm10727483
tt10739770,nm10727483
tt10739774,nm10727483
tt10739776,nm10727483
tt10739778,nm10727483
tt10739780,nm10727483
tt10739782,nm10727483
tt10739784,nm10727483
tt10739786,nm10727483
tt10739792,nm10727483
tt10739794,nm10727483
tt10739796,nm10727483
tt10739798,nm10727483
tt10739800,nm0890394
tt10739802,nm0890394
tt10739804,nm0890394
tt10739806,nm0890394
tt10739808,nm0890394
tt10739810,nm0890394
tt10739812,nm0890394
tt10739814,nm0890394
tt10739816,nm0890394
tt10739818,nm0890394
tt10739820,nm0890394
tt10739822,nm0890394
tt10739824,nm0890394
tt10739826,nm0890394
tt10739828,nm0890394
tt10739830,nm0890394
tt10739832,nm0890394
tt10739834,nm0890394
tt10739836,nm0890394
tt10739840,nm0890394
tt10739842,nm10727483
tt10739846,nm10727483
tt10739848,nm10727483
tt10739850,nm10727483
tt10739852,nm10727483
tt10739854,nm10727483
tt10739856,nm10727483
tt10739860,nm10727483
tt10739862,nm10727483
tt10739864,nm10727483
tt10739866,nm10727483
tt10739870,nm10727483
tt10739872,nm10727483
tt10739874,nm10727483
tt10739876,nm10727483
tt10739878,nm10727483
tt10739882,nm10727483
tt10739884,nm10727483
tt10739886,nm10727483
tt10739888,nm10727483
tt10739890,nm10727483
tt10739894,nm10727483
tt10739896,nm10727483
tt10739898,nm10727483
tt10739900,nm10727483
tt10739902,nm10727483
tt10739904,nm10727483
tt10739906,nm10727483
tt10739910,nm10727483
tt10739912,nm10727483
tt10739914,nm10727483
tt10739916,nm10727483
tt10739918,nm10727483
tt10739922,nm10727483
tt10739924,nm10727483
tt10739928,nm10727483
tt10739930,nm10727483
tt10739932,nm10727483
tt10739934,nm10727483
tt10739938,nm10727483
tt10739940,nm10727483
tt10739942,nm10727483
tt10739944,nm10727483
tt10739946,nm10727483
tt10739952,nm10727483
tt10739984,nm4306236
tt10740016,nm3615748
tt10740016,nm3629325
tt10740038,nm3615748
tt10740038,nm3629325
tt10740044,nm10882094
tt10740050,nm3615748
tt10740050,nm3629325
tt10740054,nm3615748
tt10740054,nm3629325
tt10740060,nm3615748
tt10740060,nm3629325
tt10740062,nm3615748
tt10740062,nm3629325
tt10740064,nm4755998
tt10740070,nm3615748
tt10740070,nm3629325
tt10740074,nm1126979
tt10740074,nm8408311
tt10740074,nm8706928
tt10740084,nm7407819
tt10740112,nm5747492
tt10740132,nm10034125
tt10740132,nm10882195
tt10740140,nm9887292
tt10740142,nm0517457
tt10740170,nm2326926
tt10740170,nm3820321
tt10740178,nm10858337
tt10740190,nm3615748
tt10740190,nm3629325
tt10740196,nm3615748
tt10740196,nm3629325
tt10740204,nm3615748
tt10740204,nm3629325
tt10740210,nm3615748
tt10740210,nm3629325
tt10740220,nm10370718
tt10740362,nm7531134
tt10740400,nm7531134
tt10740424,nm7531134
tt10740482,nm10343809
tt10740548,nm10882394
tt10740548,nm2326926
tt10740576,nm3285630
tt10740590,nm2326926
tt10740700,nm5937893
tt10740712,nm8597390
tt10740756,nm5533794
tt10740768,nm10278484
tt10740774,nm0760512
tt10740784,nm6363342
tt10740806,nm10278484
tt10740828,nm3615748
tt10740828,nm3629325
tt10740838,nm10278484
tt10740902,nm2770404
tt10740902,nm7730884
tt10740918,nm10278484
tt10740940,nm10278484
tt10740954,nm6361469
tt10741024,nm2770404
tt10741024,nm8175696
tt10741050,nm2566383
tt10741070,nm2566383
tt10741342,nm4376261
tt10741342,nm9433924
tt10741348,nm10870368
tt10741366,nm10870368
tt10741402,nm10278484
tt10741418,nm10278484
tt10741420,nm7691086
tt10741426,nm5847392
tt10741430,nm6476799
tt10741490,nm10882915
tt10741520,nm10863862
tt10741546,nm10818957
tt10741546,nm10877121
tt10741546,nm7291547
tt10741566,nm4309696
tt10741568,nm10190564
tt10741570,nm7644980
tt10741578,nm10877121
tt10741578,nm7291547
tt10741606,nm1858039
tt10741616,nm3277715
tt10741704,nm8707194
tt10741706,nm7892451
tt10741722,nm10190564
tt10741768,nm8707194
tt10741890,nm6476799
tt10741894,nm6476799
tt10741896,nm6476799
tt10741902,nm6476799
tt10741904,nm6476799
tt10741912,nm6476799
tt10741916,nm6476799
tt10741922,nm6476799
tt10741924,nm10883272
tt10741926,nm6476799
tt10741930,nm6476799
tt10741932,nm6476799
tt10742158,nm3821208
tt10742160,nm3821208
tt10742174,nm3821208
tt10742186,nm3821208
tt10742190,nm3821208
tt10742194,nm3821208
tt10742208,nm7384337
tt10742216,nm10883591
tt10742220,nm2422596
tt10742292,nm4606406
tt10742336,nm2422596
tt10742358,nm2422596
tt10742428,nm2422596
tt10742484,nm2807458
tt10742778,nm0606760
tt10742784,nm10776766
tt10742800,nm11546235
tt10742800,nm5061808
tt10742900,nm6930621
tt10742924,nm10884018
tt10742958,nm10114940
tt10743090,nm3273813
tt10743156,nm10732162
tt10743238,nm10727483
tt10743240,nm10727483
tt10743242,nm10727483
tt10743244,nm10727483
tt10743246,nm10727483
tt10743248,nm10727483
tt10743250,nm10727483
tt10743254,nm10727483
tt10743256,nm10727483
tt10743258,nm10727483
tt10743260,nm10727483
tt10743262,nm10727483
tt10743264,nm10727483
tt10743266,nm10727483
tt10743268,nm10727483
tt10743270,nm10727483
tt10743272,nm10727483
tt10743274,nm10727483
tt10743276,nm10727483
tt10743278,nm10727483
tt10743284,nm10727483
tt10743286,nm10727483
tt10743288,nm10727483
tt10743290,nm10727483
tt10743292,nm10727483
tt10743294,nm10727483
tt10743296,nm10727483
tt10743298,nm10727483
tt10743300,nm10727483
tt10743302,nm10727483
tt10743304,nm10727483
tt10743306,nm10727483
tt10743308,nm10727483
tt10743310,nm10727483
tt10743312,nm10727483
tt10743314,nm10727483
tt10743316,nm10727483
tt10743318,nm10727483
tt10743320,nm10727483
tt10743324,nm10727483
tt10743326,nm10732161
tt10743332,nm10727483
tt10743338,nm10727483
tt10743358,nm10727483
tt10743360,nm10727483
tt10743362,nm10727483
tt10743364,nm10727483
tt10743366,nm10727483
tt10743368,nm10727483
tt10743370,nm10727483
tt10743372,nm10727483
tt10743374,nm10727483
tt10743376,nm10727483
tt10743378,nm10727483
tt10743380,nm10727483
tt10743382,nm10727483
tt10743384,nm10727483
tt10743388,nm10727483
tt10743390,nm10727483
tt10743392,nm10727483
tt10743394,nm10727483
tt10743398,nm10727483
tt10743400,nm10727483
tt10743402,nm10727483
tt10743404,nm10727483
tt10743406,nm10727483
tt10743408,nm10727483
tt10743410,nm10727483
tt10743412,nm10727483
tt10743414,nm10727483
tt10743418,nm10727483
tt10743420,nm10727483
tt10743422,nm10727483
tt10743424,nm10727483
tt10743426,nm10727483
tt10743428,nm10727483
tt10743430,nm10727483
tt10743432,nm10870368
tt10743436,nm10727483
tt10743438,nm10727483
tt10743440,nm10727483
tt10743442,nm10727483
tt10743458,nm10278484
tt10743506,nm7067676
tt10743526,nm10884219
tt10743554,nm10278484
tt10743558,nm10278484
tt10743560,nm0865462
tt10743560,nm1597579
tt10743562,nm10727483
tt10743564,nm10727483
tt10743566,nm10727483
tt10743568,nm10727483
tt10743570,nm10727483
tt10743572,nm10727483
tt10743574,nm10727483
tt10743576,nm10727483
tt10743578,nm10727483
tt10743580,nm10727483
tt10743582,nm10727483
tt10743584,nm10727483
tt10743588,nm10727483
tt10743590,nm10727483
tt10743592,nm10727483
tt10743594,nm10727483
tt10743596,nm10727483
tt10743598,nm10727483
tt10743600,nm10727483
tt10743602,nm10727483
tt10743604,nm10727483
tt10743606,nm10727483
tt10743614,nm10727483
tt10743616,nm10727483
tt10743618,nm10727483
tt10743620,nm10727483
tt10743624,nm10727483
tt10743626,nm10727483
tt10743628,nm10727483
tt10743630,nm10727483
tt10743632,nm10727483
tt10743634,nm10727483
tt10743636,nm10727483
tt10743638,nm10727483
tt10743640,nm10727483
tt10743642,nm10727483
tt10743644,nm10727483
tt10743646,nm10727483
tt10743648,nm10727483
tt10743650,nm10278484
tt10743652,nm10727483
tt10743654,nm6371691
tt10743656,nm10727483
tt10743658,nm10727483
tt10743660,nm10727483
tt10743662,nm10727483
tt10743666,nm10727483
tt10743668,nm10727483
tt10743672,nm10727483
tt10743674,nm10727483
tt10743676,nm10727483
tt10743678,nm10727483
tt10743684,nm10727483
tt10743686,nm10727483
tt10743690,nm10727483
tt10743692,nm10727483
tt10743694,nm10727483
tt10743696,nm10727483
tt10743698,nm10727483
tt10743700,nm10727483
tt10743704,nm10727483
tt10743706,nm10727483
tt10743708,nm10727483
tt10743710,nm10727483
tt10743712,nm10727483
tt10743714,nm10727483
tt10743716,nm10727483
tt10743718,nm10727483
tt10743720,nm10727483
tt10743722,nm10727483
tt10743724,nm10727483
tt10743726,nm10727483
tt10743728,nm10727483
tt10743730,nm10727483
tt10743732,nm10727483
tt10743734,nm10727483
tt10743738,nm10727483
tt10743740,nm10727483
tt10743742,nm10727483
tt10743744,nm10727483
tt10743746,nm10727483
tt10743748,nm10727483
tt10743752,nm10727483
tt10743968,nm10278484
tt10744034,nm10865870
tt10744036,nm10865870
tt10744038,nm10865870
tt10744040,nm10865870
tt10744042,nm10865870
tt10744044,nm10865870
tt10744046,nm10865870
tt10744048,nm10865870
tt10744050,nm10865870
tt10744052,nm10865870
tt10744056,nm13047057
tt10744058,nm13047057
tt10744062,nm13047057
tt10744064,nm13047057
tt10744066,nm13047057
tt10744068,nm13047057
tt10744070,nm13047057
tt10744072,nm13047057
tt10744074,nm13047057
tt10744076,nm13047057
tt10744078,nm13047057
tt10744084,nm10611627
tt10744086,nm10611627
tt10744088,nm10611627
tt10744090,nm10611627
tt10744092,nm10611627
tt10744094,nm10611627
tt10744098,nm10611627
tt10744100,nm10611627
tt10744102,nm10611627
tt10744104,nm10611627
tt10744108,nm10611627
tt10744110,nm10611627
tt10744112,nm10611627
tt10744114,nm10611627
tt10744116,nm10611627
tt10744118,nm10611627
tt10744120,nm10611627
tt10744122,nm10611627
tt10744124,nm10611627
tt10744126,nm10611627
tt10744128,nm10611627
tt10744134,nm5798576
tt10744134,nm9710526
tt10744136,nm5798576
tt10744136,nm9710526
tt10744138,nm5798576
tt10744138,nm9710526
tt10744140,nm5798576
tt10744140,nm9710526
tt10744144,nm5798576
tt10744144,nm9710526
tt10744146,nm5798576
tt10744146,nm9710526
tt10744148,nm5798576
tt10744148,nm9710526
tt10744150,nm5798576
tt10744150,nm9710526
tt10744152,nm5798576
tt10744152,nm9710526
tt10744154,nm5798576
tt10744154,nm9710526
tt10744158,nm5798576
tt10744158,nm9710526
tt10744160,nm5798576
tt10744160,nm9710526
tt10744162,nm5798576
tt10744162,nm9710526
tt10744164,nm5798576
tt10744164,nm9710526
tt10744166,nm5798576
tt10744166,nm9710526
tt10744168,nm5798576
tt10744168,nm9710526
tt10744170,nm5798576
tt10744170,nm9710526
tt10744172,nm5798576
tt10744172,nm9710526
tt10744174,nm5798576
tt10744174,nm9710526
tt10744176,nm5798576
tt10744176,nm9710526
tt10744510,nm1756732
tt10744510,nm3097622
tt10744510,nm5012547
tt10744512,nm1756732
tt10744512,nm3097622
tt10744512,nm5012547
tt10744514,nm1756732
tt10744514,nm3097622
tt10744514,nm5012547
tt10744516,nm1756732
tt10744516,nm3097622
tt10744516,nm5012547
tt10744518,nm1756732
tt10744518,nm3097622
tt10744518,nm5012547
tt10744520,nm1756732
tt10744520,nm3097622
tt10744520,nm5012547
tt10744522,nm1756732
tt10744522,nm3097622
tt10744522,nm5012547
tt10744524,nm1756732
tt10744524,nm3097622
tt10744524,nm5012547
tt10744526,nm1756732
tt10744526,nm3097622
tt10744526,nm5012547
tt10744528,nm1756732
tt10744528,nm3097622
tt10744528,nm5012547
tt10744530,nm1756732
tt10744530,nm3097622
tt10744530,nm5012547
tt10744532,nm1756732
tt10744532,nm3097622
tt10744532,nm5012547
tt10744534,nm1756732
tt10744534,nm3097622
tt10744534,nm5012547
tt10744536,nm1756732
tt10744536,nm3097622
tt10744536,nm5012547
tt10744538,nm1756732
tt10744538,nm3097622
tt10744538,nm5012547
tt10744540,nm1756732
tt10744540,nm3097622
tt10744540,nm5012547
tt10744542,nm1756732
tt10744542,nm3097622
tt10744542,nm5012547
tt10744544,nm1756732
tt10744544,nm3097622
tt10744544,nm5012547
tt10744546,nm1756732
tt10744546,nm3097622
tt10744546,nm5012547
tt10744548,nm1756732
tt10744548,nm3097622
tt10744548,nm5012547
tt10744550,nm1756732
tt10744550,nm3097622
tt10744550,nm5012547
tt10744552,nm1756732
tt10744552,nm3097622
tt10744552,nm5012547
tt10744554,nm1756732
tt10744554,nm3097622
tt10744554,nm5012547
tt10744558,nm1756732
tt10744558,nm3097622
tt10744558,nm5012547
tt10744560,nm1756732
tt10744560,nm3097622
tt10744560,nm5012547
tt10744562,nm1756732
tt10744562,nm3097622
tt10744562,nm5012547
tt10744564,nm1756732
tt10744564,nm3097622
tt10744564,nm5012547
tt10744566,nm1756732
tt10744566,nm3097622
tt10744566,nm5012547
tt10744570,nm1756732
tt10744570,nm3097622
tt10744570,nm5012547
tt10744572,nm1756732
tt10744572,nm3097622
tt10744572,nm5012547
tt10744574,nm1756732
tt10744574,nm3097622
tt10744574,nm5012547
tt10744578,nm1756732
tt10744578,nm3097622
tt10744578,nm5012547
tt10744580,nm1756732
tt10744580,nm3097622
tt10744580,nm5012547
tt10744582,nm1756732
tt10744582,nm3097622
tt10744582,nm5012547
tt10744584,nm1756732
tt10744584,nm3097622
tt10744584,nm5012547
tt10744588,nm1756732
tt10744588,nm3097622
tt10744588,nm5012547
tt10744590,nm1756732
tt10744590,nm3097622
tt10744590,nm5012547
tt10744592,nm1756732
tt10744592,nm3097622
tt10744592,nm5012547
tt10744594,nm1756732
tt10744594,nm3097622
tt10744594,nm5012547
tt10744596,nm1756732
tt10744596,nm3097622
tt10744596,nm5012547
tt10744724,nm0865462
tt10744724,nm1597579
tt10744816,nm0865462
tt10744816,nm1597579
tt10745004,nm4547520
tt10745250,nm10190564
tt10745422,nm10190564
tt10745508,nm10278484
tt10745584,nm0944832
tt10745644,nm9120175
tt10745722,nm10278484
tt10745732,nm10884888
tt10745752,nm2348678
tt10745754,nm10278484
tt10745758,nm2348678
tt10745766,nm0177248
tt10745770,nm0177248
tt10745772,nm0177248
tt10745774,nm8385564
tt10745778,nm0177248
tt10745782,nm0177248
tt10745784,nm0177248
tt10745794,nm0177248
tt10745802,nm0177248
tt10745804,nm10278484
tt10745804,nm10870368
tt10745806,nm0177248
tt10745808,nm2348678
tt10745810,nm2348678
tt10745816,nm8007787
tt10745818,nm5487224
tt10745822,nm5425534
tt10745824,nm9824039
tt10745828,nm4518474
tt10745904,nm10278484
tt10745918,nm10879991
tt10746120,nm8883281
tt10746228,nm10848900
tt10746244,nm6450169
tt10746246,nm3340030
tt10746266,nm3340030
tt10746302,nm10848900
tt10746304,nm10848900
tt10746308,nm10848900
tt10746310,nm10848900
tt10746312,nm10848900
tt10746314,nm10848900
tt10746316,nm10848900
tt10746320,nm10848900
tt10746322,nm10848900
tt10746324,nm10848900
tt10746330,nm10848900
tt10746332,nm10848900
tt10746334,nm10848900
tt10746338,nm10848900
tt10746340,nm10848900
tt10746412,nm3340030
tt10746416,nm3340030
tt10746420,nm3340030
tt10746428,nm3340030
tt10746432,nm3340030
tt10746456,nm4727658
tt10746464,nm9769225
tt10746490,nm10884888
tt10746492,nm9769225
tt10746506,nm2890814
tt10746512,nm8925872
tt10746520,nm2890814
tt10746526,nm10473592
tt10746538,nm8925872
tt10746554,nm10885472
tt10746556,nm10473592
tt10746654,nm10885516
tt10746674,nm10885544
tt10746728,nm10885569
tt10746760,nm8748194
tt10746768,nm8748194
tt10746770,nm8748194
tt10746780,nm8748194
tt10746788,nm4577326
tt10746788,nm8748194
tt10746796,nm8748194
tt10746802,nm8748194
tt10746976,nm10885679
tt10747004,nm10473592
tt10747018,nm8978258
tt10747050,nm10885792
tt10747058,nm1231581
tt10747062,nm2655736
tt10747136,nm10885856
tt10747272,nm10885878
tt10747298,nm3614597
tt10747298,nm5528406
tt10747302,nm1580043
tt10747308,nm10885915
tt10747432,nm3340030
tt10747440,nm3340030
tt10747458,nm3340030
tt10747462,nm3340030
tt10747464,nm3340030
tt10747474,nm1377581
tt10747478,nm3340030
tt10747490,nm3340030
tt10747504,nm3340030
tt10747514,nm1377581
tt10747520,nm3340030
tt10747530,nm1377581
tt10747532,nm3340030
tt10747544,nm3340030
tt10747560,nm3340030
tt10747562,nm1377581
tt10747570,nm3340030
tt10747576,nm3340030
tt10747584,nm3340030
tt10747596,nm3340030
tt10747600,nm3340030
tt10747622,nm3340030
tt10747694,nm3340030
tt10747726,nm3340030
tt10747730,nm3340030
tt10747738,nm1377581
tt10747752,nm3340030
tt10747832,nm3340030
tt10747866,nm3340030
tt10747896,nm3340030
tt10747940,nm3340030
tt10748092,nm10886194
tt10748192,nm1756732
tt10748192,nm3097622
tt10748192,nm5012547
tt10748194,nm1756732
tt10748194,nm3097622
tt10748194,nm5012547
tt10748196,nm1756732
tt10748196,nm3097622
tt10748196,nm5012547
tt10748200,nm1756732
tt10748200,nm3097622
tt10748200,nm5012547
tt10748202,nm1756732
tt10748202,nm3097622
tt10748202,nm5012547
tt10748204,nm1756732
tt10748204,nm3097622
tt10748204,nm5012547
tt10748206,nm1756732
tt10748206,nm3097622
tt10748206,nm5012547
tt10748208,nm1756732
tt10748208,nm3097622
tt10748208,nm5012547
tt10748210,nm1756732
tt10748210,nm3097622
tt10748210,nm5012547
tt10748212,nm1756732
tt10748212,nm3097622
tt10748212,nm5012547
tt10748214,nm1756732
tt10748214,nm3097622
tt10748214,nm5012547
tt10748216,nm1756732
tt10748216,nm3097622
tt10748216,nm5012547
tt10748218,nm1756732
tt10748218,nm3097622
tt10748218,nm5012547
tt10748220,nm1756732
tt10748220,nm3097622
tt10748220,nm5012547
tt10748222,nm1756732
tt10748222,nm3097622
tt10748222,nm5012547
tt10748224,nm1756732
tt10748224,nm3097622
tt10748224,nm5012547
tt10748226,nm1756732
tt10748226,nm3097622
tt10748226,nm5012547
tt10748228,nm1756732
tt10748228,nm3097622
tt10748228,nm5012547
tt10748230,nm1756732
tt10748230,nm3097622
tt10748230,nm5012547
tt10748232,nm1756732
tt10748232,nm3097622
tt10748232,nm5012547
tt10748234,nm1756732
tt10748234,nm3097622
tt10748234,nm5012547
tt10748236,nm1756732
tt10748236,nm3097622
tt10748236,nm5012547
tt10748238,nm1756732
tt10748238,nm3097622
tt10748238,nm5012547
tt10748240,nm1756732
tt10748240,nm3097622
tt10748240,nm5012547
tt10748242,nm1756732
tt10748242,nm3097622
tt10748242,nm5012547
tt10748244,nm1756732
tt10748244,nm3097622
tt10748244,nm5012547
tt10748246,nm1756732
tt10748246,nm3097622
tt10748246,nm5012547
tt10748248,nm1756732
tt10748248,nm3097622
tt10748248,nm5012547
tt10748250,nm1756732
tt10748250,nm3097622
tt10748250,nm5012547
tt10748252,nm1756732
tt10748252,nm3097622
tt10748252,nm5012547
tt10748256,nm1756732
tt10748256,nm3097622
tt10748256,nm5012547
tt10748258,nm1756732
tt10748258,nm3097622
tt10748258,nm5012547
tt10748260,nm1756732
tt10748260,nm3097622
tt10748260,nm5012547
tt10748262,nm1756732
tt10748262,nm3097622
tt10748262,nm5012547
tt10748264,nm1756732
tt10748264,nm3097622
tt10748264,nm5012547
tt10748266,nm1756732
tt10748266,nm3097622
tt10748266,nm5012547
tt10748268,nm1756732
tt10748268,nm3097622
tt10748268,nm5012547
tt10748270,nm1756732
tt10748270,nm3097622
tt10748270,nm5012547
tt10748272,nm1756732
tt10748272,nm3097622
tt10748272,nm5012547
tt10748274,nm1756732
tt10748274,nm3097622
tt10748274,nm5012547
tt10748472,nm5798576
tt10748472,nm9710526
tt10748474,nm5798576
tt10748474,nm9710526
tt10748476,nm5798576
tt10748476,nm9710526
tt10748478,nm5798576
tt10748478,nm9710526
tt10748480,nm5798576
tt10748480,nm9710526
tt10748482,nm5798576
tt10748482,nm9710526
tt10748484,nm5798576
tt10748484,nm9710526
tt10748486,nm5798576
tt10748486,nm9710526
tt10748488,nm5798576
tt10748488,nm9710526
tt10748490,nm5798576
tt10748490,nm9710526
tt10748492,nm5798576
tt10748492,nm9710526
tt10748494,nm5798576
tt10748494,nm9710526
tt10748496,nm5798576
tt10748496,nm9710526
tt10748498,nm5798576
tt10748498,nm9710526
tt10748500,nm5798576
tt10748500,nm9710526
tt10748502,nm5798576
tt10748502,nm9710526
tt10748504,nm5798576
tt10748504,nm9710526
tt10748506,nm5798576
tt10748506,nm9710526
tt10748508,nm5798576
tt10748508,nm9710526
tt10748510,nm5798576
tt10748510,nm9710526
tt10748512,nm5798576
tt10748512,nm9710526
tt10748514,nm5798576
tt10748514,nm9710526
tt10748518,nm5798576
tt10748518,nm9710526
tt10748854,nm10727483
tt10748856,nm10727483
tt10748860,nm10727483
tt10748864,nm10727483
tt10748866,nm10727483
tt10748868,nm10727483
tt10748870,nm10727483
tt10748872,nm10727483
tt10748874,nm10727483
tt10748878,nm10727483
tt10748880,nm10727483
tt10748882,nm10727483
tt10748884,nm10727483
tt10748886,nm10727483
tt10748888,nm10727483
tt10748890,nm10727483
tt10748892,nm10727483
tt10748894,nm10727483
tt10748900,nm10727483
tt10748902,nm10727483
tt10748916,nm10727483
tt10748918,nm10727483
tt10748922,nm10727483
tt10748924,nm10727483
tt10748926,nm10727483
tt10748930,nm10727483
tt10748932,nm10727483
tt10748934,nm10727483
tt10748936,nm10727483
tt10748938,nm10727483
tt10748942,nm10727483
tt10748944,nm10727483
tt10748946,nm10727483
tt10748948,nm10727483
tt10748950,nm10727483
tt10748960,nm10727483
tt10748970,nm10727483
tt10748972,nm10727483
tt10748978,nm10727483
tt10748980,nm10727483
tt10748984,nm10727483
tt10748988,nm10727483
tt10748990,nm10727483
tt10748992,nm10727483
tt10748996,nm10727483
tt10748998,nm10727483
tt10749002,nm10727483
tt10749004,nm10727483
tt10749006,nm10727483
tt10749008,nm10727483
tt10749010,nm10727483
tt10749012,nm10727483
tt10749014,nm10727483
tt10749018,nm10727483
tt10749020,nm10727483
tt10749022,nm10727483
tt10749024,nm10727483
tt10749026,nm10727483
tt10749028,nm10727483
tt10749036,nm10727483
tt10749040,nm10727483
tt10749042,nm10727483
tt10749044,nm10727483
tt10749046,nm10727483
tt10749048,nm10727483
tt10749054,nm10727483
tt10749056,nm10727483
tt10749060,nm10727483
tt10749062,nm10727483
tt10749064,nm10727483
tt10749066,nm10727483
tt10749070,nm10727483
tt10749072,nm10727483
tt10749074,nm10727483
tt10749076,nm10727483
tt10749078,nm10727483
tt10749080,nm10727483
tt10749084,nm10727483
tt10749086,nm10727483
tt10749114,nm10727483
tt10749116,nm10727483
tt10749118,nm10727483
tt10749120,nm10727483
tt10749122,nm10727483
tt10749124,nm10727483
tt10749126,nm10727483
tt10749128,nm10727483
tt10749130,nm10727483
tt10749132,nm10727483
tt10749134,nm10727483
tt10749136,nm10727483
tt10749138,nm10727483
tt10749140,nm10727483
tt10749142,nm10727483
tt10749144,nm10727483
tt10749146,nm10727483
tt10749148,nm10727483
tt10749150,nm10727483
tt10749152,nm10727483
tt10749154,nm10727483
tt10749156,nm10727483
tt10749158,nm10727483
tt10749160,nm10727483
tt10749162,nm10727483
tt10749164,nm10727483
tt10749166,nm10727483
tt10749168,nm10727483
tt10749170,nm10727483
tt10749172,nm10727483
tt10749174,nm10727483
tt10749176,nm10727483
tt10749178,nm10727483
tt10749180,nm10727483
tt10749182,nm10727483
tt10749184,nm10727483
tt10749186,nm10727483
tt10749188,nm10727483
tt10749190,nm10727483
tt10749194,nm10727483
tt10749196,nm10727483
tt10749198,nm10727483
tt10749200,nm10727483
tt10749202,nm10727483
tt10749204,nm10727483
tt10749206,nm10727483
tt10749208,nm10727483
tt10749210,nm10727483
tt10749212,nm10727483
tt10749214,nm10727483
tt10749216,nm10727483
tt10749218,nm10727483
tt10749220,nm10727483
tt10749222,nm10727483
tt10749224,nm10727483
tt10749226,nm10727483
tt10749228,nm10727483
tt10749230,nm10727483
tt10749232,nm10727483
tt10749234,nm10727483
tt10749236,nm10727483
tt10749238,nm10727483
tt10749240,nm10727483
tt10749244,nm10727483
tt10749246,nm10727483
tt10749248,nm10727483
tt10749250,nm10727483
tt10749252,nm10727483
tt10749254,nm10727483
tt10749256,nm10727483
tt10749258,nm10727483
tt10749260,nm10727483
tt10749262,nm10727483
tt10749264,nm10727483
tt10749266,nm10727483
tt10749268,nm10727483
tt10749270,nm10727483
tt10749272,nm10727483
tt10749274,nm10727483
tt10749276,nm10727483
tt10749370,nm8707256
tt10749466,nm3137290
tt10749466,nm8752776
tt10749468,nm3137290
tt10749468,nm8752776
tt10749470,nm3137290
tt10749470,nm8752776
tt10749472,nm3137290
tt10749472,nm8752776
tt10749474,nm3137290
tt10749474,nm8752776
tt10749476,nm3137290
tt10749476,nm8752776
tt10749478,nm3137290
tt10749478,nm8752776
tt10749482,nm3137290
tt10749482,nm8752776
tt10749484,nm3137290
tt10749484,nm8752776
tt10749486,nm3137290
tt10749486,nm8752776
tt10749488,nm3137290
tt10749488,nm8752776
tt10749490,nm3137290
tt10749490,nm8752776
tt10749492,nm3137290
tt10749492,nm8752776
tt10749494,nm3137290
tt10749494,nm8752776
tt10749496,nm3137290
tt10749496,nm8752776
tt10749498,nm3137290
tt10749498,nm8752776
tt10749500,nm3137290
tt10749500,nm8752776
tt10749502,nm3137290
tt10749502,nm8752776
tt10749506,nm3137290
tt10749506,nm8752776
tt10749508,nm3137290
tt10749508,nm8752776
tt10749510,nm3137290
tt10749510,nm8752776
tt10749512,nm3137290
tt10749512,nm8752776
tt10749514,nm3137290
tt10749514,nm8752776
tt10749516,nm3137290
tt10749516,nm8752776
tt10749518,nm3137290
tt10749518,nm8752776
tt10749520,nm3137290
tt10749520,nm8752776
tt10749522,nm3137290
tt10749522,nm8752776
tt10749526,nm3137290
tt10749526,nm8752776
tt10749528,nm3137290
tt10749528,nm8752776
tt10749530,nm3137290
tt10749530,nm8752776
tt10749532,nm3137290
tt10749532,nm8752776
tt10749534,nm3137290
tt10749534,nm8752776
tt10749536,nm3137290
tt10749536,nm8752776
tt10749538,nm3137290
tt10749538,nm8752776
tt10749540,nm3137290
tt10749540,nm8752776
tt10749542,nm3137290
tt10749542,nm8752776
tt10749544,nm3137290
tt10749544,nm8752776
tt10749546,nm3137290
tt10749546,nm8752776
tt10749548,nm3137290
tt10749548,nm8752776
tt10749592,nm1126979
tt10749592,nm8408311
tt10749592,nm8706928
tt10749594,nm1126979
tt10749594,nm8408311
tt10749594,nm8706928
tt10749596,nm1126979
tt10749596,nm8408311
tt10749596,nm8706928
tt10749598,nm1126979
tt10749598,nm8408311
tt10749598,nm8706928
tt10749602,nm1126979
tt10749602,nm8408311
tt10749602,nm8706928
tt10749604,nm1126979
tt10749604,nm8408311
tt10749604,nm8706928
tt10749606,nm1126979
tt10749606,nm8408311
tt10749606,nm8706928
tt10749610,nm1126979
tt10749610,nm8408311
tt10749610,nm8706928
tt10749614,nm1126979
tt10749614,nm8408311
tt10749614,nm8706928
tt10749616,nm1126979
tt10749616,nm8408311
tt10749616,nm8706928
tt10749618,nm1126979
tt10749618,nm8408311
tt10749618,nm8706928
tt10749620,nm1126979
tt10749620,nm8408311
tt10749620,nm8706928
tt10749622,nm1126979
tt10749622,nm8408311
tt10749622,nm8706928
tt10749624,nm1126979
tt10749624,nm8408311
tt10749624,nm8706928
tt10749626,nm1126979
tt10749626,nm8408311
tt10749626,nm8706928
tt10749628,nm1126979
tt10749628,nm8408311
tt10749628,nm8706928
tt10749632,nm1126979
tt10749632,nm8408311
tt10749632,nm8706928
tt10749634,nm1126979
tt10749634,nm8408311
tt10749634,nm8706928
tt10749658,nm0008009
tt10749662,nm10886507
tt10749674,nm7363679
tt10749680,nm10886529
tt10749688,nm6307282
tt10749696,nm10886529
tt10749698,nm6307282
tt10749702,nm6307282
tt10749704,nm0008009
tt10749706,nm6307282
tt10749708,nm6307282
tt10749712,nm6735731
tt10749714,nm6307282
tt10749716,nm6307282
tt10749718,nm6307282
tt10749720,nm6307282
tt10749724,nm6307282
tt10749728,nm6307282
tt10749730,nm6307282
tt10749732,nm6307282
tt10749734,nm6307282
tt10749736,nm6307282
tt10749738,nm6307282
tt10749740,nm6307282
tt10749742,nm6307282
tt10749744,nm6307282
tt10749746,nm6307282
tt10749748,nm6307282
tt10749794,nm0008009
tt10749854,nm10886603
tt10749878,nm10886529
tt10749886,nm4140444
tt10749938,nm5902089
tt10750060,nm0583788
tt10750238,nm10870368
